ID,WEIGHT,STATUS,FINALDEST,FOOTINGS,LEASE,REGION,PIERS,SECURED,TITLED,SECTIONS,SQFT,BEDROOMS,LOCATION,SHIPMONTH,WGTADJ,CONTROL,PRICE
ID_0,-0.7104388836180978,0.6222147155635368,-0.3810087211999231,-0.6061199692561582,-0.15105779189909693,-0.7048561921996358,-0.6725966413608725,-0.3891001339845127,-0.62655831935096,0.5849202654881185,-0.3199421691922022,0.060974101464652264,-0.8928692886374687,-0.16301884487491597,-0.08306837165262702,-0.16242444397438338,71000.0
ID_1,-0.8083661423352263,0.6222147155635368,-0.3810087211999231,-1.2697412108678772,-0.8917670441167587,-1.6291593628116114,-0.9354688951975273,-0.9122171603862802,-0.3308319140486392,0.5849202654881185,1.1875610551385527,0.060974101464652264,-0.31596357808214603,0.4116284137445462,0.5291531075969093,0.4142181858887656,9.0
ID_2,2.753683507825741,0.6222147155635368,-0.3810087211999231,-0.6061199692561582,-0.15105779189909693,0.21944697841233984,-0.6725966413608725,-0.6506586471853965,-0.62655831935096,-1.5114339660212976,-0.5083800722335465,0.060974101464652264,-0.31596357808214603,0.9862756723640083,-2.2290322025637495,0.9818400013947489,89000.0
ID_3,-0.7094420423927561,-1.2105851160545795,-0.3810087211999231,0.05750127235556074,-0.15105779189909693,-0.7048561921996358,-0.6725966413608725,-0.6506586471853965,-0.62655831935096,0.5849202654881185,-0.3199421691922022,0.060974101464652264,-0.8928692886374687,0.6989520430542773,-0.2903308516068944,0.698086551058045,120000.0
ID_4,0.7381696835664046,0.6222147155635368,-0.3810087211999231,-0.2743093484502987,-0.15105779189909693,0.21944697841233984,-0.6725966413608725,-0.6506586471853965,-0.62655831935096,0.5849202654881185,0.24537153993183092,0.060974101464652264,-0.31596357808214603,0.4116284137445462,0.5291531075969093,0.41275302177342976,100000.0
ID_5,-0.6543238822644718,-1.2105851160545795,-0.3810087211999231,-0.9379305900620176,-0.15105779189909693,1.1437501490243154,-0.9354688951975273,-0.9122171603862802,-0.62655831935096,0.5849202654881185,0.6222473460145197,0.060974101464652264,-0.8928692886374687,-1.5996369914235713,0.3856636983977981,-1.5971073999695904,260000.0
ID_6,0.631562746555693,-1.2105851160545795,0.2782647963819663,1.3847437555789985,-0.15105779189909693,0.21944697841233984,1.4303813893323656,1.4418094584216736,1.443526517765285,0.5849202654881185,0.9991231520972084,0.060974101464652264,1.414753553583822,-0.450342474184647,-0.47686708356573715,-0.4463502665599504,170000.0
ID_7,-0.603887020708234,0.6222147155635368,0.2782647963819663,1.3847437555789985,-0.15105779189909693,1.1437501490243154,1.4303813893323656,1.4418094584216736,1.443526517765285,0.5849202654881185,0.24537153993183092,0.060974101464652264,1.414753553583822,-0.16301884487491597,-0.08306837165262702,-0.15958030186814326,120000.0
ID_8,0.832186681123353,0.6222147155635368,-0.3810087211999231,-0.6061199692561582,-0.15105779189909693,0.21944697841233984,-0.6725966413608725,-0.6506586471853965,-0.3308319140486392,0.5849202654881185,-0.3199421691922022,0.060974101464652264,-0.8928692886374687,-0.16301884487491597,-0.08306837165262702,-0.16457909708517135,110000.0
ID_9,-0.06619306672296948,-1.2105851160545795,-0.3810087211999231,-0.6061199692561582,-0.15105779189909693,1.1437501490243154,-0.6725966413608725,-0.6506586471853965,-0.62655831935096,-1.5114339660212976,-0.696817975274891,0.060974101464652264,-0.8928692886374687,-0.450342474184647,1.559088200292738,-0.45597438378813665,78000.0
ID_10,-0.7094420423927561,0.6222147155635368,-0.3810087211999231,-0.6061199692561582,-0.15105779189909693,-0.7048561921996358,-0.6725966413608725,-0.6506586471853965,-0.9222847246532806,0.5849202654881185,0.6222473460145197,0.060974101464652264,-0.8928692886374687,0.6989520430542773,-0.2903308516068944,0.6978567213928942,71000.0
ID_11,-0.7389782826773273,0.6222147155635368,-0.3810087211999231,-1.2697412108678772,-0.15105779189909693,-0.7048561921996358,-0.9354688951975273,-0.9122171603862802,-0.3308319140486392,0.5849202654881185,0.056933636890486534,0.060974101464652264,-0.31596357808214603,-0.7376661034943781,0.3617487968646123,-0.7345853953670933,120000.0
ID_12,0.631562746555693,0.6222147155635368,0.2782647963819663,1.3847437555789985,-0.15105779189909693,0.21944697841233984,1.4303813893323656,1.4418094584216736,1.443526517765285,0.5849202654881185,0.43380944297317525,0.060974101464652264,1.414753553583822,-0.450342474184647,-0.47686708356573715,-0.4452585756504845,120000.0
ID_13,0.4740122662609459,-1.2105851160545795,0.2782647963819663,1.3847437555789985,-0.15105779189909693,0.21944697841233984,1.4303813893323656,1.4418094584216736,1.443526517765285,0.5849202654881185,1.752874764262586,0.060974101464652264,1.414753553583822,-1.3123133621138403,-0.020889627666346104,-1.3085275266647214,160000.0
ID_14,-0.3341836414474214,0.6222147155635368,-0.3810087211999231,-0.6061199692561582,-0.8917670441167587,-0.7048561921996358,-0.6725966413608725,-0.6506586471853965,-0.9222847246532806,-1.5114339660212976,-1.0736937813575798,-1.3767310278071516,-0.8928692886374687,1.2735993016737392,-0.7128274453598268,1.2684663225458368,9.0
ID_15,-0.7472393978044682,-1.2105851160545795,0.2782647963819663,1.3847437555789985,-0.15105779189909693,-0.7048561921996358,1.4303813893323656,1.4418094584216736,1.443526517765285,0.5849202654881185,0.056933636890486534,0.060974101464652264,1.414753553583822,-1.5996369914235713,0.3856636983977981,-1.5956709645623985,110000.0
ID_16,-0.7679747967735919,0.6222147155635368,-0.3810087211999231,-1.2697412108678772,-0.15105779189909693,-1.6291593628116114,-0.9354688951975273,-0.9122171603862802,-0.9222847246532806,0.5849202654881185,-0.3199421691922022,-1.3767310278071516,-0.8928692886374687,-0.16301884487491597,-0.08306837165262702,-0.16044216311245846,110000.0
ID_17,-0.8879812625205259,0.6222147155635368,-0.3810087211999231,-1.2697412108678772,-0.15105779189909693,-1.6291593628116114,-0.9354688951975273,-0.9122171603862802,-0.62655831935096,0.5849202654881185,-0.3199421691922022,-1.3767310278071516,-0.31596357808214603,0.1243047844348151,-1.1560502871081872,0.1260405144979103,120000.0
ID_18,0.4625183014140505,0.6222147155635368,-0.3810087211999231,-0.2743093484502987,-0.15105779189909693,0.21944697841233984,-0.6725966413608725,-0.6506586471853965,-0.62655831935096,0.5849202654881185,1.375998958179897,0.060974101464652264,-0.31596357808214603,0.1243047844348151,-1.1560502871081872,0.12233451114735498,120000.0
ID_19,-0.8707816208258186,-1.2105851160545795,-0.3810087211999231,-1.2697412108678772,-0.15105779189909693,-1.6291593628116114,-0.9354688951975273,-0.9122171603862802,-0.62655831935096,0.5849202654881185,0.24537153993183092,0.060974101464652264,-0.31596357808214603,1.2735993016737392,0.22623102150989877,1.2757921431225159,130000.0
ID_20,0.9328951819332859,0.6222147155635368,-0.3810087211999231,-0.9379305900620176,-0.15105779189909693,0.21944697841233984,-0.9354688951975273,-0.9122171603862802,-0.62655831935096,0.5849202654881185,0.810685249055864,0.060974101464652264,-0.31596357808214603,-1.024989732804109,-0.06871943073271414,-1.0233089122126815,130000.0
ID_21,-0.7104388836180978,0.6222147155635368,-0.3810087211999231,-0.6061199692561582,-0.15105779189909693,-0.7048561921996358,-0.6725966413608725,-0.6506586471853965,-0.62655831935096,0.5849202654881185,0.6222473460145197,0.060974101464652264,-0.8928692886374687,-0.16301884487491597,-0.08306837165262702,-0.16311393296983553,140000.0
ID_22,-0.4528462991336738,-1.2105851160545795,0.2782647963819663,1.3847437555789985,-0.15105779189909693,-0.7048561921996358,1.4303813893323656,1.4418094584216736,1.443526517765285,-1.5114339660212976,-0.5083800722335465,0.060974101464652264,1.414753553583822,0.1243047844348151,5.06660709182652,0.1206107886587246,91000.0
ID_23,-0.7104388836180978,0.6222147155635368,-0.3810087211999231,-0.6061199692561582,-0.15105779189909693,-0.7048561921996358,-0.6725966413608725,-0.6506586471853965,-0.62655831935096,0.5849202654881185,0.6222473460145197,0.060974101464652264,-0.31596357808214603,-0.16301884487491597,-0.08306837165262702,-0.1630852042616917,130000.0
ID_24,0.631562746555693,0.6222147155635368,-0.3810087211999231,-0.6061199692561582,-0.15105779189909693,0.21944697841233984,-0.6725966413608725,-0.6506586471853965,-0.62655831935096,0.5849202654881185,1.9413126673039303,0.060974101464652264,-0.31596357808214603,-0.450342474184647,-0.47686708356573715,-0.4491369512499028,180000.0
ID_25,-0.5951963275944817,0.6222147155635368,0.2782647963819663,1.3847437555789985,-0.15105779189909693,1.1437501490243154,1.4303813893323656,1.4418094584216736,1.443526517765285,0.5849202654881185,0.6222473460145197,0.060974101464652264,1.414753553583822,0.9862756723640083,0.9341121068921712,0.9910331880007776,260000.0
ID_26,-0.7252097574654258,-1.2105851160545795,-0.3810087211999231,-0.6061199692561582,-0.8917670441167587,-0.7048561921996358,0.11602012014909178,-0.6506586471853965,-0.62655831935096,0.5849202654881185,0.43380944297317525,0.060974101464652264,-0.8928692886374687,0.9862756723640083,0.9341121068921712,0.985402361204585,9.0
ID_27,-0.4848057998555397,0.6222147155635368,-0.3810087211999231,0.05750127235556074,-0.15105779189909693,-1.6291593628116114,-0.6725966413608725,-0.6506586471853965,-0.9222847246532806,-1.5114339660212976,-0.5083800722335465,0.060974101464652264,-0.8928692886374687,0.6989520430542773,0.5769829106632773,0.6941794467504827,120000.0
ID_28,0.833563533644543,0.6222147155635368,-0.3810087211999231,-0.6061199692561582,-0.15105779189909693,0.21944697841233984,-0.6725966413608725,-0.6506586471853965,-0.62655831935096,0.5849202654881185,0.9991231520972084,0.060974101464652264,-0.31596357808214603,-0.7376661034943781,0.3617487968646123,-0.7356770862765593,140000.0
ID_29,2.098301707739227,-1.2105851160545795,0.2782647963819663,1.3847437555789985,-0.15105779189909693,0.21944697841233984,1.4303813893323656,1.4418094584216736,1.443526517765285,-1.5114339660212976,-1.1867565231823862,-1.3767310278071516,1.414753553583822,-1.3123133621138403,-0.10220029287917282,-1.3153649592029553,41700.0
ID_30,-0.6012820157381421,0.6222147155635368,-0.3810087211999231,0.05750127235556074,-0.15105779189909693,1.1437501490243154,-0.6725966413608725,-0.6506586471853965,-0.62655831935096,0.5849202654881185,0.24537153993183092,0.060974101464652264,-0.31596357808214603,1.2735993016737392,0.22623102150989877,1.2741546067583172,100000.0
ID_31,-0.7479939129860804,0.6222147155635368,-0.3810087211999231,-0.6061199692561582,-0.15105779189909693,-0.7048561921996358,-0.6725966413608725,-0.6506586471853965,-0.62655831935096,0.5849202654881185,0.9991231520972084,0.060974101464652264,-0.31596357808214603,-0.450342474184647,-0.47686708356573715,-0.4506883014896702,140000.0
ID_32,-0.6256798424136317,0.6222147155635368,-0.3810087211999231,-1.2697412108678772,-0.15105779189909693,-1.6291593628116114,-0.9354688951975273,-0.9122171603862802,-0.9222847246532806,-1.5114339660212976,-1.1867565231823862,-1.3767310278071516,-0.8928692886374687,0.1243047844348151,5.06660709182652,0.12000748578770397,68000.0
ID_33,0.832186681123353,0.6222147155635368,-0.3810087211999231,-0.6061199692561582,-0.15105779189909693,0.21944697841233984,-0.6725966413608725,-0.6506586471853965,-0.3308319140486392,0.5849202654881185,1.752874764262586,0.060974101464652264,-0.8928692886374687,-0.16301884487491597,-0.08306837165262702,-0.16173495497893123,130000.0
ID_34,-1.095208581779814,2.455014547181653,4.893179419455191,1.3847437555789985,5.033906973624536,2.068053319636291,1.4303813893323656,1.4418094584216736,1.443526517765285,-1.5114339660212976,-2.752675497455958,4.374089489280064,1.414753553583822,1.5609229309834705,0.48929493837493176,1.5592295776696377,9.0
ID_35,-0.5980932252990657,0.6222147155635368,-0.3810087211999231,-0.6061199692561582,-0.15105779189909693,1.1437501490243154,-0.6725966413608725,-0.3891001339845127,-0.62655831935096,0.5849202654881185,0.24537153993183092,0.060974101464652264,-0.31596357808214603,0.4116284137445462,0.5291531075969093,0.40927684808802517,130000.0
ID_36,0.7381696835664046,-1.2105851160545795,-0.3810087211999231,-0.6061199692561582,-0.15105779189909693,0.21944697841233984,-0.6725966413608725,-0.6506586471853965,-0.62655831935096,0.5849202654881185,2.1297505703452746,0.060974101464652264,-0.31596357808214603,0.4116284137445462,0.5291531075969093,0.4128679366060051,180000.0
ID_37,-0.6302675150142374,0.6222147155635368,-0.3810087211999231,-0.6061199692561582,-0.15105779189909693,1.1437501490243154,-0.6725966413608725,-0.6506586471853965,-0.62655831935096,0.5849202654881185,-0.3199421691922022,-1.3767310278071516,-0.8928692886374687,0.6989520430542773,-0.2903308516068944,0.6994655290489492,260000.0
ID_38,-0.4528462991336738,0.6222147155635368,-0.3810087211999231,-0.6061199692561582,-0.15105779189909693,-0.7048561921996358,-0.6725966413608725,-0.6506586471853965,-0.62655831935096,-1.5114339660212976,-0.5083800722335465,0.060974101464652264,-0.8928692886374687,0.1243047844348151,5.06660709182652,0.11877215133751887,83000.0
ID_39,0.832186681123353,-1.2105851160545795,0.2782647963819663,1.3847437555789985,-0.15105779189909693,0.21944697841233984,1.4303813893323656,1.4418094584216736,1.443526517765285,0.5849202654881185,2.1297505703452746,0.060974101464652264,1.414753553583822,-0.16301884487491597,-0.08306837165262702,-0.15805768033651976,160000.0
ID_40,-0.7702713867789371,0.6222147155635368,-0.3810087211999231,0.05750127235556074,-0.15105779189909693,-1.6291593628116114,-0.14685213368756297,-0.6506586471853965,-0.62655831935096,0.5849202654881185,0.24537153993183092,0.060974101464652264,-0.8928692886374687,-1.024989732804109,-0.06871943073271414,-1.0247166189117298,110000.0
ID_41,-0.7104388836180978,0.6222147155635368,-0.3810087211999231,-0.6061199692561582,-0.15105779189909693,-0.7048561921996358,-0.6725966413608725,-0.6506586471853965,-0.62655831935096,0.5849202654881185,0.24537153993183092,0.060974101464652264,-0.8928692886374687,-0.16301884487491597,-0.08306837165262702,-0.16334376263498626,120000.0
ID_42,0.5676382377018765,0.6222147155635368,-0.3810087211999231,-1.2697412108678772,-0.15105779189909693,0.21944697841233984,-0.9354688951975273,-0.9122171603862802,-0.62655831935096,0.5849202654881185,1.1875610551385527,0.060974101464652264,-0.31596357808214603,1.5609229309834705,-0.2393123950027652,1.5646018460925357,170000.0
ID_43,-0.5980932252990657,0.6222147155635368,-0.3810087211999231,-1.2697412108678772,-0.15105779189909693,1.1437501490243154,-0.9354688951975273,-0.9122171603862802,-0.62655831935096,0.5849202654881185,0.43380944297317525,0.060974101464652264,-0.8928692886374687,0.4116284137445462,0.5291531075969093,0.4145342016783478,120000.0
ID_44,-0.5980932252990657,0.6222147155635368,-0.3810087211999231,-0.6061199692561582,-0.15105779189909693,1.1437501490243154,-0.14685213368756297,-0.6506586471853965,-0.9222847246532806,0.5849202654881185,0.24537153993183092,0.060974101464652264,-0.8928692886374687,0.4116284137445462,0.5291531075969093,0.410023794499765,130000.0
ID_45,-0.3856724183298485,0.6222147155635368,-0.3810087211999231,-1.2697412108678772,-0.15105779189909693,-1.6291593628116114,-0.9354688951975273,-0.9122171603862802,-0.62655831935096,-1.5114339660212976,-1.0736937813575798,-1.3767310278071516,-0.31596357808214603,-0.16301884487491597,0.46538003684174956,-0.1667050214878155,62000.0
ID_46,0.4740122662609459,0.6222147155635368,-0.3810087211999231,-0.6061199692561582,-0.15105779189909693,0.21944697841233984,-0.6725966413608725,-0.6506586471853965,-0.62655831935096,0.5849202654881185,1.752874764262586,0.060974101464652264,-0.31596357808214603,-1.3123133621138403,-0.020889627666346104,-1.310567264942934,160000.0
ID_47,-0.7252097574654258,-1.2105851160545795,-0.3810087211999231,-0.6061199692561582,-0.15105779189909693,-0.7048561921996358,-0.6725966413608725,-0.6506586471853965,-0.9222847246532806,0.5849202654881185,-0.696817975274891,0.060974101464652264,-0.8928692886374687,0.9862756723640083,0.9341121068921712,0.9856034621615919,84000.0
ID_48,0.4625183014140505,0.6222147155635368,-0.3810087211999231,-0.6061199692561582,-0.15105779189909693,0.21944697841233984,-0.6725966413608725,-0.6506586471853965,-0.62655831935096,0.5849202654881185,0.056933636890486534,0.060974101464652264,-0.31596357808214603,0.1243047844348151,-1.1560502871081872,0.12224832502292346,130000.0
ID_49,-0.7703705201604629,0.6222147155635368,-0.3810087211999231,-0.6061199692561582,-0.15105779189909693,2.068053319636291,-0.6725966413608725,-0.6506586471853965,-0.62655831935096,2.6812744969975344,2.6950642794693076,0.060974101464652264,-0.8928692886374687,-1.024989732804109,-0.06871943073271414,-1.024860262452449,180000.0
ID_50,-0.8221346675471279,0.6222147155635368,-0.3810087211999231,-0.6061199692561582,-0.15105779189909693,-1.6291593628116114,-0.6725966413608725,-0.3891001339845127,-0.62655831935096,0.5849202654881185,-0.5083800722335465,0.060974101464652264,-0.8928692886374687,0.9862756723640083,0.9341121068921712,0.9867238817792017,67000.0
ID_51,-0.7422331620374208,0.6222147155635368,-0.3810087211999231,-0.6061199692561582,-0.8917670441167587,-0.7048561921996358,-0.6725966413608725,-0.6506586471853965,-0.62655831935096,0.5849202654881185,0.056933636890486534,0.060974101464652264,-0.8928692886374687,1.2735993016737392,0.22623102150989877,1.273264016805858,9.0
ID_52,0.9328951819332859,-1.2105851160545795,0.2782647963819663,1.3847437555789985,-0.15105779189909693,0.21944697841233984,1.4303813893323656,1.4418094584216736,1.443526517765285,0.5849202654881185,1.1875610551385527,0.060974101464652264,1.414753553583822,-1.024989732804109,-0.06871943073271414,-1.0194018079051195,99000.0
ID_53,-0.8707816208258186,0.6222147155635368,-0.3810087211999231,-1.2697412108678772,-0.15105779189909693,-1.6291593628116114,-0.9354688951975273,-0.9122171603862802,-0.62655831935096,0.5849202654881185,-0.3199421691922022,0.060974101464652264,-0.8928692886374687,1.2735993016737392,0.22623102150989877,1.2758208718306598,130000.0
ID_54,-0.6662088732273852,0.6222147155635368,-0.3810087211999231,-1.2697412108678772,-0.15105779189909693,1.1437501490243154,-0.9354688951975273,-0.9122171603862802,-0.9222847246532806,0.5849202654881185,-0.3199421691922022,0.060974101464652264,-0.8928692886374687,0.1243047844348151,-1.1560502871081872,0.1257532274164719,110000.0
ID_55,0.833563533644543,0.6222147155635368,-0.3810087211999231,-1.2697412108678772,-0.15105779189909693,0.21944697841233984,-0.9354688951975273,-0.9122171603862802,-0.62655831935096,0.5849202654881185,0.43380944297317525,0.060974101464652264,-0.31596357808214603,-0.7376661034943781,0.3617487968646123,-0.7350450546973948,120000.0
ID_56,-0.34569963593465586,0.6222147155635368,-0.3810087211999231,-0.6061199692561582,-0.15105779189909693,-0.7048561921996358,-0.6725966413608725,-0.6506586471853965,-0.62655831935096,-1.5114339660212976,-0.3199421691922022,0.060974101464652264,-0.8928692886374687,-0.450342474184647,1.559088200292738,-0.45545726704154754,79000.0
ID_57,0.6223158050233801,0.6222147155635368,-0.3810087211999231,-0.6061199692561582,-0.15105779189909693,0.21944697841233984,-0.6725966413608725,-0.3891001339845127,-0.62655831935096,0.5849202654881185,0.9991231520972084,0.060974101464652264,-0.31596357808214603,-1.5996369914235713,0.3856636983977981,-1.5982852770034879,150000.0
ID_58,0.9328951819332859,-1.2105851160545795,0.2782647963819663,1.3847437555789985,-0.15105779189909693,0.21944697841233984,1.4303813893323656,1.4418094584216736,1.443526517765285,0.5849202654881185,0.810685249055864,0.060974101464652264,1.414753553583822,-1.024989732804109,-0.06871943073271414,-1.0206658710634484,110000.0
ID_59,0.6223158050233801,0.6222147155635368,-0.3810087211999231,-0.6061199692561582,-0.15105779189909693,0.21944697841233984,-0.6725966413608725,-0.3891001339845127,-0.9222847246532806,0.5849202654881185,0.24537153993183092,0.060974101464652264,-0.8928692886374687,-1.5996369914235713,0.3856636983977981,-1.5976819741324673,120000.0
ID_60,-0.603887020708234,0.6222147155635368,-0.3810087211999231,-0.9379305900620176,-0.15105779189909693,1.1437501490243154,-0.9354688951975273,-0.9122171603862802,-0.3308319140486392,0.5849202654881185,0.056933636890486534,0.060974101464652264,-0.31596357808214603,-0.16301884487491597,-0.08306837165262702,-0.1609880085671914,130000.0
ID_61,-0.6904139405499081,0.6222147155635368,-0.3810087211999231,-1.2697412108678772,-0.15105779189909693,0.21944697841233984,-0.9354688951975273,-0.9122171603862802,-0.62655831935096,0.5849202654881185,0.24537153993183092,0.060974101464652264,-0.31596357808214603,-1.024989732804109,-0.06871943073271414,-1.0220735777624965,130000.0
ID_62,2.3949142926741804,0.6222147155635368,-0.3810087211999231,-0.6061199692561582,-0.15105779189909693,0.21944697841233984,-0.6725966413608725,-0.6506586471853965,-0.62655831935096,-1.5114339660212976,-0.696817975274891,0.060974101464652264,-0.31596357808214603,-1.5996369914235713,-1.1464843264949127,-1.6035139018856666,64000.0
ID_63,-0.4528462991336738,2.455014547181653,4.893179419455191,1.3847437555789985,5.033906973624536,2.068053319636291,1.4303813893323656,1.4418094584216736,1.443526517765285,-1.5114339660212976,-2.752675497455958,4.374089489280064,1.414753553583822,0.1243047844348151,5.06660709182652,0.12098426186459452,9.0
ID_64,2.8146615522842113,-1.2105851160545795,0.2782647963819663,1.3847437555789985,-0.15105779189909693,0.21944697841233984,1.4303813893323656,1.4418094584216736,1.443526517765285,-1.5114339660212976,-0.696817975274891,-1.3767310278071516,1.414753553583822,-0.16301884487491597,0.46538003684174956,-0.16650392053080862,65000.0
ID_65,-0.6662088732273852,0.6222147155635368,-0.3810087211999231,-1.2697412108678772,-0.15105779189909693,1.1437501490243154,-0.9354688951975273,-0.9122171603862802,-0.62655831935096,0.5849202654881185,0.056933636890486534,0.060974101464652264,-0.8928692886374687,0.1243047844348151,-1.1560502871081872,0.12566704129204037,110000.0
ID_66,-0.25707990026077276,0.6222147155635368,0.2782647963819663,1.3847437555789985,-0.15105779189909693,-0.7048561921996358,1.4303813893323656,1.4418094584216736,1.443526517765285,-1.5114339660212976,-0.696817975274891,0.060974101464652264,1.414753553583822,0.4116284137445462,-1.5466603454835397,0.40852990167628533,82000.0
ID_67,0.5676382377018765,0.6222147155635368,-0.3810087211999231,0.05750127235556074,-0.15105779189909693,0.21944697841233984,-0.6725966413608725,-0.3891001339845127,-0.62655831935096,0.5849202654881185,0.43380944297317525,0.060974101464652264,-0.31596357808214603,1.5609229309834705,-0.2393123950027652,1.5632228681016314,140000.0
ID_68,0.631562746555693,0.6222147155635368,-0.3810087211999231,-0.6061199692561582,-0.15105779189909693,0.21944697841233984,-0.6725966413608725,-0.6506586471853965,-0.62655831935096,0.5849202654881185,-0.3199421691922022,0.060974101464652264,-0.8928692886374687,-0.450342474184647,-0.47686708356573715,-0.4520098220642868,130000.0
ID_69,-0.6662088732273852,-1.2105851160545795,0.2782647963819663,1.3847437555789985,-0.15105779189909693,1.1437501490243154,1.4303813893323656,1.4418094584216736,1.443526517765285,0.5849202654881185,0.056933636890486534,0.060974101464652264,1.414753553583822,0.1243047844348151,-1.1560502871081872,0.1272758489480954,130000.0
ID_70,-0.8015644908805469,-1.2105851160545795,0.2782647963819663,1.3847437555789985,-0.15105779189909693,-0.7048561921996358,1.4303813893323656,1.4418094584216736,1.443526517765285,0.5849202654881185,0.24537153993183092,0.060974101464652264,1.414753553583822,0.1243047844348151,-1.1560502871081872,0.12839626856570513,100000.0
ID_71,-0.7479939129860804,0.6222147155635368,0.2782647963819663,1.3847437555789985,-0.15105779189909693,-0.7048561921996358,1.4303813893323656,1.4418094584216736,1.443526517765285,0.5849202654881185,0.43380944297317525,0.060974101464652264,1.414753553583822,-0.450342474184647,-0.47686708356573715,-0.44632153785180656,130000.0
ID_72,-0.6082378746751949,2.455014547181653,4.893179419455191,1.3847437555789985,5.033906973624536,2.068053319636291,1.4303813893323656,1.4418094584216736,1.443526517765285,0.5849202654881185,-2.752675497455958,4.374089489280064,1.414753553583822,-0.450342474184647,-0.47686708356573715,-0.4447127301957515,9.0
ID_73,-0.32767388272723436,-1.2105851160545795,-0.3810087211999231,-0.6061199692561582,-0.15105779189909693,-0.7048561921996358,-0.6725966413608725,-0.6506586471853965,-0.3308319140486392,-1.5114339660212976,-0.9606310395327731,0.060974101464652264,-0.8928692886374687,-0.7376661034943781,-1.0014005905269243,-0.742887992020663,43600.0
ID_74,-0.34419611298151626,-1.2105851160545795,0.2782647963819663,1.3847437555789985,-0.15105779189909693,-0.7048561921996358,1.4303813893323656,1.4418094584216736,1.443526517765285,-1.5114339660212976,-0.3199421691922022,0.060974101464652264,1.414753553583822,-1.5996369914235713,-1.1464843264949127,-1.602364753559913,72000.0
ID_75,2.65258398089979,-1.2105851160545795,0.2782647963819663,1.3847437555789985,-0.15105779189909693,0.21944697841233984,1.4303813893323656,1.4418094584216736,1.443526517765285,-1.5114339660212976,-0.13150426615085783,0.060974101464652264,1.414753553583822,0.6989520430542773,0.5769829106632773,0.6954435099088117,96000.0
ID_76,-0.8196453181888161,0.6222147155635368,-0.3810087211999231,-1.2697412108678772,-0.15105779189909693,2.068053319636291,-0.9354688951975273,-0.9122171603862802,-0.9222847246532806,2.6812744969975344,1.752874764262586,0.060974101464652264,-0.31596357808214603,-1.5996369914235713,0.3856636983977981,-1.5975096018836041,290000.0
ID_77,-0.31916493414627917,-1.2105851160545795,0.2782647963819663,1.3847437555789985,-0.15105779189909693,-0.7048561921996358,1.4303813893323656,1.4418094584216736,1.443526517765285,-1.5114339660212976,-0.696817975274891,0.060974101464652264,1.414753553583822,-1.3123133621138403,-0.10220029287917282,-1.3150776721215167,43600.0
ID_78,-0.603887020708234,-1.2105851160545795,-0.3810087211999231,0.05750127235556074,-0.15105779189909693,1.1437501490243154,-0.14685213368756297,-0.6506586471853965,-0.62655831935096,0.5849202654881185,0.056933636890486534,-1.3767310278071516,-0.8928692886374687,-0.16301884487491597,-0.08306837165262702,-0.16486638416660976,120000.0
ID_79,0.5676382377018765,-1.2105851160545795,0.2782647963819663,1.3847437555789985,-0.15105779189909693,0.21944697841233984,1.4303813893323656,1.4418094584216736,1.443526517765285,0.5849202654881185,0.810685249055864,0.060974101464652264,1.414753553583822,1.5609229309834705,-0.2393123950027652,1.5658371805427207,140000.0
ID_80,-0.5812791023102916,-1.2105851160545795,0.2782647963819663,1.3847437555789985,-0.15105779189909693,1.1437501490243154,1.4303813893323656,1.4418094584216736,1.443526517765285,0.5849202654881185,0.810685249055864,0.060974101464652264,1.414753553583822,-0.7376661034943781,0.3617487968646123,-0.7333500609169082,130000.0
ID_81,-0.3902600909304541,0.6222147155635368,-0.3810087211999231,-0.6061199692561582,-0.15105779189909693,-1.6291593628116114,-0.6725966413608725,-0.6506586471853965,-0.62655831935096,-1.5114339660212976,-1.6766950710898816,-1.3767310278071516,-0.8928692886374687,-1.024989732804109,0.19912746643895535,-1.0292270260903125,42400.0
ID_82,-0.7104388836180978,0.6222147155635368,0.2782647963819663,1.3847437555789985,-0.15105779189909693,-0.7048561921996358,1.4303813893323656,1.4418094584216736,1.443526517765285,0.5849202654881185,-0.13150426615085783,0.060974101464652264,1.414753553583822,-0.16301884487491597,-0.08306837165262702,-0.1590344564134103,110000.0
ID_83,3.0160730464939918,-1.2105851160545795,0.2782647963819663,1.3847437555789985,-0.15105779189909693,0.21944697841233984,1.4303813893323656,1.4418094584216736,1.443526517765285,-1.5114339660212976,-0.5083800722335465,0.060974101464652264,1.414753553583822,-1.024989732804109,0.19912746643895535,-1.0279916916401275,92000.0
ID_84,-0.7422331620374208,0.6222147155635368,-0.3810087211999231,-0.6061199692561582,-0.15105779189909693,-0.7048561921996358,-0.6725966413608725,-0.6506586471853965,-0.9222847246532806,0.5849202654881185,0.056933636890486534,0.060974101464652264,-0.8928692886374687,1.2735993016737392,0.22623102150989877,1.2733214742221457,130000.0
ID_85,-0.6546157749989641,-1.2105851160545795,0.2782647963819663,1.3847437555789985,-0.15105779189909693,1.1437501490243154,1.4303813893323656,1.4418094584216736,1.443526517765285,0.5849202654881185,1.752874764262586,0.060974101464652264,1.414753553583822,1.5609229309834705,-0.2393123950027652,1.5657509944182892,200000.0
ID_86,-0.5951963275944817,-1.2105851160545795,0.2782647963819663,1.3847437555789985,-0.15105779189909693,1.1437501490243154,1.4303813893323656,1.4418094584216736,1.443526517765285,0.5849202654881185,0.056933636890486534,0.060974101464652264,1.414753553583822,0.9862756723640083,0.9341121068921712,0.9913492037903598,130000.0
ID_87,-0.8161646350152474,0.6222147155635368,-0.3810087211999231,-0.9379305900620176,-0.15105779189909693,-1.6291593628116114,-0.9354688951975273,-0.9122171603862802,-0.9222847246532806,0.5849202654881185,0.43380944297317525,0.060974101464652264,-0.31596357808214603,-0.7376661034943781,0.3617487968646123,-0.7347003101996687,92000.0
ID_88,3.0160730464939918,0.6222147155635368,-0.3810087211999231,-0.6061199692561582,-0.8917670441167587,-0.7048561921996358,-0.6725966413608725,-0.6506586471853965,-0.62655831935096,-1.5114339660212976,-0.5083800722335465,0.060974101464652264,-0.8928692886374687,-1.024989732804109,0.19912746643895535,-1.0300888873346277,9.0
ID_89,0.6223158050233801,-1.2105851160545795,0.2782647963819663,1.3847437555789985,-0.15105779189909693,0.21944697841233984,1.4303813893323656,1.4418094584216736,1.443526517765285,0.5849202654881185,2.1297505703452746,0.060974101464652264,1.414753553583822,-1.5996369914235713,0.3856636983977981,-1.595038932983234,110000.0
ID_90,-0.6543238822644718,0.6222147155635368,-0.3810087211999231,-0.6061199692561582,-0.15105779189909693,1.1437501490243154,-0.14685213368756297,-0.6506586471853965,-0.62655831935096,0.5849202654881185,1.752874764262586,0.060974101464652264,-0.8928692886374687,-1.5996369914235713,0.3856636983977981,-1.6013592487748787,140000.0
ID_91,-0.8574702106509521,0.6222147155635368,-0.3810087211999231,-1.2697412108678772,-0.8917670441167587,-1.6291593628116114,-0.9354688951975273,-0.9122171603862802,-0.9222847246532806,0.5849202654881185,-0.5083800722335465,0.060974101464652264,-0.8928692886374687,-1.5996369914235713,0.3856636983977981,-1.5967339267637206,9.0
ID_92,0.833563533644543,-1.2105851160545795,0.2782647963819663,1.3847437555789985,-0.15105779189909693,0.21944697841233984,1.4303813893323656,1.4418094584216736,1.443526517765285,0.5849202654881185,0.9991231520972084,0.060974101464652264,1.414753553583822,-0.7376661034943781,0.3617487968646123,-0.7337235341227781,140000.0
ID_93,-0.6904139405499081,0.6222147155635368,-0.3810087211999231,-0.6061199692561582,-0.8917670441167587,-0.7048561921996358,-0.6725966413608725,-0.6506586471853965,-0.62655831935096,0.5849202654881185,-0.3199421691922022,0.060974101464652264,-0.8928692886374687,-1.024989732804109,-0.06871943073271414,-1.0252624643664627,9.0
ID_94,0.6223158050233801,-1.2105851160545795,0.2782647963819663,1.3847437555789985,-0.15105779189909693,0.21944697841233984,1.4303813893323656,1.4418094584216736,1.443526517765285,0.5849202654881185,-0.3199421691922022,0.060974101464652264,1.414753553583822,-1.5996369914235713,0.3856636983977981,-1.594349443987782,66000.0
ID_95,-0.5804089315168994,0.6222147155635368,-0.3810087211999231,-0.6061199692561582,-0.15105779189909693,1.1437501490243154,-0.14685213368756297,-0.6506586471853965,-0.62655831935096,0.5849202654881185,1.375998958179897,0.060974101464652264,-0.8928692886374687,-1.024989732804109,-0.06871943073271414,-1.0270436442713808,140000.0
ID_96,-0.7479939129860804,0.6222147155635368,-0.3810087211999231,-0.6061199692561582,-0.15105779189909693,-0.7048561921996358,-0.6725966413608725,-0.6506586471853965,-0.62655831935096,0.5849202654881185,0.24537153993183092,0.060974101464652264,-0.31596357808214603,-0.450342474184647,-0.47686708356573715,-0.4506308440733825,99000.0
ID_97,-0.04010446515145836,0.6222147155635368,-0.3810087211999231,-0.2743093484502987,-0.15105779189909693,1.1437501490243154,-0.14685213368756297,-0.6506586471853965,-0.62655831935096,-1.5114339660212976,-0.696817975274891,0.060974101464652264,-0.8928692886374687,0.9862756723640083,-2.2290322025637495,0.980403565987557,80000.0
ID_98,-0.6609933558771169,0.6222147155635368,0.2782647963819663,1.3847437555789985,-0.15105779189909693,1.1437501490243154,1.4303813893323656,1.4418094584216736,1.443526517765285,0.5849202654881185,0.6222473460145197,0.060974101464652264,1.414753553583822,-1.3123133621138403,-0.020889627666346104,-1.3078093089611253,200000.0
ID_99,-0.7479939129860804,0.6222147155635368,-0.3810087211999231,-0.6061199692561582,-0.15105779189909693,-0.7048561921996358,-0.6725966413608725,-0.6506586471853965,-0.62655831935096,0.5849202654881185,1.375998958179897,0.060974101464652264,-0.8928692886374687,-0.450342474184647,-0.47686708356573715,-0.4517225349828484,150000.0
ID_100,-0.8221346675471279,0.6222147155635368,-0.3810087211999231,-1.2697412108678772,-0.15105779189909693,-1.6291593628116114,-0.9354688951975273,-0.9122171603862802,-0.62655831935096,0.5849202654881185,-0.3199421691922022,0.060974101464652264,-0.8928692886374687,0.9862756723640083,0.9341121068921712,0.9882465033108251,120000.0
ID_101,-0.6662088732273852,0.6222147155635368,-0.3810087211999231,-0.6061199692561582,-0.15105779189909693,1.1437501490243154,-0.6725966413608725,-0.3891001339845127,-0.9222847246532806,0.5849202654881185,0.056933636890486534,-1.3767310278071516,-0.31596357808214603,0.1243047844348151,-1.1560502871081872,0.12115663411345756,130000.0
ID_102,0.832186681123353,0.6222147155635368,-0.3810087211999231,0.05750127235556074,-0.15105779189909693,0.21944697841233984,-0.6725966413608725,-0.6506586471853965,-0.62655831935096,0.5849202654881185,0.24537153993183092,0.060974101464652264,-0.31596357808214603,-0.16301884487491597,-0.08306837165262702,-0.1656995167027811,120000.0
ID_103,2.6415691607302696,-1.2105851160545795,0.2782647963819663,1.3847437555789985,-0.15105779189909693,0.21944697841233984,1.4303813893323656,1.4418094584216736,1.443526517765285,-1.5114339660212976,-0.5083800722335465,0.060974101464652264,1.414753553583822,1.2735993016737392,-0.7128274453598268,1.2701900450344672,90000.0
ID_104,0.7381696835664046,0.6222147155635368,-0.3810087211999231,0.05750127235556074,-0.15105779189909693,0.21944697841233984,-0.6725966413608725,-0.6506586471853965,-0.62655831935096,0.5849202654881185,1.375998958179897,0.060974101464652264,-0.31596357808214603,0.4116284137445462,0.5291531075969093,0.4131552236874435,130000.0
ID_105,-0.8253454876265434,0.6222147155635368,-0.3810087211999231,-1.2697412108678772,-0.15105779189909693,-1.6291593628116114,-0.9354688951975273,-0.9122171603862802,-0.9222847246532806,0.5849202654881185,0.24537153993183092,0.060974101464652264,-0.8928692886374687,-0.450342474184647,-0.47686708356573715,-0.4483612761300192,130000.0
ID_106,-0.7389782826773273,0.6222147155635368,-0.3810087211999231,-0.6061199692561582,-0.15105779189909693,-0.7048561921996358,-0.6725966413608725,-0.6506586471853965,-0.62655831935096,0.5849202654881185,-0.696817975274891,-1.3767310278071516,-0.8928692886374687,-0.7376661034943781,0.3617487968646123,-0.7381477551769294,71000.0
ID_107,0.631562746555693,-1.2105851160545795,0.2782647963819663,1.3847437555789985,-0.15105779189909693,0.21944697841233984,1.4303813893323656,1.4418094584216736,1.443526517765285,0.5849202654881185,0.810685249055864,0.060974101464652264,1.414753553583822,-0.450342474184647,-0.47686708356573715,-0.4468961120146834,210000.0
ID_108,-0.04010446515145836,0.6222147155635368,-0.3810087211999231,-0.6061199692561582,-0.15105779189909693,1.1437501490243154,-0.6725966413608725,-0.3891001339845127,-0.62655831935096,-1.5114339660212976,-0.5083800722335465,0.060974101464652264,-0.31596357808214603,0.9862756723640083,-2.2290322025637495,0.981466528188879,89000.0
ID_109,0.7456432390514247,0.6222147155635368,-0.3810087211999231,0.05750127235556074,-0.15105779189909693,0.21944697841233984,-0.6725966413608725,-0.6506586471853965,-0.62655831935096,0.5849202654881185,0.24537153993183092,0.060974101464652264,-0.31596357808214603,1.2735993016737392,0.22623102150989877,1.2752750263759267,130000.0
ID_110,-0.7422331620374208,-1.2105851160545795,-0.3810087211999231,-0.6061199692561582,-0.15105779189909693,-0.7048561921996358,-0.14685213368756297,-0.6506586471853965,-0.62655831935096,0.5849202654881185,0.24537153993183092,0.060974101464652264,-0.8928692886374687,1.2735993016737392,0.22623102150989877,1.2734076603465772,130000.0
ID_111,-0.7389782826773273,0.6222147155635368,-0.3810087211999231,-1.2697412108678772,-0.8917670441167587,-0.7048561921996358,-0.9354688951975273,-0.9122171603862802,-0.62655831935096,0.5849202654881185,-0.696817975274891,0.060974101464652264,-0.8928692886374687,-0.7376661034943781,0.3617487968646123,-0.7349875972811071,9.0
ID_112,-0.6904139405499081,-1.2105851160545795,0.2782647963819663,1.3847437555789985,-0.15105779189909693,-0.7048561921996358,1.4303813893323656,1.4418094584216736,1.443526517765285,0.5849202654881185,0.056933636890486534,0.060974101464652264,1.414753553583822,-1.024989732804109,-0.06871943073271414,-1.0199476533598524,120000.0
ID_113,-0.3341836414474214,-1.2105851160545795,-0.3810087211999231,-0.6061199692561582,-0.15105779189909693,-0.7048561921996358,-0.6725966413608725,-0.6506586471853965,-0.62655831935096,-1.5114339660212976,-0.696817975274891,0.060974101464652264,-0.8928692886374687,1.2735993016737392,-0.7128274453598268,1.2685525086702683,76000.0
ID_114,-0.7104388836180978,0.6222147155635368,-0.3810087211999231,-0.6061199692561582,-0.15105779189909693,-0.7048561921996358,-0.6725966413608725,-0.6506586471853965,-0.62655831935096,0.5849202654881185,-0.696817975274891,-1.3767310278071516,-0.8928692886374687,-0.16301884487491597,-0.08306837165262702,-0.16406198033858224,99000.0
ID_115,0.801703166304203,0.6222147155635368,-0.3810087211999231,-0.2743093484502987,-0.15105779189909693,0.21944697841233984,-0.6725966413608725,-0.6506586471853965,-0.62655831935096,0.5849202654881185,1.5644368612212416,0.060974101464652264,-0.31596357808214603,0.9862756723640083,0.9341121068921712,0.9840233832136807,140000.0
ID_116,-0.6302675150142374,0.6222147155635368,-0.3810087211999231,-0.6061199692561582,-0.15105779189909693,1.1437501490243154,-0.6725966413608725,-0.3891001339845127,-0.9222847246532806,0.5849202654881185,-0.9606310395327731,-1.3767310278071516,-0.8928692886374687,0.6989520430542773,-0.2903308516068944,0.69610427019612,110000.0
ID_117,2.3949142926741804,-1.2105851160545795,0.2782647963819663,1.3847437555789985,-0.15105779189909693,0.21944697841233984,1.4303813893323656,1.4418094584216736,1.443526517765285,-1.5114339660212976,-0.5083800722335465,0.060974101464652264,1.414753553583822,-1.5996369914235713,-1.1464843264949127,-1.6022211100191939,68000.0
ID_118,0.7456432390514247,0.6222147155635368,0.2782647963819663,1.3847437555789985,-0.15105779189909693,0.21944697841233984,1.4303813893323656,1.4418094584216736,1.443526517765285,0.5849202654881185,0.810685249055864,0.060974101464652264,1.414753553583822,1.2735993016737392,0.22623102150989877,1.276883834031982,150000.0
ID_119,2.65258398089979,0.6222147155635368,-0.3810087211999231,-0.2743093484502987,-0.15105779189909693,0.21944697841233984,-0.6725966413608725,-0.6506586471853965,-0.62655831935096,-1.5114339660212976,-0.3199421691922022,0.060974101464652264,-0.31596357808214603,0.6989520430542773,0.5769829106632773,0.6930877558410168,64000.0
ID_120,-0.7479939129860804,2.455014547181653,4.893179419455191,1.3847437555789985,5.033906973624536,2.068053319636291,1.4303813893323656,1.4418094584216736,1.443526517765285,0.5849202654881185,-2.752675497455958,4.374089489280064,1.414753553583822,-0.450342474184647,-0.47686708356573715,-0.44485637373647074,9.0
ID_121,-0.5646632460845687,0.6222147155635368,-0.3810087211999231,0.05750127235556074,-0.15105779189909693,-1.6291593628116114,-0.6725966413608725,-0.6506586471853965,-0.62655831935096,-1.5114339660212976,-0.5083800722335465,0.060974101464652264,-0.8928692886374687,-1.5996369914235713,-1.1464843264949127,-1.603657545426386,72000.0
ID_122,-0.34419611298151626,-1.2105851160545795,-0.3810087211999231,-1.2697412108678772,-0.15105779189909693,-0.7048561921996358,-0.9354688951975273,-0.9122171603862802,-0.62655831935096,-1.5114339660212976,-1.5071009583526718,-1.3767310278071516,-0.8928692886374687,-1.5996369914235713,-1.1464843264949127,-1.6031404286797968,64000.0
ID_123,0.4740122662609459,-1.2105851160545795,0.2782647963819663,1.3847437555789985,-0.15105779189909693,0.21944697841233984,1.4303813893323656,1.4418094584216736,1.443526517765285,0.5849202654881185,2.1297505703452746,0.060974101464652264,1.414753553583822,-1.3123133621138403,-0.020889627666346104,-1.306803804176091,160000.0
ID_124,0.6223158050233801,-1.2105851160545795,0.2782647963819663,1.3847437555789985,-0.15105779189909693,0.21944697841233984,1.4303813893323656,1.4418094584216736,1.443526517765285,0.5849202654881185,0.24537153993183092,0.060974101464652264,1.414753553583822,-1.5996369914235713,0.3856636983977981,-1.5947516459017956,120000.0
ID_125,0.5676382377018765,-1.2105851160545795,0.2782647963819663,1.3847437555789985,-0.15105779189909693,0.21944697841233984,1.4303813893323656,1.4418094584216736,1.443526517765285,0.5849202654881185,0.43380944297317525,0.060974101464652264,1.414753553583822,1.5609229309834705,-0.2393123950027652,1.5651189628391249,110000.0
ID_126,0.4740122662609459,-1.2105851160545795,0.2782647963819663,1.3847437555789985,-0.15105779189909693,0.21944697841233984,1.4303813893323656,1.4418094584216736,1.443526517765285,0.5849202654881185,0.810685249055864,0.060974101464652264,1.414753553583822,-1.3123133621138403,-0.020889627666346104,-1.3071198199656733,140000.0
ID_127,-0.7479939129860804,0.6222147155635368,0.2782647963819663,1.3847437555789985,-0.15105779189909693,-0.7048561921996358,1.4303813893323656,1.4418094584216736,1.443526517765285,0.5849202654881185,-0.696817975274891,0.060974101464652264,1.414753553583822,-0.450342474184647,-0.47686708356573715,-0.4448851024446146,90000.0
ID_128,0.7456432390514247,0.6222147155635368,-0.3810087211999231,-0.2743093484502987,-0.15105779189909693,0.21944697841233984,-0.6725966413608725,-0.6506586471853965,-0.62655831935096,0.5849202654881185,-0.3199421691922022,0.060974101464652264,-0.31596357808214603,1.2735993016737392,0.22623102150989877,1.2724308842696868,93000.0
ID_129,-0.7479939129860804,-1.2105851160545795,-0.3810087211999231,-1.2697412108678772,-0.15105779189909693,-0.7048561921996358,-0.9354688951975273,-0.9122171603862802,-0.62655831935096,0.5849202654881185,0.43380944297317525,0.060974101464652264,-0.8928692886374687,-0.450342474184647,-0.47686708356573715,-0.44813144646486847,90000.0
ID_130,-0.8376104898853053,0.6222147155635368,-0.3810087211999231,-0.6061199692561582,-0.8917670441167587,-0.7048561921996358,-0.6725966413608725,-0.3891001339845127,-0.62655831935096,0.5849202654881185,0.6222473460145197,0.060974101464652264,-0.8928692886374687,1.5609229309834705,-0.2393123950027652,1.5617577039862955,9.0
ID_131,-0.6546157749989641,0.6222147155635368,-0.3810087211999231,-0.6061199692561582,-0.15105779189909693,1.1437501490243154,-0.6725966413608725,-0.6506586471853965,-0.62655831935096,0.5849202654881185,0.9991231520972084,0.060974101464652264,-0.31596357808214603,1.5609229309834705,-0.2393123950027652,1.5599477953732337,140000.0
ID_132,0.5676382377018765,-1.2105851160545795,0.2782647963819663,1.3847437555789985,-0.15105779189909693,0.21944697841233984,1.4303813893323656,1.4418094584216736,1.443526517765285,0.5849202654881185,0.24537153993183092,0.060974101464652264,1.414753553583822,1.5609229309834705,-0.2393123950027652,1.5660382814997276,110000.0
ID_133,-0.7389782826773273,0.6222147155635368,0.2782647963819663,1.3847437555789985,-0.15105779189909693,-0.7048561921996358,1.4303813893323656,1.4418094584216736,1.443526517765285,0.5849202654881185,0.056933636890486534,0.060974101464652264,1.414753553583822,-0.7376661034943781,0.3617487968646123,-0.7319423542178601,110000.0
ID_134,-0.6543238822644718,0.6222147155635368,-0.3810087211999231,-0.6061199692561582,-0.8917670441167587,1.1437501490243154,-0.6725966413608725,-0.6506586471853965,-0.9222847246532806,0.5849202654881185,-0.9606310395327731,-1.3767310278071516,-0.31596357808214603,-1.5996369914235713,0.3856636983977981,-1.6018476368133239,9.0
ID_135,0.832186681123353,-1.2105851160545795,0.2782647963819663,1.3847437555789985,-0.15105779189909693,0.21944697841233984,1.4303813893323656,1.4418094584216736,1.443526517765285,0.5849202654881185,0.056933636890486534,0.060974101464652264,1.414753553583822,-0.16301884487491597,-0.08306837165262702,-0.15777039325508135,87000.0
ID_136,-0.603887020708234,0.6222147155635368,-0.3810087211999231,-0.9379305900620176,-0.15105779189909693,1.1437501490243154,-0.9354688951975273,-0.9122171603862802,-0.62655831935096,0.5849202654881185,0.24537153993183092,0.060974101464652264,-0.31596357808214603,-0.16301884487491597,-0.08306837165262702,-0.16090182244275988,140000.0
ID_137,-0.6302675150142374,-1.2105851160545795,0.2782647963819663,1.3847437555789985,-0.15105779189909693,1.1437501490243154,1.4303813893323656,1.4418094584216736,1.443526517765285,0.5849202654881185,1.752874764262586,0.060974101464652264,1.414753553583822,0.6989520430542773,-0.2903308516068944,0.7019361979493194,190000.0
ID_138,-0.23054519847239607,-1.2105851160545795,0.2782647963819663,1.3847437555789985,-0.15105779189909693,-0.7048561921996358,1.4303813893323656,1.4418094584216736,1.443526517765285,-1.5114339660212976,-0.696817975274891,0.060974101464652264,1.414753553583822,-1.024989732804109,0.19912746643895535,-1.0279342342238398,64000.0
ID_139,-0.6543238822644718,0.6222147155635368,-0.3810087211999231,-0.6061199692561582,-0.15105779189909693,1.1437501490243154,-0.6725966413608725,-0.6506586471853965,-0.62655831935096,0.5849202654881185,0.6222473460145197,-1.3767310278071516,-0.31596357808214603,-1.5996369914235713,0.3856636983977981,-1.6017614506888924,120000.0
ID_140,-0.5980932252990657,0.6222147155635368,-0.3810087211999231,0.05750127235556074,-0.15105779189909693,1.1437501490243154,-0.14685213368756297,-0.6506586471853965,-0.62655831935096,0.5849202654881185,-0.9606310395327731,0.060974101464652264,-0.8928692886374687,0.4116284137445462,0.5291531075969093,0.41016743804048417,94000.0
ID_141,0.833563533644543,-1.2105851160545795,0.2782647963819663,1.3847437555789985,-0.15105779189909693,0.21944697841233984,1.4303813893323656,1.4418094584216736,1.443526517765285,0.5849202654881185,0.9991231520972084,0.060974101464652264,1.414753553583822,-0.7376661034943781,0.3617487968646123,-0.7328616728784629,170000.0
ID_142,-0.32767388272723436,-1.2105851160545795,-0.3810087211999231,-0.6061199692561582,-0.15105779189909693,-0.7048561921996358,-0.6725966413608725,-0.6506586471853965,-0.62655831935096,-1.5114339660212976,-0.5083800722335465,0.060974101464652264,-0.8928692886374687,-0.7376661034943781,-1.0014005905269243,-0.7423134178577863,60000.0
ID_143,-0.6302675150142374,0.6222147155635368,-0.3810087211999231,-0.6061199692561582,-0.15105779189909693,1.1437501490243154,-0.6725966413608725,-0.6506586471853965,-0.62655831935096,0.5849202654881185,-0.3199421691922022,0.060974101464652264,-0.8928692886374687,0.6989520430542773,-0.2903308516068944,0.6962191850286953,120000.0
ID_144,-0.5912805590242168,0.6222147155635368,-0.3810087211999231,-1.2697412108678772,-0.8917670441167587,-1.6291593628116114,-0.9354688951975273,-0.9122171603862802,-0.9222847246532806,-1.5114339660212976,-0.9229434589245042,0.060974101464652264,-0.8928692886374687,1.2735993016737392,-0.7128274453598268,1.2700751302018918,9.0
ID_145,-0.6546157749989641,0.6222147155635368,-0.3810087211999231,-0.6061199692561582,-0.15105779189909693,1.1437501490243154,-0.6725966413608725,-0.3891001339845127,-0.62655831935096,0.5849202654881185,1.1875610551385527,0.060974101464652264,-0.31596357808214603,1.5609229309834705,-0.2393123950027652,1.5604074547035351,170000.0
ID_146,-0.5804089315168994,-1.2105851160545795,0.2782647963819663,1.3847437555789985,-0.15105779189909693,1.1437501490243154,1.4303813893323656,1.4418094584216736,1.443526517765285,0.5849202654881185,0.24537153993183092,0.060974101464652264,1.414753553583822,-1.024989732804109,-0.06871943073271414,-1.0202349404412907,120000.0
ID_147,-0.7094420423927561,0.6222147155635368,-0.3810087211999231,-0.6061199692561582,-0.15105779189909693,1.1437501490243154,-0.6725966413608725,-0.6506586471853965,-0.9222847246532806,0.5849202654881185,0.056933636890486534,0.060974101464652264,-0.8928692886374687,0.6989520430542773,-0.2903308516068944,0.6970235888567229,130000.0
ID_148,-0.7252097574654258,-1.2105851160545795,0.2782647963819663,1.3847437555789985,-0.15105779189909693,-0.7048561921996358,1.4303813893323656,1.4418094584216736,1.443526517765285,0.5849202654881185,0.056933636890486534,0.060974101464652264,1.414753553583822,0.9862756723640083,0.9341121068921712,0.9900276832157432,130000.0
ID_149,-0.27060059201886,-1.2105851160545795,-0.3810087211999231,-0.6061199692561582,-0.15105779189909693,-0.7048561921996358,0.11602012014909178,-0.6506586471853965,-0.62655831935096,-1.5114339660212976,-1.299819265007193,-1.3767310278071516,-0.8928692886374687,-0.16301884487491597,0.46538003684174956,-0.16845747268458972,43600.0
ID_150,-0.31916493414627917,0.6222147155635368,-0.3810087211999231,-0.6061199692561582,-0.15105779189909693,-0.7048561921996358,-0.6725966413608725,-0.6506586471853965,-0.62655831935096,-1.5114339660212976,-1.1867565231823862,-1.3767310278071516,-0.8928692886374687,-1.3123133621138403,-0.10220029287917282,-1.3169737668590102,52000.0
ID_151,-0.8015644908805469,-1.2105851160545795,0.2782647963819663,1.3847437555789985,-0.15105779189909693,-0.7048561921996358,1.4303813893323656,1.4418094584216736,1.443526517765285,0.5849202654881185,1.1875610551385527,0.060974101464652264,1.414753553583822,0.1243047844348151,-1.1560502871081872,0.12862609823085586,120000.0
ID_152,2.075313778045436,0.6222147155635368,-0.3810087211999231,-0.6061199692561582,-0.15105779189909693,0.21944697841233984,-0.6725966413608725,-0.6506586471853965,-0.62655831935096,-1.5114339660212976,-0.5083800722335465,0.060974101464652264,-0.8928692886374687,0.1243047844348151,5.06660709182652,0.11949036904111486,83000.0
ID_153,3.0160730464939918,-1.2105851160545795,0.2782647963819663,1.3847437555789985,-0.15105779189909693,0.21944697841233984,1.4303813893323656,1.4418094584216736,1.443526517765285,-1.5114339660212976,-0.5083800722335465,0.060974101464652264,1.414753553583822,-1.024989732804109,0.19912746643895535,-1.027503303601682,68000.0
ID_154,-0.7679747967735919,0.6222147155635368,-0.3810087211999231,-0.6061199692561582,-0.15105779189909693,-1.6291593628116114,-0.6725966413608725,-0.127541620783629,-0.62655831935096,0.5849202654881185,1.1875610551385527,0.060974101464652264,-0.31596357808214603,-0.16301884487491597,-0.08306837165262702,-0.16196478464408195,89000.0
ID_155,-0.3856724183298485,0.6222147155635368,-0.3810087211999231,-0.6061199692561582,-0.15105779189909693,-1.6291593628116114,-0.6725966413608725,-0.6506586471853965,-0.62655831935096,-1.5114339660212976,-0.5083800722335465,-1.3767310278071516,-0.8928692886374687,-0.16301884487491597,0.46538003684174956,-0.16719340952626077,79000.0
ID_156,0.833563533644543,0.6222147155635368,-0.3810087211999231,-0.6061199692561582,-0.15105779189909693,0.21944697841233984,-0.6725966413608725,-0.6506586471853965,-0.62655831935096,0.5849202654881185,0.9991231520972084,0.060974101464652264,-0.31596357808214603,-0.7376661034943781,0.3617487968646123,-0.737889196803635,120000.0
ID_157,-0.6302675150142374,-1.2105851160545795,-0.3810087211999231,-0.6061199692561582,-0.15105779189909693,1.1437501490243154,-0.14685213368756297,-0.6506586471853965,-0.3308319140486392,0.5849202654881185,-0.8852558783162353,0.060974101464652264,-0.8928692886374687,0.6989520430542773,-0.2903308516068944,0.6969374027322913,98000.0
ID_158,-0.7094420423927561,0.6222147155635368,-0.3810087211999231,-0.6061199692561582,-0.15105779189909693,-0.7048561921996358,-0.6725966413608725,-0.6506586471853965,-0.62655831935096,0.5849202654881185,0.24537153993183092,0.060974101464652264,-0.31596357808214603,0.6989520430542773,-0.2903308516068944,0.6991782419675108,71000.0
ID_159,-0.7389782826773273,-1.2105851160545795,-0.3810087211999231,-1.2697412108678772,-0.15105779189909693,-0.7048561921996358,-0.9354688951975273,-0.9122171603862802,-0.3308319140486392,0.5849202654881185,-0.3199421691922022,0.060974101464652264,-0.8928692886374687,-0.7376661034943781,0.3617487968646123,-0.7350737834055386,100000.0
ID_160,2.817415257326591,-1.2105851160545795,-0.3810087211999231,-0.6061199692561582,-0.15105779189909693,0.21944697841233984,-0.6725966413608725,-0.6506586471853965,-0.9222847246532806,-1.5114339660212976,-0.5083800722335465,0.060974101464652264,-0.8928692886374687,-0.7376661034943781,-1.0014005905269243,-0.7431752791021015,84000.0
ID_161,-0.005005740681278914,0.6222147155635368,-0.3810087211999231,-0.6061199692561582,-0.15105779189909693,2.068053319636291,-0.6725966413608725,-0.6506586471853965,-0.62655831935096,2.6812744969975344,4.014129600758718,0.060974101464652264,-0.8928692886374687,1.5609229309834705,-0.2393123950027652,1.562906852312049,320000.0
ID_162,0.832186681123353,-1.2105851160545795,-0.3810087211999231,-0.2743093484502987,-0.8917670441167587,0.21944697841233984,-0.6725966413608725,-0.6506586471853965,-0.62655831935096,0.5849202654881185,1.752874764262586,0.060974101464652264,-0.31596357808214603,-0.16301884487491597,-0.08306837165262702,-0.164464182252596,9.0
ID_163,0.7381696835664046,-1.2105851160545795,0.2782647963819663,1.3847437555789985,-0.15105779189909693,0.21944697841233984,1.4303813893323656,1.4418094584216736,1.443526517765285,0.5849202654881185,0.43380944297317525,0.060974101464652264,1.414753553583822,0.4116284137445462,0.5291531075969093,0.41608555191811514,110000.0
ID_164,0.6223158050233801,-1.2105851160545795,0.2782647963819663,1.3847437555789985,-0.15105779189909693,0.21944697841233984,1.4303813893323656,1.4418094584216736,1.443526517765285,0.5849202654881185,2.1297505703452746,0.060974101464652264,1.414753553583822,-1.5996369914235713,0.3856636983977981,-1.5960157090601246,150000.0
ID_165,0.7381696835664046,0.6222147155635368,-0.3810087211999231,0.05750127235556074,-0.15105779189909693,0.21944697841233984,-0.6725966413608725,-0.6506586471853965,-0.62655831935096,0.5849202654881185,1.752874764262586,0.060974101464652264,-0.31596357808214603,0.4116284137445462,0.5291531075969093,0.4104834538300664,130000.0
ID_166,-0.2685958947480072,-1.2105851160545795,-0.3810087211999231,-0.6061199692561582,-0.15105779189909693,-0.7048561921996358,-0.6725966413608725,-0.6506586471853965,-0.62655831935096,-1.5114339660212976,-0.696817975274891,0.060974101464652264,-0.8928692886374687,0.6989520430542773,0.5769829106632773,0.6942656328749143,80000.0
ID_167,-0.8879812625205259,0.6222147155635368,-0.3810087211999231,-1.2697412108678772,-0.8917670441167587,-1.6291593628116114,-0.9354688951975273,-0.9122171603862802,-0.9222847246532806,0.5849202654881185,-0.3199421691922022,0.060974101464652264,-0.8928692886374687,0.1243047844348151,-1.1560502871081872,0.12661508866078708,9.0
ID_168,-0.5951963275944817,0.6222147155635368,-0.3810087211999231,-1.2697412108678772,-0.15105779189909693,1.1437501490243154,-0.9354688951975273,-0.9122171603862802,-0.9222847246532806,0.5849202654881185,-0.696817975274891,-1.3767310278071516,-0.31596357808214603,0.9862756723640083,0.9341121068921712,0.9879304875212429,130000.0
ID_169,-0.7252097574654258,-1.2105851160545795,0.2782647963819663,1.3847437555789985,-0.15105779189909693,-0.7048561921996358,1.4303813893323656,1.4418094584216736,1.443526517765285,0.5849202654881185,0.6222473460145197,0.060974101464652264,1.414753553583822,0.9862756723640083,0.9341121068921712,0.9912917463740721,97000.0
ID_170,-0.8161646350152474,0.6222147155635368,-0.3810087211999231,-1.2697412108678772,-0.15105779189909693,-1.6291593628116114,-0.9354688951975273,-0.9122171603862802,-0.62655831935096,0.5849202654881185,0.056933636890486534,0.060974101464652264,-0.8928692886374687,-0.7376661034943781,0.3617487968646123,-0.7353897991951208,84000.0
ID_171,-0.8161646350152474,0.6222147155635368,-0.3810087211999231,-1.2697412108678772,-0.15105779189909693,-1.6291593628116114,-0.9354688951975273,-0.9122171603862802,-0.9222847246532806,0.5849202654881185,-0.5083800722335465,0.060974101464652264,-0.31596357808214603,-0.7376661034943781,0.3617487968646123,-0.7352748843625455,67000.0
ID_172,-0.6904139405499081,-1.2105851160545795,-0.3810087211999231,-0.6061199692561582,-0.15105779189909693,-0.7048561921996358,-0.6725966413608725,-0.6506586471853965,-0.3308319140486392,0.5849202654881185,0.6222473460145197,0.060974101464652264,-0.8928692886374687,-1.024989732804109,-0.06871943073271414,-1.025176278242031,140000.0
ID_173,2.8146615522842113,2.455014547181653,4.893179419455191,1.3847437555789985,5.033906973624536,2.068053319636291,1.4303813893323656,1.4418094584216736,1.443526517765285,-1.5114339660212976,-2.752675497455958,4.374089489280064,1.414753553583822,-0.16301884487491597,0.46538003684174956,-0.1658431602435003,9.0
ID_174,-0.6662088732273852,0.6222147155635368,-0.3810087211999231,-0.6061199692561582,-0.8917670441167587,1.1437501490243154,-0.6725966413608725,-0.6506586471853965,-0.62655831935096,0.5849202654881185,0.43380944297317525,-1.3767310278071516,-0.8928692886374687,0.1243047844348151,-1.1560502871081872,0.12448916425814295,9.0
ID_175,-0.7094420423927561,0.6222147155635368,-0.3810087211999231,-0.6061199692561582,-0.15105779189909693,-0.7048561921996358,-0.6725966413608725,-0.6506586471853965,-0.62655831935096,0.5849202654881185,0.9991231520972084,0.060974101464652264,-0.8928692886374687,0.6989520430542773,-0.2903308516068944,0.6983451094313394,160000.0
ID_176,-0.8161646350152474,0.6222147155635368,-0.3810087211999231,-0.6061199692561582,-0.15105779189909693,-1.6291593628116114,-0.6725966413608725,-0.6506586471853965,-0.62655831935096,0.5849202654881185,-0.3199421691922022,0.060974101464652264,-0.8928692886374687,-0.7376661034943781,0.3617487968646123,-0.7362803891475799,82000.0
ID_177,-0.32767388272723436,-1.2105851160545795,-0.3810087211999231,-0.6061199692561582,-0.15105779189909693,0.21944697841233984,-0.6725966413608725,-0.6506586471853965,-0.9222847246532806,-1.5114339660212976,-0.696817975274891,0.060974101464652264,-0.8928692886374687,-0.7376661034943781,-1.0014005905269243,-0.7432327365183891,76000.0
ID_178,-0.7679747967735919,0.6222147155635368,-0.3810087211999231,-1.2697412108678772,-0.15105779189909693,-1.6291593628116114,-0.9354688951975273,-0.9122171603862802,-0.62655831935096,0.5849202654881185,-0.5083800722335465,-1.3767310278071516,-0.31596357808214603,-0.16301884487491597,-0.08306837165262702,-0.16067199277760916,86000.0
ID_179,-0.7094420423927561,0.6222147155635368,-0.3810087211999231,-0.6061199692561582,-0.15105779189909693,-0.7048561921996358,-0.6725966413608725,-0.6506586471853965,-0.62655831935096,0.5849202654881185,1.5644368612212416,0.060974101464652264,-0.31596357808214603,0.6989520430542773,-0.2903308516068944,0.6986898539290656,170000.0
ID_180,-0.6904139405499081,2.455014547181653,4.893179419455191,1.3847437555789985,5.033906973624536,2.068053319636291,1.4303813893323656,1.4418094584216736,1.443526517765285,0.5849202654881185,-2.752675497455958,4.374089489280064,1.414753553583822,-1.024989732804109,-0.06871943073271414,-1.019143249531825,9.0
ID_181,-0.7252097574654258,-1.2105851160545795,0.2782647963819663,1.3847437555789985,-0.15105779189909693,-0.7048561921996358,1.4303813893323656,1.4418094584216736,1.443526517765285,0.5849202654881185,1.375998958179897,0.060974101464652264,1.414753553583822,0.9862756723640083,0.9341121068921712,0.9897116674261609,170000.0
ID_182,-0.7094420423927561,0.6222147155635368,-0.3810087211999231,-0.6061199692561582,-0.15105779189909693,-0.7048561921996358,-0.6725966413608725,-0.6506586471853965,-0.3308319140486392,0.5849202654881185,1.9413126673039303,0.060974101464652264,-0.8928692886374687,0.6989520430542773,-0.2903308516068944,0.6978279926847504,210000.0
ID_183,-0.31916493414627917,0.6222147155635368,-0.3810087211999231,-0.6061199692561582,-0.15105779189909693,-0.7048561921996358,-0.6725966413608725,-0.127541620783629,-0.62655831935096,-1.5114339660212976,-0.5083800722335465,0.060974101464652264,-0.8928692886374687,-1.3123133621138403,-0.10220029287917282,-1.3176057984381746,110000.0
ID_184,-0.2685958947480072,-1.2105851160545795,0.2782647963819663,1.3847437555789985,-0.15105779189909693,-0.7048561921996358,1.4303813893323656,1.4418094584216736,1.443526517765285,-1.5114339660212976,-1.0736937813575798,-1.3767310278071516,1.414753553583822,0.6989520430542773,0.5769829106632773,0.6956733395739624,66000.0
ID_185,-0.15837058931160805,0.6222147155635368,-0.3810087211999231,-0.2743093484502987,-0.15105779189909693,1.1437501490243154,-0.14685213368756297,-0.6506586471853965,-0.3308319140486392,-1.5114339660212976,-1.5447885389609406,-1.3767310278071516,-0.8928692886374687,-1.5996369914235713,-1.1464843264949127,-1.6051514382498655,61000.0
ID_186,-0.5804089315168994,0.6222147155635368,-0.3810087211999231,0.05750127235556074,-0.15105779189909693,1.1437501490243154,-0.6725966413608725,-0.6506586471853965,-0.62655831935096,0.5849202654881185,-0.13150426615085783,-1.3767310278071516,-0.8928692886374687,-1.024989732804109,-0.06871943073271414,-1.0273022026446752,140000.0
ID_187,-0.31916493414627917,-1.2105851160545795,-0.3810087211999231,-0.6061199692561582,-0.15105779189909693,-0.7048561921996358,-0.6725966413608725,-0.6506586471853965,-0.62655831935096,-1.5114339660212976,-0.696817975274891,0.060974101464652264,-0.8928692886374687,-1.3123133621138403,-0.10220029287917282,-1.3170599529834417,66000.0
ID_188,2.817415257326591,-1.2105851160545795,0.2782647963819663,1.3847437555789985,-0.15105779189909693,0.21944697841233984,1.4303813893323656,1.4418094584216736,1.443526517765285,-1.5114339660212976,-1.5071009583526718,-1.3767310278071516,1.414753553583822,-0.7376661034943781,-1.0014005905269243,-0.7407046102017312,52000.0
ID_189,-0.6609933558771169,0.6222147155635368,-0.3810087211999231,-1.2697412108678772,-0.15105779189909693,1.1437501490243154,-0.9354688951975273,-0.9122171603862802,-0.9222847246532806,0.5849202654881185,0.9991231520972084,0.060974101464652264,-0.8928692886374687,-1.3123133621138403,-0.020889627666346104,-1.310193791737064,100000.0
ID_190,-0.7479939129860804,0.6222147155635368,-0.3810087211999231,-0.6061199692561582,-0.15105779189909693,-0.7048561921996358,-0.6725966413608725,-0.6506586471853965,-0.9222847246532806,0.5849202654881185,-0.5083800722335465,0.060974101464652264,-0.31596357808214603,-0.450342474184647,-0.47686708356573715,-0.4488209354603206,85000.0
ID_191,-0.6307521671016962,0.6222147155635368,-0.3810087211999231,-1.2697412108678772,-0.15105779189909693,-1.6291593628116114,-0.9354688951975273,-0.9122171603862802,-0.62655831935096,-1.5114339660212976,-1.6766950710898816,-1.3767310278071516,-0.31596357808214603,1.5609229309834705,0.48929493837493176,1.5567876374774112,58000.0
ID_192,-0.5004082926256666,2.455014547181653,4.893179419455191,1.3847437555789985,5.033906973624536,2.068053319636291,1.4303813893323656,1.4418094584216736,1.443526517765285,-1.5114339660212976,-2.752675497455958,4.374089489280064,1.414753553583822,-0.450342474184647,1.559088200292738,-0.4530727842656089,9.0
ID_193,-0.7036812914440965,-1.2105851160545795,-0.3810087211999231,-0.9379305900620176,-0.15105779189909693,-0.7048561921996358,-0.9354688951975273,-0.9122171603862802,-0.9222847246532806,0.5849202654881185,0.9991231520972084,0.060974101464652264,-0.31596357808214603,0.4116284137445462,0.5291531075969093,0.4143905581376286,130000.0
ID_194,-0.15894886737050795,-1.2105851160545795,0.2782647963819663,1.3847437555789985,-0.15105779189909693,1.1437501490243154,1.4303813893323656,1.4418094584216736,1.443526517765285,-1.5114339660212976,-1.0360062007493107,0.060974101464652264,1.414753553583822,1.5609229309834705,0.48929493837493176,1.5574196690565758,86000.0
ID_195,-0.05749686619913237,0.6222147155635368,-0.3810087211999231,-0.6061199692561582,-0.15105779189909693,-0.7048561921996358,-0.6725966413608725,-0.6506586471853965,-0.62655831935096,-1.5114339660212976,-1.0360062007493107,-1.3767310278071516,-0.8928692886374687,-0.16301884487491597,0.46538003684174956,-0.16785416981356907,63000.0
ID_196,-0.6662088732273852,0.6222147155635368,-0.3810087211999231,-0.6061199692561582,-0.15105779189909693,1.1437501490243154,-0.14685213368756297,-0.6506586471853965,-0.62655831935096,0.5849202654881185,0.24537153993183092,0.060974101464652264,-0.31596357808214603,0.1243047844348151,-1.1560502871081872,0.12138646377860828,170000.0
ID_197,0.5676382377018765,0.6222147155635368,-0.3810087211999231,-0.2743093484502987,-0.15105779189909693,0.21944697841233984,-0.6725966413608725,-0.6506586471853965,-0.62655831935096,0.5849202654881185,1.1875610551385527,0.060974101464652264,-0.31596357808214603,1.5609229309834705,-0.2393123950027652,1.5609820288664118,170000.0
ID_198,0.631562746555693,-1.2105851160545795,0.2782647963819663,1.3847437555789985,-0.15105779189909693,0.21944697841233984,1.4303813893323656,1.4418094584216736,1.443526517765285,0.5849202654881185,1.375998958179897,0.060974101464652264,1.414753553583822,-0.450342474184647,-0.47686708356573715,-0.4461204368947997,150000.0
ID_199,-0.5980932252990657,0.6222147155635368,-0.3810087211999231,-0.2743093484502987,-0.15105779189909693,1.1437501490243154,-0.6725966413608725,-0.6506586471853965,-0.62655831935096,0.5849202654881185,-0.5083800722335465,0.060974101464652264,-0.8928692886374687,0.4116284137445462,0.5291531075969093,0.4122933624431283,74000.0
ID_200,0.7456432390514247,-1.2105851160545795,0.2782647963819663,1.3847437555789985,-0.15105779189909693,0.21944697841233984,1.4303813893323656,1.4418094584216736,1.443526517765285,0.5849202654881185,0.810685249055864,0.060974101464652264,1.414753553583822,1.2735993016737392,0.22623102150989877,1.2780329823577354,160000.0
ID_201,-0.8879812625205259,0.6222147155635368,-0.3810087211999231,-1.2697412108678772,-0.15105779189909693,-1.6291593628116114,-0.9354688951975273,-0.9122171603862802,-0.9222847246532806,0.5849202654881185,0.43380944297317525,0.060974101464652264,-0.31596357808214603,0.1243047844348151,-1.1560502871081872,0.12621288674677333,160000.0
ID_202,0.5676382377018765,-1.2105851160545795,0.2782647963819663,1.3847437555789985,-0.15105779189909693,0.21944697841233984,1.4303813893323656,1.4418094584216736,1.443526517765285,0.5849202654881185,1.1875610551385527,0.060974101464652264,1.414753553583822,1.5609229309834705,-0.2393123950027652,1.5654062499205632,210000.0
ID_203,0.6223158050233801,0.6222147155635368,-0.3810087211999231,-0.6061199692561582,-0.15105779189909693,0.21944697841233984,-0.6725966413608725,-0.6506586471853965,-0.62655831935096,0.5849202654881185,1.375998958179897,0.060974101464652264,-0.31596357808214603,-1.5996369914235713,0.3856636983977981,-1.5997504411188237,94000.0
ID_204,0.833563533644543,0.6222147155635368,-0.3810087211999231,-0.6061199692561582,-0.15105779189909693,0.21944697841233984,-0.6725966413608725,-0.6506586471853965,-0.62655831935096,0.5849202654881185,0.9991231520972084,0.060974101464652264,-0.8928692886374687,-0.7376661034943781,0.3617487968646123,-0.736079288190573,140000.0
ID_205,-0.5249438045532752,0.6222147155635368,-0.3810087211999231,-0.6061199692561582,-0.15105779189909693,-0.7048561921996358,-0.6725966413608725,-0.6506586471853965,-0.62655831935096,-1.5114339660212976,-0.696817975274891,0.060974101464652264,-0.8928692886374687,1.5609229309834705,0.48929493837493176,1.5557821326923769,88000.0
ID_206,-0.6904139405499081,-1.2105851160545795,0.2782647963819663,1.3847437555789985,-0.15105779189909693,-0.7048561921996358,1.4303813893323656,1.4418094584216736,1.443526517765285,0.5849202654881185,0.056933636890486534,0.060974101464652264,1.414753553583822,-1.024989732804109,-0.06871943073271414,-1.019286893072544,120000.0
ID_207,0.832186681123353,-1.2105851160545795,0.2782647963819663,1.3847437555789985,-0.15105779189909693,0.21944697841233984,1.4303813893323656,1.4418094584216736,1.443526517765285,0.5849202654881185,2.1297505703452746,0.060974101464652264,1.414753553583822,-0.16301884487491597,-0.08306837165262702,-0.15891954158083496,170000.0
ID_208,-0.34569963593465586,0.6222147155635368,-0.3810087211999231,-0.6061199692561582,-0.15105779189909693,-0.7048561921996358,-0.6725966413608725,-0.6506586471853965,-0.62655831935096,-1.5114339660212976,-0.5083800722335465,0.060974101464652264,-0.31596357808214603,-0.450342474184647,1.559088200292738,-0.45516997996010916,71000.0
ID_209,-0.6662088732273852,0.6222147155635368,-0.3810087211999231,-0.6061199692561582,-0.15105779189909693,1.1437501490243154,0.11602012014909178,-0.127541620783629,-0.62655831935096,0.5849202654881185,-0.3199421691922022,0.060974101464652264,-0.31596357808214603,0.1243047844348151,-1.1560502871081872,0.12402950492784152,100000.0
ID_210,-0.25707990026077276,-1.2105851160545795,0.2782647963819663,1.3847437555789985,-0.15105779189909693,-0.7048561921996358,1.4303813893323656,1.4418094584216736,1.443526517765285,-1.5114339660212976,-0.3199421691922022,0.060974101464652264,1.414753553583822,0.4116284137445462,-1.5466603454835397,0.40875973134143606,74000.0
ID_211,0.4625183014140505,0.6222147155635368,-0.3810087211999231,-0.6061199692561582,-0.15105779189909693,0.21944697841233984,-0.6725966413608725,-0.6506586471853965,-0.62655831935096,0.5849202654881185,1.1875610551385527,0.060974101464652264,-0.8928692886374687,0.1243047844348151,-1.1560502871081872,0.12417314846856072,150000.0
ID_212,0.832186681123353,-1.2105851160545795,-0.3810087211999231,0.05750127235556074,-0.15105779189909693,0.21944697841233984,-0.6725966413608725,-0.6506586471853965,-0.62655831935096,0.5849202654881185,-0.3199421691922022,0.060974101464652264,-0.8928692886374687,-0.16301884487491597,-0.08306837165262702,-0.16118910952419827,94000.0
ID_213,-0.7036812914440965,0.6222147155635368,0.2782647963819663,1.3847437555789985,-0.15105779189909693,-0.7048561921996358,1.4303813893323656,1.4418094584216736,1.443526517765285,0.5849202654881185,1.1875610551385527,0.060974101464652264,1.414753553583822,0.4116284137445462,0.5291531075969093,0.4152524193819438,160000.0
ID_214,-0.6082378746751949,-1.2105851160545795,-0.3810087211999231,-0.2743093484502987,-0.15105779189909693,1.1437501490243154,-0.6725966413608725,-0.127541620783629,-0.3308319140486392,0.5849202654881185,-0.5083800722335465,0.060974101464652264,-0.8928692886374687,-0.450342474184647,-0.47686708356573715,-0.4523545665620129,140000.0
ID_215,0.9328951819332859,-1.2105851160545795,0.2782647963819663,1.3847437555789985,-0.15105779189909693,0.21944697841233984,1.4303813893323656,1.4418094584216736,1.443526517765285,0.5849202654881185,0.24537153993183092,0.060974101464652264,1.414753553583822,-1.024989732804109,-0.06871943073271414,-1.021613918432195,85000.0
ID_216,-0.8161646350152474,0.6222147155635368,-0.3810087211999231,-0.6061199692561582,-0.15105779189909693,-1.6291593628116114,-0.6725966413608725,-0.6506586471853965,-0.62655831935096,0.5849202654881185,0.6222473460145197,0.060974101464652264,-0.8928692886374687,-0.7376661034943781,0.3617487968646123,-0.7364527613964429,67000.0
ID_217,-0.6543238822644718,0.6222147155635368,-0.3810087211999231,-0.9379305900620176,-0.15105779189909693,1.1437501490243154,-0.9354688951975273,-0.9122171603862802,-0.62655831935096,0.5849202654881185,0.24537153993183092,0.060974101464652264,-0.31596357808214603,-1.5996369914235713,0.3856636983977981,-1.5973946870510287,220000.0
ID_218,0.5676382377018765,-1.2105851160545795,0.2782647963819663,1.3847437555789985,-0.15105779189909693,0.21944697841233984,1.4303813893323656,1.4418094584216736,1.443526517765285,0.5849202654881185,0.810685249055864,0.060974101464652264,1.414753553583822,1.5609229309834705,-0.2393123950027652,1.567560903031351,130000.0
ID_219,-0.7679747967735919,0.6222147155635368,-0.3810087211999231,-0.6061199692561582,-0.15105779189909693,-1.6291593628116114,-0.6725966413608725,-0.6506586471853965,-0.62655831935096,0.5849202654881185,0.24537153993183092,0.060974101464652264,-0.31596357808214603,-0.16301884487491597,-0.08306837165262702,-0.16199351335222578,89000.0
ID_220,-0.8175414875364376,0.6222147155635368,-0.3810087211999231,-1.2697412108678772,-0.15105779189909693,-1.6291593628116114,-0.9354688951975273,-0.9122171603862802,-0.9222847246532806,0.5849202654881185,0.24537153993183092,0.060974101464652264,-0.31596357808214603,0.6989520430542773,-0.2903308516068944,0.7009594218724289,120000.0
ID_221,-0.4820520948131594,0.6222147155635368,-0.3810087211999231,-1.2697412108678772,-0.15105779189909693,-1.6291593628116114,-0.9354688951975273,-0.9122171603862802,-0.62655831935096,-1.5114339660212976,-1.0736937813575798,-1.3767310278071516,-0.8928692886374687,-0.7376661034943781,-1.0014005905269243,-0.7410206259913135,120000.0
ID_222,-0.4528462991336738,0.6222147155635368,-0.3810087211999231,-0.6061199692561582,-0.15105779189909693,-0.7048561921996358,-0.6725966413608725,-0.6506586471853965,-0.62655831935096,-1.5114339660212976,-0.5083800722335465,0.060974101464652264,-0.8928692886374687,0.1243047844348151,5.06660709182652,0.11894452358638191,83000.0
ID_223,0.6223158050233801,-1.2105851160545795,-0.3810087211999231,-0.6061199692561582,-0.15105779189909693,0.21944697841233984,-0.6725966413608725,-0.6506586471853965,-0.62655831935096,0.5849202654881185,0.24537153993183092,0.060974101464652264,-0.8928692886374687,-1.5996369914235713,0.3856636983977981,-1.5989460372907962,66000.0
ID_224,-0.8015644908805469,0.6222147155635368,-0.3810087211999231,-0.6061199692561582,-0.15105779189909693,-0.7048561921996358,-0.6725966413608725,-0.6506586471853965,-0.62655831935096,0.5849202654881185,0.43380944297317525,0.060974101464652264,-0.8928692886374687,0.1243047844348151,-1.1560502871081872,0.12279417047765642,140000.0
ID_225,-0.6012820157381421,-1.2105851160545795,0.2782647963819663,1.3847437555789985,-0.15105779189909693,1.1437501490243154,1.4303813893323656,1.4418094584216736,1.443526517765285,0.5849202654881185,1.752874764262586,0.060974101464652264,1.414753553583822,1.2735993016737392,0.22623102150989877,1.2767689191994065,180000.0
ID_226,-0.7347210546818074,0.6222147155635368,-0.3810087211999231,-0.6061199692561582,-0.15105779189909693,-0.7048561921996358,-0.6725966413608725,-0.6506586471853965,-0.62655831935096,0.5849202654881185,0.43380944297317525,0.060974101464652264,-0.8928692886374687,-1.3123133621138403,-0.020889627666346104,-1.3132103060921672,120000.0
ID_227,-0.32767388272723436,-1.2105851160545795,-0.3810087211999231,-0.6061199692561582,-0.15105779189909693,-0.7048561921996358,-0.6725966413608725,-0.6506586471853965,-0.9222847246532806,-1.5114339660212976,-1.0360062007493107,-1.3767310278071516,-0.8928692886374687,-0.7376661034943781,-1.0014005905269243,-0.7429167207288069,59000.0
ID_228,-0.7094420423927561,0.6222147155635368,-0.3810087211999231,-0.6061199692561582,-0.15105779189909693,-0.7048561921996358,-0.6725966413608725,-0.6506586471853965,-0.62655831935096,0.5849202654881185,0.9991231520972084,0.060974101464652264,-0.31596357808214603,0.6989520430542773,-0.2903308516068944,0.699149513259367,85000.0
ID_229,2.753683507825741,-1.2105851160545795,0.2782647963819663,1.3847437555789985,-0.15105779189909693,0.21944697841233984,1.4303813893323656,1.4418094584216736,1.443526517765285,-1.5114339660212976,-0.5083800722335465,0.060974101464652264,1.414753553583822,0.9862756723640083,-2.2290322025637495,0.9832189793856532,89000.0
ID_230,-0.5812791023102916,0.6222147155635368,-0.3810087211999231,-0.6061199692561582,-0.15105779189909693,1.1437501490243154,-0.6725966413608725,-0.3891001339845127,-0.9222847246532806,0.5849202654881185,-0.3199421691922022,0.060974101464652264,-0.31596357808214603,-0.7376661034943781,0.3617487968646123,-0.7401013073307106,130000.0
ID_231,-0.7422331620374208,0.6222147155635368,-0.3810087211999231,-0.6061199692561582,-0.15105779189909693,-0.7048561921996358,-0.6725966413608725,-0.6506586471853965,-0.62655831935096,0.5849202654881185,0.43380944297317525,-1.3767310278071516,-0.8928692886374687,1.2735993016737392,0.22623102150989877,1.2736662187198717,140000.0
ID_232,-0.31916493414627917,0.6222147155635368,-0.3810087211999231,-0.6061199692561582,-0.8917670441167587,-0.7048561921996358,-0.6725966413608725,-0.6506586471853965,-0.62655831935096,-1.5114339660212976,-0.5083800722335465,0.060974101464652264,-0.8928692886374687,-1.3123133621138403,-0.10220029287917282,-1.3176632558544623,9.0
ID_233,-0.5951963275944817,0.6222147155635368,-0.3810087211999231,-0.6061199692561582,-0.8917670441167587,-0.7048561921996358,-0.6725966413608725,-0.6506586471853965,-0.9222847246532806,0.5849202654881185,-0.13150426615085783,0.060974101464652264,-0.8928692886374687,0.9862756723640083,0.9341121068921712,0.9853449037882973,9.0
ID_234,-0.6904139405499081,0.6222147155635368,-0.3810087211999231,-1.2697412108678772,-0.15105779189909693,-0.7048561921996358,-0.9354688951975273,-0.9122171603862802,-0.3308319140486392,0.5849202654881185,1.375998958179897,0.060974101464652264,-0.8928692886374687,-1.024989732804109,-0.06871943073271414,-1.0223608648439348,140000.0
ID_235,0.6223158050233801,0.6222147155635368,-0.3810087211999231,0.05750127235556074,-0.15105779189909693,0.21944697841233984,-0.6725966413608725,-0.6506586471853965,-0.62655831935096,0.5849202654881185,0.9991231520972084,0.060974101464652264,-0.31596357808214603,-1.5996369914235713,0.3856636983977981,-1.5979405325057618,130000.0
ID_236,-0.8574702106509521,0.6222147155635368,-0.3810087211999231,-1.2697412108678772,-0.8917670441167587,-1.6291593628116114,-0.9354688951975273,-0.9122171603862802,-0.9222847246532806,0.5849202654881185,-0.696817975274891,0.060974101464652264,-0.8928692886374687,-1.5996369914235713,0.3856636983977981,-1.5968488415962958,9.0
ID_237,0.832186681123353,0.6222147155635368,-0.3810087211999231,-0.6061199692561582,-0.15105779189909693,0.21944697841233984,-0.6725966413608725,-0.6506586471853965,-0.9222847246532806,0.5849202654881185,0.810685249055864,0.060974101464652264,-0.31596357808214603,-0.16301884487491597,-0.08306837165262702,-0.1611316521079106,140000.0
ID_238,-0.8574702106509521,-1.2105851160545795,0.2782647963819663,1.3847437555789985,-0.15105779189909693,-1.6291593628116114,1.4303813893323656,1.4418094584216736,1.443526517765285,0.5849202654881185,-0.696817975274891,-1.3767310278071516,1.414753553583822,-1.5996369914235713,0.3856636983977981,-1.5942345291552065,78000.0
ID_239,0.7381696835664046,-1.2105851160545795,0.2782647963819663,1.3847437555789985,-0.15105779189909693,0.21944697841233984,1.4303813893323656,1.4418094584216736,1.443526517765285,0.5849202654881185,0.43380944297317525,0.060974101464652264,1.414753553583822,0.4116284137445462,0.5291531075969093,0.4168899557461427,140000.0
ID_240,-0.7036812914440965,0.6222147155635368,-0.3810087211999231,-0.6061199692561582,-0.15105779189909693,-0.7048561921996358,-0.6725966413608725,-0.6506586471853965,-0.62655831935096,0.5849202654881185,-0.696817975274891,-1.3767310278071516,-0.31596357808214603,0.4116284137445462,0.5291531075969093,0.41077074091150484,94000.0
ID_241,-0.603887020708234,-1.2105851160545795,-0.3810087211999231,-0.6061199692561582,-0.15105779189909693,1.1437501490243154,-0.6725966413608725,-0.6506586471853965,-0.62655831935096,0.5849202654881185,-0.3199421691922022,0.060974101464652264,-0.8928692886374687,-0.16301884487491597,-0.08306837165262702,-0.16472274062589054,120000.0
ID_242,2.6266220497602295,-1.2105851160545795,0.2782647963819663,1.3847437555789985,-0.15105779189909693,0.21944697841233984,1.4303813893323656,1.4418094584216736,1.443526517765285,-1.5114339660212976,-0.5083800722335465,0.060974101464652264,1.414753553583822,0.4116284137445462,-1.5466603454835397,0.4088171887577237,90000.0
ID_243,-0.7422331620374208,0.6222147155635368,-0.3810087211999231,-0.6061199692561582,-0.15105779189909693,-0.7048561921996358,-0.6725966413608725,-0.6506586471853965,-0.62655831935096,0.5849202654881185,0.24537153993183092,0.060974101464652264,-0.31596357808214603,1.2735993016737392,0.22623102150989877,1.2738960483850226,110000.0
ID_244,-0.7094420423927561,-1.2105851160545795,-0.3810087211999231,-0.6061199692561582,-0.15105779189909693,-0.7048561921996358,-0.6725966413608725,-0.6506586471853965,-0.62655831935096,0.5849202654881185,-0.696817975274891,0.060974101464652264,-0.8928692886374687,0.6989520430542773,-0.2903308516068944,0.6983163807231956,110000.0
ID_245,-0.6082378746751949,0.6222147155635368,-0.3810087211999231,0.05750127235556074,-0.15105779189909693,1.1437501490243154,-0.14685213368756297,-0.6506586471853965,-0.3308319140486392,0.5849202654881185,0.43380944297317525,0.060974101464652264,-0.8928692886374687,-0.450342474184647,-0.47686708356573715,-0.45267058235159513,130000.0
ID_246,0.7456432390514247,0.6222147155635368,-0.3810087211999231,-0.6061199692561582,-0.15105779189909693,0.21944697841233984,-0.6725966413608725,-0.6506586471853965,-0.62655831935096,0.5849202654881185,0.056933636890486534,0.060974101464652264,-0.31596357808214603,1.2735993016737392,0.22623102150989877,1.2752175689596392,130000.0
ID_247,0.833563533644543,-1.2105851160545795,0.2782647963819663,1.3847437555789985,-0.15105779189909693,0.21944697841233984,1.4303813893323656,1.4418094584216736,1.443526517765285,0.5849202654881185,0.810685249055864,0.060974101464652264,1.414753553583822,-0.7376661034943781,0.3617487968646123,-0.7335224331657713,130000.0
ID_248,-0.6302675150142374,0.6222147155635368,-0.3810087211999231,-0.6061199692561582,-0.15105779189909693,0.21944697841233984,-0.6725966413608725,-0.6506586471853965,-0.62655831935096,0.5849202654881185,0.43380944297317525,0.060974101464652264,-0.8928692886374687,0.6989520430542773,-0.2903308516068944,0.6999539170873945,140000.0
ID_249,-0.7389782826773273,-1.2105851160545795,-0.3810087211999231,-0.6061199692561582,-0.8917670441167587,-0.7048561921996358,-0.6725966413608725,-0.6506586471853965,-0.62655831935096,0.5849202654881185,1.9413126673039303,0.060974101464652264,-0.8928692886374687,-0.7376661034943781,0.3617487968646123,-0.7382052125932171,9.0
ID_250,0.4740122662609459,0.6222147155635368,-0.3810087211999231,-0.9379305900620176,-0.15105779189909693,-0.7048561921996358,-0.9354688951975273,-0.9122171603862802,-0.62655831935096,0.5849202654881185,0.24537153993183092,0.060974101464652264,-0.8928692886374687,-1.3123133621138403,-0.020889627666346104,-1.3092170156601735,120000.0
ID_251,0.832186681123353,-1.2105851160545795,0.2782647963819663,1.3847437555789985,-0.15105779189909693,0.21944697841233984,1.4303813893323656,1.4418094584216736,1.443526517765285,0.5849202654881185,0.810685249055864,0.060974101464652264,1.414753553583822,-0.16301884487491597,-0.08306837165262702,-0.15811513775280744,140000.0
ID_252,-0.4528462991336738,0.6222147155635368,-0.3810087211999231,-0.6061199692561582,-0.15105779189909693,-0.7048561921996358,-0.6725966413608725,-0.6506586471853965,-0.62655831935096,-1.5114339660212976,-0.5083800722335465,0.060974101464652264,-0.31596357808214603,0.1243047844348151,5.06660709182652,0.11928926808410799,62000.0
ID_253,-0.7479939129860804,2.455014547181653,4.893179419455191,1.3847437555789985,5.033906973624536,2.068053319636291,1.4303813893323656,1.4418094584216736,1.443526517765285,0.5849202654881185,-2.752675497455958,4.374089489280064,1.414753553583822,-0.450342474184647,-0.47686708356573715,-0.44479891632018304,9.0
ID_254,0.801703166304203,0.6222147155635368,-0.3810087211999231,0.05750127235556074,-0.15105779189909693,0.21944697841233984,-0.6725966413608725,-0.6506586471853965,-0.62655831935096,0.5849202654881185,0.9991231520972084,0.060974101464652264,-0.31596357808214603,0.9862756723640083,0.9341121068921712,0.9859194779511741,130000.0
ID_255,-0.012275521993163018,-1.2105851160545795,-0.3810087211999231,-1.2697412108678772,-0.15105779189909693,1.1437501490243154,-0.9354688951975273,-0.9122171603862802,-0.62655831935096,-1.5114339660212976,-0.696817975274891,0.060974101464652264,-0.8928692886374687,-0.7376661034943781,-1.0014005905269243,-0.7413940991971834,66000.0
ID_256,-0.31916493414627917,0.6222147155635368,-0.3810087211999231,-0.6061199692561582,-0.15105779189909693,-0.7048561921996358,-0.6725966413608725,-0.6506586471853965,-0.62655831935096,-1.5114339660212976,-1.2056003134865207,-1.3767310278071516,-0.31596357808214603,-1.3123133621138403,-0.10220029287917282,-1.3167726659020034,49000.0
ID_257,-0.7252097574654258,-1.2105851160545795,0.2782647963819663,1.3847437555789985,-0.15105779189909693,-0.7048561921996358,1.4303813893323656,1.4418094584216736,1.443526517765285,0.5849202654881185,0.24537153993183092,0.060974101464652264,1.414753553583822,0.9862756723640083,0.9341121068921712,0.990056411923887,140000.0
ID_258,-0.6012820157381421,0.6222147155635368,-0.3810087211999231,-0.9379305900620176,-0.15105779189909693,1.1437501490243154,-0.9354688951975273,-0.9122171603862802,-0.3308319140486392,0.5849202654881185,0.6222473460145197,0.060974101464652264,-0.8928692886374687,1.2735993016737392,0.22623102150989877,1.2755623134573653,110000.0
ID_259,-0.5804089315168994,0.6222147155635368,-0.3810087211999231,0.05750127235556074,-0.15105779189909693,1.1437501490243154,-0.14685213368756297,-0.6506586471853965,-0.62655831935096,0.5849202654881185,0.810685249055864,-1.3767310278071516,-0.8928692886374687,-1.024989732804109,-0.06871943073271414,-1.0265552562329354,130000.0
ID_260,-0.7252097574654258,0.6222147155635368,-0.3810087211999231,0.05750127235556074,-0.15105779189909693,-0.7048561921996358,-0.6725966413608725,-0.6506586471853965,-0.62655831935096,0.5849202654881185,-0.3199421691922022,0.060974101464652264,-0.31596357808214603,0.9862756723640083,0.9341121068921712,0.9859482066593179,71000.0
ID_261,-0.8478322430026209,0.6222147155635368,-0.3810087211999231,-0.6061199692561582,-0.15105779189909693,-1.6291593628116114,-0.6725966413608725,-0.6506586471853965,-0.62655831935096,0.5849202654881185,0.43380944297317525,0.060974101464652264,-0.8928692886374687,-1.3123133621138403,-0.020889627666346104,-1.3108832807325161,130000.0
ID_262,-0.3341836414474214,-1.2105851160545795,-0.3810087211999231,-0.6061199692561582,-0.15105779189909693,-0.7048561921996358,-0.6725966413608725,-0.6506586471853965,-0.62655831935096,-1.5114339660212976,-0.696817975274891,-1.3767310278071516,-0.8928692886374687,1.2735993016737392,-0.7128274453598268,1.2680066632155353,70000.0
ID_263,-0.8253454876265434,-1.2105851160545795,-0.3810087211999231,-1.2697412108678772,-0.15105779189909693,-1.6291593628116114,-0.9354688951975273,-0.9122171603862802,-0.9222847246532806,0.5849202654881185,-0.5083800722335465,-1.3767310278071516,-0.8928692886374687,-0.450342474184647,-0.47686708356573715,-0.4484474622544507,94000.0
ID_264,0.832186681123353,0.6222147155635368,-0.3810087211999231,-0.6061199692561582,-0.15105779189909693,0.21944697841233984,-0.6725966413608725,-0.127541620783629,-0.62655831935096,0.5849202654881185,1.752874764262586,0.060974101464652264,-0.31596357808214603,-0.16301884487491597,-0.08306837165262702,-0.16133275306491748,160000.0
ID_265,0.4625183014140505,0.6222147155635368,-0.3810087211999231,-0.6061199692561582,-0.15105779189909693,0.21944697841233984,-0.6725966413608725,-0.6506586471853965,-0.62655831935096,0.5849202654881185,1.1875610551385527,0.060974101464652264,-0.8928692886374687,0.1243047844348151,-1.1560502871081872,0.12520738196173894,150000.0
ID_266,0.832186681123353,0.6222147155635368,-0.3810087211999231,-0.6061199692561582,-0.15105779189909693,0.21944697841233984,-0.6725966413608725,-0.6506586471853965,-0.62655831935096,0.5849202654881185,0.24537153993183092,0.060974101464652264,-0.8928692886374687,-0.16301884487491597,-0.08306837165262702,-0.16245317268252724,110000.0
ID_267,-0.17170402912681357,0.6222147155635368,-0.3810087211999231,-0.2743093484502987,-0.15105779189909693,1.1437501490243154,-0.14685213368756297,-0.3891001339845127,-0.9222847246532806,-1.5114339660212976,-0.696817975274891,0.060974101464652264,-0.8928692886374687,-1.3123133621138403,-0.10220029287917282,-1.3178643568114692,64000.0
ID_268,-0.8015644908805469,0.6222147155635368,-0.3810087211999231,-0.6061199692561582,-0.15105779189909693,-0.7048561921996358,-0.6725966413608725,-0.6506586471853965,-0.9222847246532806,0.5849202654881185,0.24537153993183092,0.060974101464652264,-0.8928692886374687,0.1243047844348151,-1.1560502871081872,0.12282289918580025,120000.0
ID_269,2.8146615522842113,0.6222147155635368,0.2782647963819663,1.3847437555789985,-0.15105779189909693,0.21944697841233984,1.4303813893323656,1.4418094584216736,1.443526517765285,-1.5114339660212976,-0.9606310395327731,-1.3767310278071516,1.414753553583822,-0.16301884487491597,0.46538003684174956,-0.16601553249236334,64000.0
ID_270,2.753683507825741,-1.2105851160545795,0.2782647963819663,1.3847437555789985,-0.15105779189909693,0.21944697841233984,1.4303813893323656,1.4418094584216736,1.443526517765285,-1.5114339660212976,-0.3199421691922022,-1.3767310278071516,1.414753553583822,0.9862756723640083,-2.2290322025637495,0.9830466071367902,92000.0
ID_271,-0.6662088732273852,0.6222147155635368,-0.3810087211999231,0.05750127235556074,-0.15105779189909693,1.1437501490243154,-0.14685213368756297,-0.3891001339845127,-0.9222847246532806,0.5849202654881185,-0.9606310395327731,-1.3767310278071516,-0.8928692886374687,0.1243047844348151,-1.1560502871081872,0.12190358052519738,100000.0
ID_272,-0.7422331620374208,-1.2105851160545795,-0.3810087211999231,0.05750127235556074,-0.15105779189909693,-0.7048561921996358,-0.6725966413608725,-0.6506586471853965,-0.62655831935096,0.5849202654881185,0.43380944297317525,-1.3767310278071516,-0.8928692886374687,1.2735993016737392,0.22623102150989877,1.2732065593895703,160000.0
ID_273,0.5676382377018765,0.6222147155635368,-0.3810087211999231,-0.6061199692561582,-0.15105779189909693,0.21944697841233984,-0.6725966413608725,-0.6506586471853965,-0.62655831935096,0.5849202654881185,0.9991231520972084,0.060974101464652264,-0.31596357808214603,1.5609229309834705,-0.2393123950027652,1.5614129594885695,97000.0
ID_274,-0.6302675150142374,-1.2105851160545795,0.2782647963819663,1.3847437555789985,-0.15105779189909693,1.1437501490243154,1.4303813893323656,1.4418094584216736,1.443526517765285,0.5849202654881185,0.056933636890486534,-1.3767310278071516,1.414753553583822,0.6989520430542773,-0.2903308516068944,0.7036024630216621,120000.0
ID_275,-0.603887020708234,-1.2105851160545795,-0.3810087211999231,-0.2743093484502987,-0.15105779189909693,1.1437501490243154,-0.14685213368756297,-0.3891001339845127,-0.62655831935096,0.5849202654881185,-0.5083800722335465,0.060974101464652264,-0.8928692886374687,-0.16301884487491597,-0.08306837165262702,-0.1648376554584659,100000.0
ID_276,0.4625183014140505,0.6222147155635368,-0.3810087211999231,-0.6061199692561582,-0.15105779189909693,0.21944697841233984,-0.6725966413608725,-0.6506586471853965,-0.62655831935096,0.5849202654881185,0.43380944297317525,0.060974101464652264,-0.8928692886374687,0.1243047844348151,-1.1560502871081872,0.12305272885095098,110000.0
ID_277,-0.8036077400219932,0.6222147155635368,-0.3810087211999231,-0.6061199692561582,-0.15105779189909693,2.068053319636291,-0.14685213368756297,-0.6506586471853965,-0.9222847246532806,2.6812744969975344,1.5644368612212416,0.060974101464652264,-0.8928692886374687,0.6989520430542773,-0.2903308516068944,0.6995517151733808,210000.0
ID_278,0.7456432390514247,0.6222147155635368,-0.3810087211999231,-0.6061199692561582,-0.15105779189909693,0.21944697841233984,-0.6725966413608725,-0.6506586471853965,-0.62655831935096,0.5849202654881185,1.5644368612212416,0.060974101464652264,-0.31596357808214603,1.2735993016737392,0.22623102150989877,1.2726032565185497,99000.0
ID_279,-0.4528462991336738,0.6222147155635368,-0.3810087211999231,-0.6061199692561582,-0.15105779189909693,-0.7048561921996358,-0.6725966413608725,-0.6506586471853965,-0.62655831935096,-1.5114339660212976,-0.5083800722335465,0.060974101464652264,-0.8928692886374687,0.1243047844348151,5.06660709182652,0.11917435325153262,81000.0
ID_280,0.751150649136185,0.6222147155635368,-0.3810087211999231,-0.6061199692561582,-0.15105779189909693,0.21944697841233984,-0.6725966413608725,-0.6506586471853965,-0.62655831935096,0.5849202654881185,0.43380944297317525,0.060974101464652264,-0.31596357808214603,0.6989520430542773,-0.2903308516068944,0.699867730962963,87000.0
ID_281,-0.31916493414627917,0.6222147155635368,-0.3810087211999231,-0.6061199692561582,-0.8917670441167587,-0.7048561921996358,-0.6725966413608725,-0.6506586471853965,-0.9222847246532806,-1.5114339660212976,-0.9229434589245042,0.060974101464652264,-0.8928692886374687,-1.3123133621138403,-0.10220029287917282,-1.3173185113567363,9.0
ID_282,2.6266220497602295,0.6222147155635368,-0.3810087211999231,-0.9379305900620176,-0.15105779189909693,0.21944697841233984,-0.9354688951975273,-0.9122171603862802,-0.62655831935096,-1.5114339660212976,-1.0360062007493107,0.060974101464652264,-0.8928692886374687,0.4116284137445462,-1.5466603454835397,0.4080415136378401,71000.0
ID_283,-0.7479939129860804,0.6222147155635368,-0.3810087211999231,-0.9379305900620176,-0.15105779189909693,-0.7048561921996358,-0.9354688951975273,-0.9122171603862802,-0.62655831935096,0.5849202654881185,0.43380944297317525,0.060974101464652264,-0.8928692886374687,-0.450342474184647,-0.47686708356573715,-0.4475856010101355,130000.0
ID_284,-0.5812791023102916,0.6222147155635368,-0.3810087211999231,-0.6061199692561582,-0.15105779189909693,1.1437501490243154,-0.6725966413608725,-0.6506586471853965,-0.9222847246532806,0.5849202654881185,0.6222473460145197,0.060974101464652264,-0.8928692886374687,-0.7376661034943781,0.3617487968646123,-0.7391819886701076,170000.0
ID_285,-0.6082378746751949,0.6222147155635368,-0.3810087211999231,-1.2697412108678772,-0.8917670441167587,1.1437501490243154,-0.9354688951975273,-0.9122171603862802,-0.9222847246532806,0.5849202654881185,1.1875610551385527,0.060974101464652264,-0.31596357808214603,-0.450342474184647,-0.47686708356573715,-0.4485336483788822,9.0
ID_286,0.5676382377018765,0.6222147155635368,-0.3810087211999231,-0.6061199692561582,-0.15105779189909693,0.21944697841233984,-0.6725966413608725,-0.6506586471853965,-0.62655831935096,0.5849202654881185,0.24537153993183092,0.060974101464652264,-0.31596357808214603,1.5609229309834705,-0.2393123950027652,1.5629643097283368,140000.0
ID_287,0.9328951819332859,-1.2105851160545795,0.2782647963819663,1.3847437555789985,-0.15105779189909693,0.21944697841233984,1.4303813893323656,1.4418094584216736,1.443526517765285,0.5849202654881185,0.43380944297317525,0.060974101464652264,1.414753553583822,-1.024989732804109,-0.06871943073271414,-1.0202923978575784,120000.0
ID_288,2.65258398089979,-1.2105851160545795,-0.3810087211999231,-0.2743093484502987,-0.15105779189909693,0.21944697841233984,-0.6725966413608725,-0.6506586471853965,-0.62655831935096,-1.5114339660212976,-0.5083800722335465,0.060974101464652264,-0.8928692886374687,0.6989520430542773,0.5769829106632773,0.6932313993817361,85000.0
ID_289,0.833563533644543,0.6222147155635368,-0.3810087211999231,-0.6061199692561582,-0.15105779189909693,0.21944697841233984,-0.6725966413608725,-0.6506586471853965,-0.62655831935096,0.5849202654881185,-0.3199421691922022,0.060974101464652264,-0.31596357808214603,-0.7376661034943781,0.3617487968646123,-0.7360218307742853,95000.0
ID_290,-0.8707816208258186,-1.2105851160545795,-0.3810087211999231,-1.2697412108678772,-0.15105779189909693,-1.6291593628116114,-0.9354688951975273,-0.9122171603862802,-0.62655831935096,0.5849202654881185,-0.696817975274891,-1.3767310278071516,-0.8928692886374687,1.2735993016737392,0.22623102150989877,1.2758783292469476,110000.0
ID_291,0.631562746555693,-1.2105851160545795,0.2782647963819663,1.3847437555789985,-0.15105779189909693,0.21944697841233984,1.4303813893323656,1.4418094584216736,1.443526517765285,0.5849202654881185,0.43380944297317525,0.060974101464652264,1.414753553583822,-0.450342474184647,-0.47686708356573715,-0.44712594167983405,130000.0
ID_292,-0.34419611298151626,-1.2105851160545795,0.2782647963819663,1.3847437555789985,-0.15105779189909693,-0.7048561921996358,1.4303813893323656,1.4418094584216736,1.443526517765285,-1.5114339660212976,-1.1867565231823862,0.060974101464652264,1.414753553583822,-1.5996369914235713,-1.1464843264949127,-1.602393482268057,56000.0
ID_293,-0.6546157749989641,-1.2105851160545795,-0.3810087211999231,-1.2697412108678772,-0.15105779189909693,1.1437501490243154,-0.9354688951975273,-0.9122171603862802,-0.3308319140486392,0.5849202654881185,0.6222473460145197,-1.3767310278071516,-0.8928692886374687,1.5609229309834705,-0.2393123950027652,1.5644007451355288,150000.0
ID_294,-0.5980932252990657,0.6222147155635368,0.2782647963819663,1.3847437555789985,-0.15105779189909693,1.1437501490243154,1.4303813893323656,1.4418094584216736,1.443526517765285,0.5849202654881185,1.1875610551385527,0.060974101464652264,1.414753553583822,0.4116284137445462,0.5291531075969093,0.4149651323005054,160000.0
ID_295,-0.32767388272723436,-1.2105851160545795,-0.3810087211999231,-0.6061199692561582,-0.8917670441167587,-0.7048561921996358,-0.6725966413608725,-0.6506586471853965,-0.9222847246532806,-1.5114339660212976,-1.5071009583526718,-1.3767310278071516,-0.8928692886374687,-0.7376661034943781,-1.0014005905269243,-0.7421410456089231,9.0
ID_296,-0.8015644908805469,-1.2105851160545795,0.2782647963819663,1.3847437555789985,-0.15105779189909693,-0.7048561921996358,1.4303813893323656,1.4418094584216736,1.443526517765285,0.5849202654881185,1.375998958179897,0.060974101464652264,1.414753553583822,0.1243047844348151,-1.1560502871081872,0.12917194368558882,160000.0
ID_297,0.7381696835664046,0.6222147155635368,-0.3810087211999231,-0.6061199692561582,-0.15105779189909693,0.21944697841233984,-0.6725966413608725,-0.6506586471853965,-0.62655831935096,0.5849202654881185,0.43380944297317525,0.060974101464652264,-0.31596357808214603,0.4116284137445462,0.5291531075969093,0.41209226148612144,98000.0
ID_298,-0.603887020708234,0.6222147155635368,-0.3810087211999231,-0.9379305900620176,-0.15105779189909693,1.1437501490243154,-0.9354688951975273,-0.9122171603862802,-0.9222847246532806,0.5849202654881185,0.24537153993183092,0.060974101464652264,-0.8928692886374687,-0.16301884487491597,-0.08306837165262702,-0.1608443650264722,120000.0
ID_299,-0.5980932252990657,0.6222147155635368,-0.3810087211999231,-0.2743093484502987,-0.15105779189909693,1.1437501490243154,-0.14685213368756297,-0.6506586471853965,-0.3308319140486392,0.5849202654881185,-0.696817975274891,-1.3767310278071516,-0.31596357808214603,0.4116284137445462,0.5291531075969093,0.4099663370834773,97000.0
ID_300,-0.6302675150142374,0.6222147155635368,0.2782647963819663,1.3847437555789985,-0.15105779189909693,1.1437501490243154,1.4303813893323656,1.4418094584216736,1.443526517765285,0.5849202654881185,1.1875610551385527,0.060974101464652264,1.414753553583822,0.6989520430542773,-0.2903308516068944,0.7033439046483676,160000.0
ID_301,-0.6302675150142374,0.6222147155635368,-0.3810087211999231,-0.6061199692561582,-0.15105779189909693,1.1437501490243154,-0.6725966413608725,-0.6506586471853965,-0.62655831935096,0.5849202654881185,0.24537153993183092,0.060974101464652264,-0.8928692886374687,0.6989520430542773,-0.2903308516068944,0.6994942577570931,150000.0
ID_302,0.7381696835664046,0.6222147155635368,-0.3810087211999231,-0.6061199692561582,-0.15105779189909693,0.21944697841233984,-0.6725966413608725,-0.6506586471853965,-0.62655831935096,0.5849202654881185,2.1297505703452746,0.060974101464652264,-0.31596357808214603,0.4116284137445462,0.5291531075969093,0.41304030885486814,160000.0
ID_303,-0.8707816208258186,0.6222147155635368,-0.3810087211999231,-0.6061199692561582,-0.15105779189909693,-1.6291593628116114,-0.6725966413608725,-0.6506586471853965,-0.62655831935096,0.5849202654881185,0.43380944297317525,0.060974101464652264,-0.8928692886374687,1.2735993016737392,0.22623102150989877,1.2749302818782007,160000.0
ID_304,-0.34569963593465586,-1.2105851160545795,-0.3810087211999231,0.05750127235556074,-0.15105779189909693,-0.7048561921996358,-0.6725966413608725,-0.6506586471853965,-0.9222847246532806,-1.5114339660212976,-0.8852558783162353,0.060974101464652264,-0.8928692886374687,-0.450342474184647,1.559088200292738,-0.4555721818741229,68000.0
ID_305,-0.8707816208258186,-1.2105851160545795,0.2782647963819663,1.3847437555789985,-0.15105779189909693,-1.6291593628116114,1.4303813893323656,1.4418094584216736,1.443526517765285,0.5849202654881185,-0.5083800722335465,-1.3767310278071516,1.414753553583822,1.2735993016737392,0.22623102150989877,1.2786937426450438,120000.0
ID_306,2.3949142926741804,0.6222147155635368,-0.3810087211999231,-0.6061199692561582,-0.15105779189909693,0.21944697841233984,-0.6725966413608725,-0.6506586471853965,-0.62655831935096,-1.5114339660212976,-0.3199421691922022,0.060974101464652264,-0.31596357808214603,-1.5996369914235713,-1.1464843264949127,-1.6053238104987286,72000.0
ID_307,-0.5812791023102916,-1.2105851160545795,0.2782647963819663,1.3847437555789985,-0.8917670441167587,1.1437501490243154,1.4303813893323656,1.4418094584216736,1.443526517765285,0.5849202654881185,-0.9606310395327731,0.060974101464652264,1.414753553583822,-0.7376661034943781,0.3617487968646123,-0.7330340451273261,9.0
ID_308,-0.8707816208258186,0.6222147155635368,-0.3810087211999231,-1.2697412108678772,-0.15105779189909693,-1.6291593628116114,-0.9354688951975273,-0.9122171603862802,-0.62655831935096,0.5849202654881185,0.24537153993183092,0.060974101464652264,-0.31596357808214603,1.2735993016737392,0.22623102150989877,1.276309259869105,67000.0
ID_309,-0.7252097574654258,-1.2105851160545795,0.2782647963819663,1.3847437555789985,-0.15105779189909693,-0.7048561921996358,1.4303813893323656,1.4418094584216736,1.443526517765285,0.5849202654881185,0.43380944297317525,0.060974101464652264,1.414753553583822,0.9862756723640083,0.9341121068921712,0.9911193741252091,150000.0
ID_310,0.833563533644543,0.6222147155635368,-0.3810087211999231,-0.2743093484502987,-0.15105779189909693,0.21944697841233984,-0.6725966413608725,-0.6506586471853965,-0.62655831935096,0.5849202654881185,0.810685249055864,0.060974101464652264,-0.31596357808214603,-0.7376661034943781,0.3617487968646123,-0.7394692757515461,110000.0
ID_311,-0.4848057998555397,0.6222147155635368,-0.3810087211999231,-1.2697412108678772,-0.15105779189909693,-1.6291593628116114,-0.9354688951975273,-0.9122171603862802,-0.62655831935096,-1.5114339660212976,-1.0360062007493107,0.060974101464652264,-0.31596357808214603,0.6989520430542773,0.5769829106632773,0.694840207037791,68000.0
ID_312,2.6266220497602295,0.6222147155635368,-0.3810087211999231,-0.9379305900620176,-0.15105779189909693,0.21944697841233984,-0.9354688951975273,-0.9122171603862802,-0.62655831935096,-1.5114339660212976,-1.0360062007493107,0.060974101464652264,-0.31596357808214603,0.4116284137445462,-1.5466603454835397,0.40798405622155237,71000.0
ID_313,2.2855536506210883,0.6222147155635368,-0.3810087211999231,-0.6061199692561582,-0.15105779189909693,0.21944697841233984,-0.6725966413608725,-0.6506586471853965,-0.3308319140486392,-1.5114339660212976,-0.13150426615085783,0.060974101464652264,-0.31596357808214603,1.5609229309834705,0.48929493837493176,1.554862814031774,110000.0
ID_314,-0.8253454876265434,-1.2105851160545795,-0.3810087211999231,-1.2697412108678772,-0.15105779189909693,-1.6291593628116114,-0.9354688951975273,-0.9122171603862802,-0.62655831935096,0.5849202654881185,-0.5083800722335465,0.060974101464652264,-0.31596357808214603,-0.450342474184647,-0.47686708356573715,-0.447671787134567,110000.0
ID_315,-0.8083661423352263,0.6222147155635368,-0.3810087211999231,-0.6061199692561582,-0.15105779189909693,-1.6291593628116114,-0.6725966413608725,-0.6506586471853965,-0.62655831935096,0.5849202654881185,-0.3199421691922022,0.060974101464652264,-0.8928692886374687,0.4116284137445462,0.5291531075969093,0.4125806495245667,110000.0
ID_316,-0.7472393978044682,-1.2105851160545795,0.2782647963819663,1.3847437555789985,-0.15105779189909693,-0.7048561921996358,1.4303813893323656,1.4418094584216736,1.443526517765285,0.5849202654881185,0.24537153993183092,0.060974101464652264,1.414753553583822,-1.5996369914235713,0.3856636983977981,-1.5939472420737681,120000.0
ID_317,-0.5249438045532752,0.6222147155635368,-0.3810087211999231,-0.6061199692561582,-0.15105779189909693,-0.7048561921996358,-0.6725966413608725,-0.6506586471853965,-0.62655831935096,-1.5114339660212976,-0.9606310395327731,-1.3767310278071516,-0.31596357808214603,1.5609229309834705,0.48929493837493176,1.5558970475249523,77000.0
ID_318,0.9328951819332859,0.6222147155635368,-0.3810087211999231,0.05750127235556074,-0.15105779189909693,0.21944697841233984,-0.6725966413608725,-0.6506586471853965,-0.62655831935096,0.5849202654881185,1.5644368612212416,0.060974101464652264,-0.31596357808214603,-1.024989732804109,-0.06871943073271414,-1.0235100131696884,150000.0
ID_319,-0.7422331620374208,-1.2105851160545795,-0.3810087211999231,-0.6061199692561582,-0.15105779189909693,-0.7048561921996358,-0.6725966413608725,-0.6506586471853965,-0.62655831935096,0.5849202654881185,0.056933636890486534,0.060974101464652264,-0.8928692886374687,1.2735993016737392,0.22623102150989877,1.2735225751791526,120000.0
ID_320,-0.3341836414474214,0.6222147155635368,-0.3810087211999231,-0.6061199692561582,-0.8917670441167587,-0.7048561921996358,-0.6725966413608725,-0.3891001339845127,-0.62655831935096,-1.5114339660212976,-0.5083800722335465,0.060974101464652264,-0.8928692886374687,1.2735993016737392,-0.7128274453598268,1.268092849339967,9.0
ID_321,-0.010540687816463355,-1.2105851160545795,-0.3810087211999231,-0.6061199692561582,-0.15105779189909693,1.1437501490243154,-0.6725966413608725,-0.6506586471853965,-0.9222847246532806,-1.5114339660212976,-1.5071009583526718,-1.3767310278071516,-0.8928692886374687,-1.024989732804109,0.19912746643895535,-1.030577275373073,47700.0
ID_322,0.7381696835664046,0.6222147155635368,-0.3810087211999231,0.05750127235556074,-0.15105779189909693,0.21944697841233984,-0.6725966413608725,-0.6506586471853965,-0.62655831935096,0.5849202654881185,1.5644368612212416,0.060974101464652264,-0.31596357808214603,0.4116284137445462,0.5291531075969093,0.41318395239558736,210000.0
ID_323,0.833563533644543,-1.2105851160545795,0.2782647963819663,1.3847437555789985,-0.15105779189909693,0.21944697841233984,1.4303813893323656,1.4418094584216736,1.443526517765285,0.5849202654881185,0.810685249055864,0.060974101464652264,1.414753553583822,-0.7376661034943781,0.3617487968646123,-0.7338384489553536,82000.0
ID_324,0.7381696835664046,-1.2105851160545795,0.2782647963819663,1.3847437555789985,-0.15105779189909693,0.21944697841233984,1.4303813893323656,1.4418094584216736,1.443526517765285,0.5849202654881185,1.375998958179897,0.060974101464652264,1.414753553583822,0.4116284137445462,0.5291531075969093,0.4151087758412246,170000.0
ID_325,-0.010540687816463355,-1.2105851160545795,-0.3810087211999231,-0.6061199692561582,-0.15105779189909693,1.1437501490243154,-0.6725966413608725,-0.6506586471853965,-0.62655831935096,-1.5114339660212976,-1.1867565231823862,-1.3767310278071516,-0.8928692886374687,-1.024989732804109,0.19912746643895535,-1.0306347327893608,55000.0
ID_326,-0.7389782826773273,-1.2105851160545795,0.2782647963819663,1.3847437555789985,-0.15105779189909693,-0.7048561921996358,1.4303813893323656,1.4418094584216736,1.443526517765285,0.5849202654881185,-0.13150426615085783,0.060974101464652264,1.414753553583822,-0.7376661034943781,0.3617487968646123,-0.7332638747924768,110000.0
ID_327,-0.46644409463294784,0.6222147155635368,-0.3810087211999231,-0.6061199692561582,-0.15105779189909693,-1.6291593628116114,-0.6725966413608725,-0.6506586471853965,-0.62655831935096,-1.5114339660212976,-0.9606310395327731,-1.3767310278071516,-0.8928692886374687,0.4116284137445462,-1.5466603454835397,0.4072658385179564,92000.0
ID_328,-0.7479939129860804,0.6222147155635368,-0.3810087211999231,-0.6061199692561582,-0.15105779189909693,-0.7048561921996358,-0.6725966413608725,-0.6506586471853965,-0.62655831935096,0.5849202654881185,0.24537153993183092,0.060974101464652264,-0.8928692886374687,-0.450342474184647,-0.47686708356573715,-0.4510617746955401,120000.0
ID_329,0.7456432390514247,-1.2105851160545795,-0.3810087211999231,-0.6061199692561582,-0.15105779189909693,0.21944697841233984,-0.6725966413608725,-0.6506586471853965,-0.3308319140486392,0.5849202654881185,-0.13150426615085783,0.060974101464652264,-0.8928692886374687,1.2735993016737392,0.22623102150989877,1.2725170703941182,140000.0
ID_330,-0.6543238822644718,-1.2105851160545795,0.2782647963819663,1.3847437555789985,-0.15105779189909693,1.1437501490243154,1.4303813893323656,1.4418094584216736,1.443526517765285,0.5849202654881185,0.43380944297317525,0.060974101464652264,1.414753553583822,-1.5996369914235713,0.3856636983977981,-1.5943781726959256,110000.0
ID_331,-0.49398114505675095,0.6222147155635368,-0.3810087211999231,-1.2697412108678772,-0.15105779189909693,-1.6291593628116114,-0.9354688951975273,-0.9122171603862802,-0.62655831935096,-1.5114339660212976,-1.2432878940947896,-1.3767310278071516,-0.8928692886374687,0.9862756723640083,-2.2290322025637495,0.982529490390201,70000.0
ID_332,-0.7104388836180978,0.6222147155635368,-0.3810087211999231,-0.6061199692561582,-0.15105779189909693,-0.7048561921996358,-0.6725966413608725,-0.6506586471853965,-0.62655831935096,0.5849202654881185,1.1875610551385527,0.060974101464652264,-0.8928692886374687,-0.16301884487491597,-0.08306837165262702,-0.16299901813726017,140000.0
ID_333,-0.7094420423927561,0.6222147155635368,-0.3810087211999231,-0.6061199692561582,-0.15105779189909693,-0.7048561921996358,-0.6725966413608725,-0.6506586471853965,-0.62655831935096,0.5849202654881185,1.5644368612212416,-1.3767310278071516,-0.8928692886374687,0.6989520430542773,-0.2903308516068944,0.6979716362254695,170000.0
ID_334,0.801703166304203,-1.2105851160545795,0.2782647963819663,1.3847437555789985,-0.15105779189909693,0.21944697841233984,1.4303813893323656,1.4418094584216736,1.443526517765285,0.5849202654881185,-0.3199421691922022,0.060974101464652264,1.414753553583822,0.9862756723640083,0.9341121068921712,0.9916364908717982,130000.0
ID_335,-0.7479939129860804,0.6222147155635368,-0.3810087211999231,-0.6061199692561582,-0.15105779189909693,-0.7048561921996358,-0.6725966413608725,-0.6506586471853965,-0.9222847246532806,0.5849202654881185,0.24537153993183092,0.060974101464652264,-0.8928692886374687,-0.450342474184647,-0.47686708356573715,-0.4516363488584169,100000.0
ID_336,0.4625183014140505,0.6222147155635368,-0.3810087211999231,-0.2743093484502987,-0.15105779189909693,0.21944697841233984,-0.6725966413608725,-0.6506586471853965,-0.62655831935096,0.5849202654881185,2.1297505703452746,0.060974101464652264,-0.31596357808214603,0.1243047844348151,-1.1560502871081872,0.12477645133958135,170000.0
ID_337,-0.7679747967735919,0.6222147155635368,-0.3810087211999231,-0.6061199692561582,-0.8917670441167587,-1.6291593628116114,-0.6725966413608725,-0.6506586471853965,-0.62655831935096,0.5849202654881185,0.056933636890486534,0.060974101464652264,-0.8928692886374687,-0.16301884487491597,-0.08306837165262702,-0.1619360559359381,9.0
ID_338,-0.3902600909304541,0.6222147155635368,-0.3810087211999231,-0.6061199692561582,-0.15105779189909693,-1.6291593628116114,-0.6725966413608725,-0.6506586471853965,-0.62655831935096,-1.5114339660212976,-1.6766950710898816,-1.3767310278071516,-0.8928692886374687,-1.024989732804109,0.19912746643895535,-1.0292557547984564,50000.0
ID_339,-0.25707990026077276,-1.2105851160545795,0.2782647963819663,1.3847437555789985,-0.15105779189909693,-0.7048561921996358,1.4303813893323656,1.4418094584216736,1.443526517765285,-1.5114339660212976,-0.696817975274891,0.060974101464652264,1.414753553583822,0.4116284137445462,-1.5466603454835397,0.40878846004957986,82000.0
ID_340,0.7381696835664046,0.6222147155635368,-0.3810087211999231,-0.6061199692561582,-0.15105779189909693,0.21944697841233984,-0.6725966413608725,-0.6506586471853965,-0.62655831935096,0.5849202654881185,0.43380944297317525,0.060974101464652264,-0.8928692886374687,0.4116284137445462,0.5291531075969093,0.41283920789786127,120000.0
ID_341,-0.6609933558771169,0.6222147155635368,-0.3810087211999231,-0.2743093484502987,-0.15105779189909693,1.1437501490243154,-0.14685213368756297,-0.6506586471853965,-0.62655831935096,0.5849202654881185,0.24537153993183092,0.060974101464652264,-0.8928692886374687,-1.3123133621138403,-0.020889627666346104,-1.3137561515469003,120000.0
ID_342,0.9328951819332859,-1.2105851160545795,0.2782647963819663,1.3847437555789985,-0.15105779189909693,0.21944697841233984,1.4303813893323656,1.4418094584216736,1.443526517765285,0.5849202654881185,0.9991231520972084,0.060974101464652264,1.414753553583822,-1.024989732804109,-0.06871943073271414,-1.0207807858960236,210000.0
ID_343,-0.5804089315168994,2.455014547181653,4.893179419455191,1.3847437555789985,5.033906973624536,2.068053319636291,1.4303813893323656,1.4418094584216736,1.443526517765285,0.5849202654881185,-2.752675497455958,4.374089489280064,1.414753553583822,-1.024989732804109,-0.06871943073271414,-1.0192294356562563,9.0
ID_344,-0.6012820157381421,-1.2105851160545795,-0.3810087211999231,-0.6061199692561582,-0.15105779189909693,1.1437501490243154,-0.14685213368756297,-0.127541620783629,-0.9222847246532806,0.5849202654881185,0.810685249055864,0.060974101464652264,-0.8928692886374687,1.2735993016737392,0.22623102150989877,1.2721435971882482,180000.0
ID_345,-0.05749686619913237,0.6222147155635368,-0.3810087211999231,-0.2743093484502987,-0.15105779189909693,1.1437501490243154,-0.14685213368756297,-0.6506586471853965,-0.62655831935096,-1.5114339660212976,-0.696817975274891,-1.3767310278071516,-0.8928692886374687,-0.16301884487491597,0.46538003684174956,-0.16883094589045963,73000.0
ID_346,-0.34419611298151626,-1.2105851160545795,-0.3810087211999231,-0.6061199692561582,-0.15105779189909693,-0.7048561921996358,-0.6725966413608725,-0.6506586471853965,-0.9222847246532806,-1.5114339660212976,-0.696817975274891,0.060974101464652264,-0.8928692886374687,-1.5996369914235713,-1.1464843264949127,-1.6039448325078243,54000.0
ID_347,-0.603887020708234,0.6222147155635368,-0.3810087211999231,-1.2697412108678772,-0.15105779189909693,1.1437501490243154,-0.9354688951975273,-0.9122171603862802,-0.9222847246532806,0.5849202654881185,1.1875610551385527,0.060974101464652264,-0.8928692886374687,-0.16301884487491597,-0.08306837165262702,-0.16095927985904757,200000.0
ID_348,-0.7347210546818074,-1.2105851160545795,-0.3810087211999231,-1.2697412108678772,-0.8917670441167587,-0.7048561921996358,-0.9354688951975273,-0.9122171603862802,-0.3308319140486392,0.5849202654881185,0.056933636890486534,0.060974101464652264,-0.8928692886374687,-1.3123133621138403,-0.020889627666346104,-1.3095617601578997,9.0
ID_349,-0.8478322430026209,-1.2105851160545795,-0.3810087211999231,-0.6061199692561582,-0.8917670441167587,-1.6291593628116114,-0.6725966413608725,-0.6506586471853965,-0.62655831935096,0.5849202654881185,-0.696817975274891,0.060974101464652264,-0.8928692886374687,-1.3123133621138403,-0.020889627666346104,-1.3109407381488039,9.0
ID_350,-0.8083661423352263,0.6222147155635368,-0.3810087211999231,-0.6061199692561582,-0.15105779189909693,-1.6291593628116114,-0.6725966413608725,-0.6506586471853965,-0.62655831935096,0.5849202654881185,1.1875610551385527,0.060974101464652264,-0.8928692886374687,0.4116284137445462,0.5291531075969093,0.41260937823271054,160000.0
ID_351,0.4740122662609459,-1.2105851160545795,0.2782647963819663,1.3847437555789985,-0.15105779189909693,0.21944697841233984,1.4303813893323656,1.4418094584216736,1.443526517765285,0.5849202654881185,1.375998958179897,0.060974101464652264,1.414753553583822,-1.3123133621138403,-0.020889627666346104,-1.3081827821669954,110000.0
ID_352,0.833563533644543,0.6222147155635368,-0.3810087211999231,-0.6061199692561582,-0.15105779189909693,0.21944697841233984,-0.6725966413608725,-0.6506586471853965,-0.62655831935096,0.5849202654881185,0.43380944297317525,0.060974101464652264,-0.8928692886374687,-0.7376661034943781,0.3617487968646123,-0.736625133645306,160000.0
ID_353,-0.6012820157381421,0.6222147155635368,-0.3810087211999231,0.05750127235556074,-0.15105779189909693,1.1437501490243154,-0.6725966413608725,-0.6506586471853965,-0.62655831935096,0.5849202654881185,0.43380944297317525,0.060974101464652264,-0.31596357808214603,1.2735993016737392,0.22623102150989877,1.2742695215908924,140000.0
ID_354,0.631562746555693,-1.2105851160545795,0.2782647963819663,1.3847437555789985,-0.15105779189909693,0.21944697841233984,1.4303813893323656,1.4418094584216736,1.443526517765285,0.5849202654881185,0.9991231520972084,0.060974101464652264,1.414753553583822,-0.450342474184647,-0.47686708356573715,-0.445172389526053,92000.0
ID_355,-0.3341836414474214,0.6222147155635368,0.2782647963819663,1.3847437555789985,-0.15105779189909693,-0.7048561921996358,1.4303813893323656,1.4418094584216736,1.443526517765285,-1.5114339660212976,-0.696817975274891,0.060974101464652264,1.414753553583822,1.2735993016737392,-0.7128274453598268,1.270247502450755,78000.0
ID_356,-0.3902600909304541,0.6222147155635368,-0.3810087211999231,-0.6061199692561582,-0.15105779189909693,-1.6291593628116114,-0.6725966413608725,-0.6506586471853965,-0.62655831935096,-1.5114339660212976,-1.6766950710898816,-1.3767310278071516,-0.8928692886374687,-1.024989732804109,0.19912746643895535,-1.0291982973821687,42400.0
ID_357,0.4740122662609459,-1.2105851160545795,0.2782647963819663,1.3847437555789985,-0.15105779189909693,0.21944697841233984,1.4303813893323656,1.4418094584216736,1.443526517765285,0.5849202654881185,1.1875610551385527,0.060974101464652264,1.414753553583822,-1.3123133621138403,-0.020889627666346104,-1.30806786733442,89000.0
ID_358,-0.34569963593465586,0.6222147155635368,-0.3810087211999231,-0.2743093484502987,-0.8917670441167587,-0.7048561921996358,0.11602012014909178,-0.6506586471853965,-0.9222847246532806,-1.5114339660212976,-0.3199421691922022,0.060974101464652264,-0.8928692886374687,-0.450342474184647,1.559088200292738,-0.4555434531659791,9.0
ID_359,-0.34419611298151626,-1.2105851160545795,0.2782647963819663,1.3847437555789985,-0.15105779189909693,-0.7048561921996358,1.4303813893323656,1.4418094584216736,1.443526517765285,-1.5114339660212976,-1.5071009583526718,-1.3767310278071516,1.414753553583822,-1.5996369914235713,-1.1464843264949127,-1.6026807693494953,48200.0
ID_360,-0.6662088732273852,-1.2105851160545795,0.2782647963819663,1.3847437555789985,-0.15105779189909693,1.1437501490243154,1.4303813893323656,1.4418094584216736,1.443526517765285,0.5849202654881185,0.056933636890486534,0.060974101464652264,1.414753553583822,0.1243047844348151,-1.1560502871081872,0.12753440732138996,130000.0
ID_361,-0.7036812914440965,0.6222147155635368,-0.3810087211999231,-0.6061199692561582,-0.8917670441167587,-0.7048561921996358,-0.6725966413608725,-0.6506586471853965,-0.9222847246532806,0.5849202654881185,-0.696817975274891,-1.3767310278071516,-0.8928692886374687,0.4116284137445462,0.5291531075969093,0.4110580279929432,9.0
ID_362,0.4625183014140505,0.6222147155635368,-0.3810087211999231,-0.6061199692561582,-0.15105779189909693,0.21944697841233984,-0.6725966413608725,-0.6506586471853965,-0.62655831935096,0.5849202654881185,1.1875610551385527,0.060974101464652264,-0.8928692886374687,0.1243047844348151,-1.1560502871081872,0.12529356808617045,170000.0
ID_363,0.5676382377018765,0.6222147155635368,-0.3810087211999231,-0.6061199692561582,-0.15105779189909693,0.21944697841233984,-0.6725966413608725,-0.6506586471853965,-0.62655831935096,0.5849202654881185,2.1297505703452746,0.060974101464652264,-0.31596357808214603,1.5609229309834705,-0.2393123950027652,1.561154401115275,210000.0
ID_364,0.833563533644543,0.6222147155635368,-0.3810087211999231,-0.6061199692561582,-0.15105779189909693,0.21944697841233984,-0.6725966413608725,-0.6506586471853965,-0.9222847246532806,0.5849202654881185,1.752874764262586,0.060974101464652264,-0.31596357808214603,-0.7376661034943781,0.3617487968646123,-0.7356196288602715,110000.0
ID_365,-0.7036812914440965,0.6222147155635368,-0.3810087211999231,-1.2697412108678772,-0.15105779189909693,-0.7048561921996358,-0.9354688951975273,-0.9122171603862802,-0.62655831935096,0.5849202654881185,0.24537153993183092,0.060974101464652264,-0.31596357808214603,0.4116284137445462,0.5291531075969093,0.41476403134349854,130000.0
ID_366,-0.05749686619913237,0.6222147155635368,0.2782647963819663,1.3847437555789985,-0.15105779189909693,1.1437501490243154,1.4303813893323656,1.4418094584216736,1.443526517765285,-1.5114339660212976,-0.696817975274891,0.060974101464652264,1.414753553583822,-0.16301884487491597,0.46538003684174956,-0.1662740908656579,70000.0
ID_367,-0.8240897981272179,-1.2105851160545795,0.2782647963819663,1.3847437555789985,-0.15105779189909693,2.068053319636291,1.4303813893323656,1.4418094584216736,1.443526517765285,2.6812744969975344,2.883502182510652,0.060974101464652264,1.414753553583822,-1.3123133621138403,-0.020889627666346104,-1.3087286276217283,290000.0
ID_368,0.5676382377018765,0.6222147155635368,-0.3810087211999231,-0.6061199692561582,-0.15105779189909693,0.21944697841233984,-0.6725966413608725,-0.6506586471853965,-0.62655831935096,0.5849202654881185,0.810685249055864,0.060974101464652264,-0.31596357808214603,1.5609229309834705,-0.2393123950027652,1.563107953269056,160000.0
ID_369,0.832186681123353,-1.2105851160545795,0.2782647963819663,1.3847437555789985,-0.15105779189909693,0.21944697841233984,1.4303813893323656,1.4418094584216736,1.443526517765285,0.5849202654881185,0.056933636890486534,0.060974101464652264,1.414753553583822,-0.16301884487491597,-0.08306837165262702,-0.15797149421208825,99000.0
ID_370,0.832186681123353,-1.2105851160545795,0.2782647963819663,1.3847437555789985,-0.15105779189909693,0.21944697841233984,1.4303813893323656,1.4418094584216736,1.443526517765285,0.5849202654881185,0.9991231520972084,0.060974101464652264,1.414753553583822,-0.16301884487491597,-0.08306837165262702,-0.15906318512155415,140000.0
ID_371,-0.6082378746751949,0.6222147155635368,-0.3810087211999231,-0.6061199692561582,-0.15105779189909693,1.1437501490243154,-0.14685213368756297,-0.6506586471853965,-0.62655831935096,0.5849202654881185,0.24537153993183092,0.060974101464652264,-0.31596357808214603,-0.450342474184647,-0.47686708356573715,-0.4526418536434513,140000.0
ID_372,-0.7104388836180978,-1.2105851160545795,0.2782647963819663,1.3847437555789985,-0.15105779189909693,-0.7048561921996358,1.4303813893323656,1.4418094584216736,1.443526517765285,0.5849202654881185,0.24537153993183092,0.060974101464652264,1.414753553583822,-0.16301884487491597,-0.08306837165262702,-0.15759802100621834,120000.0
ID_373,0.751150649136185,0.6222147155635368,-0.3810087211999231,-0.6061199692561582,-0.15105779189909693,0.21944697841233984,-0.6725966413608725,-0.6506586471853965,-0.62655831935096,0.5849202654881185,2.1297505703452746,0.060974101464652264,-0.31596357808214603,0.6989520430542773,-0.2903308516068944,0.6985462103883463,150000.0
ID_374,-0.6302675150142374,0.6222147155635368,-0.3810087211999231,-0.6061199692561582,-0.15105779189909693,-0.7048561921996358,-0.6725966413608725,-0.6506586471853965,-0.9222847246532806,0.5849202654881185,-0.3199421691922022,0.060974101464652264,-0.8928692886374687,0.6989520430542773,-0.2903308516068944,0.6976268917277435,120000.0
ID_375,-0.7702713867789371,-1.2105851160545795,-0.3810087211999231,-1.2697412108678772,-0.15105779189909693,-1.6291593628116114,-0.9354688951975273,-0.9122171603862802,-0.62655831935096,0.5849202654881185,-0.5083800722335465,0.060974101464652264,-0.8928692886374687,-1.024989732804109,-0.06871943073271414,-1.022188492595072,140000.0
ID_376,-0.2685958947480072,0.6222147155635368,-0.3810087211999231,-0.6061199692561582,-0.15105779189909693,-0.7048561921996358,-0.6725966413608725,-0.6506586471853965,-0.62655831935096,-1.5114339660212976,-0.696817975274891,0.060974101464652264,-0.8928692886374687,0.6989520430542773,0.5769829106632773,0.6933750429224552,80000.0
ID_377,-0.5951963275944817,0.6222147155635368,-0.3810087211999231,-0.9379305900620176,-0.15105779189909693,1.1437501490243154,-0.9354688951975273,-0.9122171603862802,-0.9222847246532806,0.5849202654881185,0.6222473460145197,0.060974101464652264,-0.31596357808214603,0.9862756723640083,0.9341121068921712,0.9883901468515444,150000.0
ID_378,-0.6012820157381421,-1.2105851160545795,0.2782647963819663,1.3847437555789985,-0.15105779189909693,1.1437501490243154,1.4303813893323656,1.4418094584216736,1.443526517765285,0.5849202654881185,0.24537153993183092,0.060974101464652264,1.414753553583822,1.2735993016737392,0.22623102150989877,1.2777169665681531,120000.0
ID_379,2.6415691607302696,0.6222147155635368,-0.3810087211999231,-0.2743093484502987,-0.15105779189909693,1.1437501490243154,-0.6725966413608725,-0.6506586471853965,-0.62655831935096,-1.5114339660212976,-0.696817975274891,0.060974101464652264,-0.8928692886374687,1.2735993016737392,-0.7128274453598268,1.2688110670435628,59000.0
ID_380,0.6223158050233801,-1.2105851160545795,0.2782647963819663,1.3847437555789985,-0.15105779189909693,0.21944697841233984,1.4303813893323656,1.4418094584216736,1.443526517765285,0.5849202654881185,0.43380944297317525,0.060974101464652264,1.414753553583822,-1.5996369914235713,0.3856636983977981,-1.59538367748096,120000.0
ID_381,-0.7702713867789371,-1.2105851160545795,0.2782647963819663,1.3847437555789985,-0.15105779189909693,-1.6291593628116114,1.4303813893323656,1.4418094584216736,1.443526517765285,0.5849202654881185,0.43380944297317525,-1.3767310278071516,1.414753553583822,-1.024989732804109,-0.06871943073271414,-1.0200338394842838,140000.0
ID_382,-0.5951963275944817,0.6222147155635368,-0.3810087211999231,-0.9379305900620176,-0.15105779189909693,1.1437501490243154,-0.9354688951975273,-0.9122171603862802,-0.9222847246532806,0.5849202654881185,0.43380944297317525,0.060974101464652264,-0.31596357808214603,0.9862756723640083,0.9341121068921712,0.9876719291479483,140000.0
ID_383,-0.8161646350152474,0.6222147155635368,-0.3810087211999231,-1.2697412108678772,-0.15105779189909693,-1.6291593628116114,-0.9354688951975273,-0.9122171603862802,-0.62655831935096,0.5849202654881185,-0.13150426615085783,0.060974101464652264,-0.8928692886374687,-0.7376661034943781,0.3617487968646123,-0.7349014111566756,94000.0
ID_384,-1.095208581779814,2.455014547181653,4.893179419455191,1.3847437555789985,5.033906973624536,2.068053319636291,1.4303813893323656,1.4418094584216736,1.443526517765285,-1.5114339660212976,-2.752675497455958,4.374089489280064,1.414753553583822,1.5609229309834705,0.48929493837493176,1.558453902549754,9.0
ID_385,-0.7347210546818074,0.6222147155635368,-0.3810087211999231,-0.6061199692561582,-0.15105779189909693,-0.7048561921996358,-0.6725966413608725,-0.3891001339845127,-0.62655831935096,0.5849202654881185,0.6222473460145197,0.060974101464652264,-0.31596357808214603,-1.3123133621138403,-0.020889627666346104,-1.313066662551448,140000.0
ID_386,-0.34419611298151626,0.6222147155635368,-0.3810087211999231,-1.2697412108678772,-0.15105779189909693,-0.7048561921996358,-0.9354688951975273,-0.9122171603862802,-0.62655831935096,-1.5114339660212976,-0.5083800722335465,0.060974101464652264,-0.8928692886374687,-1.5996369914235713,-1.1464843264949127,-1.6031691573879405,85000.0
ID_387,-0.5812791023102916,0.6222147155635368,-0.3810087211999231,-0.6061199692561582,-0.15105779189909693,-0.7048561921996358,-0.6725966413608725,-0.6506586471853965,-0.62655831935096,0.5849202654881185,0.056933636890486534,0.060974101464652264,-0.8928692886374687,-0.7376661034943781,0.3617487968646123,-0.7373720800570458,93000.0
ID_388,-0.8175414875364376,0.6222147155635368,-0.3810087211999231,-1.2697412108678772,-0.15105779189909693,-1.6291593628116114,-0.9354688951975273,-0.9122171603862802,-0.62655831935096,0.5849202654881185,0.6222473460145197,0.060974101464652264,-0.31596357808214603,0.6989520430542773,-0.2903308516068944,0.701476538619018,140000.0
ID_389,0.7456432390514247,0.6222147155635368,-0.3810087211999231,-1.2697412108678772,-0.15105779189909693,0.21944697841233984,-0.9354688951975273,-0.9122171603862802,-0.62655831935096,0.5849202654881185,0.24537153993183092,-1.3767310278071516,-0.8928692886374687,1.2735993016737392,0.22623102150989877,1.2765390895342557,110000.0
ID_390,-0.5951963275944817,-1.2105851160545795,-0.3810087211999231,-0.6061199692561582,-0.15105779189909693,1.1437501490243154,-0.14685213368756297,-0.6506586471853965,-0.62655831935096,0.5849202654881185,-0.9606310395327731,-1.3767310278071516,-0.8928692886374687,0.9862756723640083,0.9341121068921712,0.9844543138358383,97000.0
ID_391,-0.6546157749989641,-1.2105851160545795,0.2782647963819663,1.3847437555789985,-0.15105779189909693,1.1437501490243154,1.4303813893323656,1.4418094584216736,1.443526517765285,0.5849202654881185,0.43380944297317525,-1.3767310278071516,1.414753553583822,1.5609229309834705,-0.2393123950027652,1.5663830259974538,190000.0
ID_392,-0.8253454876265434,0.6222147155635368,-0.3810087211999231,-0.6061199692561582,-0.15105779189909693,-1.6291593628116114,-0.6725966413608725,-0.6506586471853965,-0.62655831935096,0.5849202654881185,0.43380944297317525,0.060974101464652264,-0.8928692886374687,-0.450342474184647,-0.47686708356573715,-0.4497402541209235,100000.0
ID_393,-0.6543238822644718,0.6222147155635368,-0.3810087211999231,0.05750127235556074,-0.15105779189909693,1.1437501490243154,-0.14685213368756297,-0.6506586471853965,-0.9222847246532806,0.5849202654881185,-0.696817975274891,-1.3767310278071516,-0.8928692886374687,-1.5996369914235713,0.3856636983977981,-1.6015603497318855,97000.0
ID_394,-0.6543238822644718,0.6222147155635368,-0.3810087211999231,-0.6061199692561582,-0.15105779189909693,-0.7048561921996358,-0.6725966413608725,-0.6506586471853965,-0.62655831935096,0.5849202654881185,0.43380944297317525,0.060974101464652264,-0.8928692886374687,-1.5996369914235713,0.3856636983977981,-1.6002101004491252,110000.0
ID_395,0.4625183014140505,-1.2105851160545795,0.2782647963819663,1.3847437555789985,-0.15105779189909693,0.21944697841233984,1.4303813893323656,1.4418094584216736,1.443526517765285,0.5849202654881185,1.1875610551385527,0.060974101464652264,1.414753553583822,0.1243047844348151,-1.1560502871081872,0.12968906043217793,150000.0
ID_396,0.7456432390514247,0.6222147155635368,0.2782647963819663,1.3847437555789985,-0.15105779189909693,0.21944697841233984,1.4303813893323656,1.4418094584216736,1.443526517765285,0.5849202654881185,0.6222473460145197,0.060974101464652264,1.414753553583822,1.2735993016737392,0.22623102150989877,1.277573323027434,150000.0
ID_397,-0.8015644908805469,0.6222147155635368,-0.3810087211999231,-0.6061199692561582,-0.15105779189909693,-0.7048561921996358,-0.6725966413608725,-0.3891001339845127,-0.62655831935096,0.5849202654881185,1.5644368612212416,0.060974101464652264,-0.31596357808214603,0.1243047844348151,-1.1560502871081872,0.12388586138712232,210000.0
ID_398,2.075313778045436,-1.2105851160545795,-0.3810087211999231,0.05750127235556074,-0.15105779189909693,0.21944697841233984,-0.6725966413608725,-0.6506586471853965,-0.62655831935096,-1.5114339660212976,-0.3199421691922022,0.060974101464652264,-0.31596357808214603,0.1243047844348151,5.06660709182652,0.1190881671271011,86000.0
ID_399,-0.8253454876265434,0.6222147155635368,-0.3810087211999231,-0.6061199692561582,-0.15105779189909693,-1.6291593628116114,-0.6725966413608725,-0.6506586471853965,-0.9222847246532806,0.5849202654881185,1.1875610551385527,0.060974101464652264,-0.8928692886374687,-0.450342474184647,-0.47686708356573715,-0.4498551689534988,140000.0
ID_400,-0.3856724183298485,0.6222147155635368,-0.3810087211999231,0.05750127235556074,-0.15105779189909693,-1.6291593628116114,-0.6725966413608725,-0.6506586471853965,-0.62655831935096,-1.5114339660212976,-1.0360062007493107,-1.3767310278071516,-0.8928692886374687,-0.16301884487491597,0.46538003684174956,-0.16868730234974041,61000.0
ID_401,-0.18214057123743488,0.6222147155635368,-0.3810087211999231,-0.6061199692561582,-0.15105779189909693,1.1437501490243154,-0.6725966413608725,-0.6506586471853965,-0.62655831935096,-1.5114339660212976,-0.9794748298369075,-1.3767310278071516,-0.8928692886374687,0.1243047844348151,5.06660709182652,0.1195190977492587,95000.0
ID_402,-0.603887020708234,0.6222147155635368,-0.3810087211999231,-1.2697412108678772,-0.15105779189909693,1.1437501490243154,-0.9354688951975273,-0.9122171603862802,-0.9222847246532806,0.5849202654881185,-0.5083800722335465,0.060974101464652264,-0.31596357808214603,-0.16301884487491597,-0.08306837165262702,-0.16078690761018452,120000.0
ID_403,-0.7347210546818074,-1.2105851160545795,-0.3810087211999231,-0.6061199692561582,-0.15105779189909693,-0.7048561921996358,-0.6725966413608725,-0.6506586471853965,-0.62655831935096,0.5849202654881185,-0.696817975274891,0.060974101464652264,-0.8928692886374687,-1.3123133621138403,-0.020889627666346104,-1.3123197161397082,71000.0
ID_404,0.7381696835664046,-1.2105851160545795,0.2782647963819663,1.3847437555789985,-0.15105779189909693,0.21944697841233984,1.4303813893323656,1.4418094584216736,1.443526517765285,0.5849202654881185,0.056933636890486534,0.060974101464652264,1.414753553583822,0.4116284137445462,0.5291531075969093,0.415396062922663,120000.0
ID_405,-0.34419611298151626,0.6222147155635368,-0.3810087211999231,-0.6061199692561582,-0.15105779189909693,-0.7048561921996358,-0.6725966413608725,-0.3891001339845127,-0.9222847246532806,-1.5114339660212976,-1.299819265007193,-1.3767310278071516,-0.31596357808214603,-1.5996369914235713,-1.1464843264949127,-1.6046055927951326,52000.0
ID_406,-0.8478322430026209,-1.2105851160545795,-0.3810087211999231,-0.6061199692561582,-0.15105779189909693,-1.6291593628116114,-0.6725966413608725,-0.6506586471853965,-0.62655831935096,0.5849202654881185,0.056933636890486534,-1.3767310278071516,-0.8928692886374687,-1.3123133621138403,-0.020889627666346104,-1.310768365899941,130000.0
ID_407,-0.2685958947480072,-1.2105851160545795,-0.3810087211999231,-0.2743093484502987,-0.15105779189909693,-0.7048561921996358,-0.6725966413608725,-0.6506586471853965,-0.9222847246532806,-1.5114339660212976,-0.5083800722335465,0.060974101464652264,-0.8928692886374687,0.6989520430542773,0.5769829106632773,0.6936336012957498,72000.0
ID_408,0.751150649136185,0.6222147155635368,-0.3810087211999231,-0.6061199692561582,-0.15105779189909693,0.21944697841233984,-0.6725966413608725,-0.6506586471853965,-0.9222847246532806,0.5849202654881185,-0.3199421691922022,0.060974101464652264,-0.31596357808214603,0.6989520430542773,-0.2903308516068944,0.7005284912502713,120000.0
ID_409,0.6223158050233801,0.6222147155635368,-0.3810087211999231,-0.6061199692561582,-0.15105779189909693,0.21944697841233984,-0.6725966413608725,-0.6506586471853965,-0.62655831935096,0.5849202654881185,0.9991231520972084,-1.3767310278071516,-0.8928692886374687,-1.5996369914235713,0.3856636983977981,-1.6003537439898443,110000.0
ID_410,0.833563533644543,-1.2105851160545795,0.2782647963819663,1.3847437555789985,-0.15105779189909693,0.21944697841233984,1.4303813893323656,1.4418094584216736,1.443526517765285,0.5849202654881185,0.24537153993183092,0.060974101464652264,1.414753553583822,-0.7376661034943781,0.3617487968646123,-0.732143455174867,66000.0
ID_411,-0.17170402912681357,0.6222147155635368,-0.3810087211999231,-0.6061199692561582,-0.15105779189909693,-0.7048561921996358,-0.6725966413608725,-0.6506586471853965,-0.62655831935096,-1.5114339660212976,-0.696817975274891,0.060974101464652264,-0.8928692886374687,-1.3123133621138403,-0.10220029287917282,-1.3171174103997294,60000.0
ID_412,-0.6543238822644718,-1.2105851160545795,0.2782647963819663,1.3847437555789985,-0.15105779189909693,1.1437501490243154,1.4303813893323656,1.4418094584216736,1.443526517765285,0.5849202654881185,1.1875610551385527,0.060974101464652264,1.414753553583822,-1.5996369914235713,0.3856636983977981,-1.5958146081031177,190000.0
ID_413,-0.7036812914440965,0.6222147155635368,-0.3810087211999231,-0.6061199692561582,-0.15105779189909693,-0.7048561921996358,-0.6725966413608725,-0.6506586471853965,-0.62655831935096,0.5849202654881185,-0.696817975274891,-1.3767310278071516,-0.8928692886374687,0.4116284137445462,0.5291531075969093,0.41102929928479937,89000.0
ID_414,-0.5812791023102916,-1.2105851160545795,-0.3810087211999231,-0.6061199692561582,-0.15105779189909693,0.21944697841233984,-0.6725966413608725,-0.6506586471853965,-0.9222847246532806,0.5849202654881185,1.752874764262586,0.060974101464652264,-0.8928692886374687,-0.7376661034943781,0.3617487968646123,-0.7366538623534498,160000.0
ID_415,0.6223158050233801,-1.2105851160545795,0.2782647963819663,1.3847437555789985,-0.15105779189909693,0.21944697841233984,1.4303813893323656,1.4418094584216736,1.443526517765285,0.5849202654881185,1.752874764262586,0.060974101464652264,1.414753553583822,-1.5996369914235713,0.3856636983977981,-1.5954985923135354,210000.0
ID_416,0.751150649136185,0.6222147155635368,-0.3810087211999231,-0.6061199692561582,-0.15105779189909693,0.21944697841233984,-0.6725966413608725,-0.6506586471853965,-0.62655831935096,0.5849202654881185,-0.3199421691922022,0.060974101464652264,-0.31596357808214603,0.6989520430542773,-0.2903308516068944,0.6998964596711068,66000.0
ID_417,2.2855536506210883,0.6222147155635368,-0.3810087211999231,-1.2697412108678772,-0.8917670441167587,0.21944697841233984,-0.9354688951975273,-0.9122171603862802,-0.62655831935096,-1.5114339660212976,-1.5071009583526718,-1.3767310278071516,-0.8928692886374687,1.5609229309834705,0.48929493837493176,1.5568163661855552,9.0
ID_418,-0.6904139405499081,-1.2105851160545795,-0.3810087211999231,-1.2697412108678772,-0.15105779189909693,-0.7048561921996358,-0.9354688951975273,-0.9122171603862802,-0.3308319140486392,0.5849202654881185,0.24537153993183092,0.060974101464652264,-0.8928692886374687,-1.024989732804109,-0.06871943073271414,-1.0228205241742363,100000.0
ID_419,-0.5453873107879066,0.6222147155635368,-0.3810087211999231,-1.2697412108678772,-0.15105779189909693,-1.6291593628116114,-0.9354688951975273,-0.9122171603862802,-0.62655831935096,-1.5114339660212976,-0.696817975274891,-1.3767310278071516,-0.8928692886374687,-1.3123133621138403,-0.10220029287917282,-1.3159108046576882,73000.0
ID_420,0.4740122662609459,-1.2105851160545795,0.2782647963819663,1.3847437555789985,-0.15105779189909693,0.21944697841233984,1.4303813893323656,1.4418094584216736,1.443526517765285,0.5849202654881185,0.056933636890486534,0.060974101464652264,1.414753553583822,-1.3123133621138403,-0.020889627666346104,-1.308786085038016,120000.0
ID_421,-0.30013683230343124,0.6222147155635368,-0.3810087211999231,-0.6061199692561582,-0.8917670441167587,-0.7048561921996358,-0.6725966413608725,-0.6506586471853965,-0.62655831935096,-1.5114339660212976,-0.3199421691922022,0.060974101464652264,-0.31596357808214603,0.9862756723640083,-2.2290322025637495,0.9814090707725913,9.0
ID_422,0.9328951819332859,-1.2105851160545795,-0.3810087211999231,-0.2743093484502987,-0.15105779189909693,0.21944697841233984,-0.6725966413608725,-0.6506586471853965,-0.62655831935096,0.5849202654881185,0.056933636890486534,0.060974101464652264,-0.8928692886374687,-1.024989732804109,-0.06871943073271414,-1.0260381394863463,130000.0
ID_423,-0.8253454876265434,0.6222147155635368,-0.3810087211999231,-1.2697412108678772,-0.15105779189909693,-1.6291593628116114,-0.9354688951975273,-0.9122171603862802,-0.62655831935096,0.5849202654881185,-0.3199421691922022,-1.3767310278071516,-0.31596357808214603,-0.450342474184647,-0.47686708356573715,-0.44764305842642316,110000.0
ID_424,-0.46644409463294784,-1.2105851160545795,-0.3810087211999231,-1.2697412108678772,-0.15105779189909693,-1.6291593628116114,-0.9354688951975273,-0.9122171603862802,-0.62655831935096,-1.5114339660212976,-1.0360062007493107,-1.3767310278071516,-0.8928692886374687,0.4116284137445462,-1.5466603454835397,0.40755312559939477,120000.0
ID_425,-0.8161646350152474,0.6222147155635368,-0.3810087211999231,-0.6061199692561582,-0.15105779189909693,-1.6291593628116114,-0.6725966413608725,-0.3891001339845127,-0.62655831935096,0.5849202654881185,-0.3199421691922022,0.060974101464652264,-0.8928692886374687,-0.7376661034943781,0.3617487968646123,-0.736251660439436,67000.0
ID_426,-0.4820520948131594,0.6222147155635368,-0.3810087211999231,-0.6061199692561582,-0.15105779189909693,0.21944697841233984,-0.6725966413608725,-0.6506586471853965,-0.9222847246532806,-1.5114339660212976,-1.0360062007493107,0.060974101464652264,-0.8928692886374687,-0.7376661034943781,-1.0014005905269243,-0.7432614652265329,53000.0
ID_427,-0.6662088732273852,0.6222147155635368,-0.3810087211999231,-1.2697412108678772,-0.15105779189909693,1.1437501490243154,-0.9354688951975273,-0.9122171603862802,-0.62655831935096,0.5849202654881185,-0.9606310395327731,-1.3767310278071516,-0.8928692886374687,0.1243047844348151,-1.1560502871081872,0.12569577000018423,74000.0
ID_428,0.5676382377018765,0.6222147155635368,-0.3810087211999231,-0.6061199692561582,-0.15105779189909693,0.21944697841233984,-0.6725966413608725,-0.6506586471853965,-0.62655831935096,0.5849202654881185,0.24537153993183092,0.060974101464652264,-0.8928692886374687,1.5609229309834705,-0.2393123950027652,1.5629930384364807,140000.0
ID_429,-0.8253454876265434,0.6222147155635368,-0.3810087211999231,-1.2697412108678772,-0.15105779189909693,-1.6291593628116114,-0.9354688951975273,-0.9122171603862802,-0.9222847246532806,0.5849202654881185,0.24537153993183092,0.060974101464652264,-0.31596357808214603,-0.450342474184647,-0.47686708356573715,-0.44841873354630685,100000.0
ID_430,-0.4820520948131594,0.6222147155635368,-0.3810087211999231,-1.2697412108678772,-0.15105779189909693,-1.6291593628116114,-0.9354688951975273,-0.9122171603862802,-0.62655831935096,-1.5114339660212976,-0.5083800722335465,0.060974101464652264,-0.8928692886374687,-0.7376661034943781,-1.0014005905269243,-0.7411068121157449,74000.0
ID_431,-0.8083661423352263,0.6222147155635368,-0.3810087211999231,-0.6061199692561582,-0.15105779189909693,-1.6291593628116114,-0.6725966413608725,-0.6506586471853965,-0.62655831935096,0.5849202654881185,-0.3199421691922022,-1.3767310278071516,-0.8928692886374687,0.4116284137445462,0.5291531075969093,0.4124657346919914,110000.0
ID_432,2.2855536506210883,0.6222147155635368,-0.3810087211999231,-0.6061199692561582,-0.15105779189909693,0.21944697841233984,-0.6725966413608725,-0.6506586471853965,-0.62655831935096,-1.5114339660212976,-0.5083800722335465,0.060974101464652264,-0.31596357808214603,1.5609229309834705,0.48929493837493176,1.5564716216878292,110000.0
ID_433,0.4740122662609459,0.6222147155635368,-0.3810087211999231,-0.6061199692561582,-0.15105779189909693,0.21944697841233984,-0.6725966413608725,-0.3891001339845127,-0.9222847246532806,0.5849202654881185,0.9991231520972084,0.060974101464652264,-0.31596357808214603,-1.3123133621138403,-0.020889627666346104,-1.3107109084836532,140000.0
ID_434,-0.5951963275944817,0.6222147155635368,0.2782647963819663,1.3847437555789985,-0.15105779189909693,1.1437501490243154,1.4303813893323656,1.4418094584216736,1.443526517765285,0.5849202654881185,0.6222473460145197,0.060974101464652264,1.414753553583822,0.9862756723640083,0.9341121068921712,0.9910044592926337,120000.0
ID_435,-0.7104388836180978,0.6222147155635368,-0.3810087211999231,-0.9379305900620176,-0.15105779189909693,-0.7048561921996358,-0.9354688951975273,-0.9122171603862802,-0.62655831935096,0.5849202654881185,0.056933636890486534,0.060974101464652264,-0.31596357808214603,-0.16301884487491597,-0.08306837165262702,-0.1601836047391639,110000.0
ID_436,-0.8015644908805469,0.6222147155635368,-0.3810087211999231,-1.2697412108678772,-0.15105779189909693,-0.7048561921996358,-0.9354688951975273,-0.9122171603862802,-0.62655831935096,0.5849202654881185,0.6222473460145197,0.060974101464652264,-0.8928692886374687,0.1243047844348151,-1.1560502871081872,0.12638525899563638,140000.0
ID_437,-0.46644409463294784,0.6222147155635368,-0.3810087211999231,-1.2697412108678772,-0.15105779189909693,-1.6291593628116114,-0.9354688951975273,-0.9122171603862802,-0.9222847246532806,-1.5114339660212976,-0.9040996686203697,-1.3767310278071516,-0.8928692886374687,0.4116284137445462,-1.5466603454835397,0.4075243968912509,90000.0
ID_438,2.753683507825741,0.6222147155635368,-0.3810087211999231,-1.2697412108678772,-0.8917670441167587,0.21944697841233984,-0.9354688951975273,-0.9122171603862802,-0.62655831935096,-1.5114339660212976,-0.5083800722335465,0.060974101464652264,-0.31596357808214603,0.9862756723640083,-2.2290322025637495,0.9826444052227764,9.0
ID_439,2.8146615522842113,-1.2105851160545795,0.2782647963819663,1.3847437555789985,-0.15105779189909693,0.21944697841233984,1.4303813893323656,1.4418094584216736,1.443526517765285,-1.5114339660212976,-0.5083800722335465,0.060974101464652264,1.414753553583822,-0.16301884487491597,0.46538003684174956,-0.16590061765978797,70000.0
ID_440,0.7381696835664046,0.6222147155635368,-0.3810087211999231,-0.6061199692561582,-0.15105779189909693,0.21944697841233984,-0.6725966413608725,-0.3891001339845127,-0.62655831935096,0.5849202654881185,1.375998958179897,0.060974101464652264,-0.8928692886374687,0.4116284137445462,0.5291531075969093,0.4096790500020389,160000.0
ID_441,-0.7472393978044682,0.6222147155635368,-0.3810087211999231,-0.6061199692561582,-0.15105779189909693,-0.7048561921996358,-0.6725966413608725,-0.6506586471853965,-0.62655831935096,0.5849202654881185,-0.3199421691922022,0.060974101464652264,-0.31596357808214603,-1.5996369914235713,0.3856636983977981,-1.5976532454243233,110000.0
ID_442,0.7456432390514247,0.6222147155635368,-0.3810087211999231,-0.6061199692561582,-0.15105779189909693,0.21944697841233984,-0.6725966413608725,-0.6506586471853965,-0.9222847246532806,0.5849202654881185,0.9991231520972084,0.060974101464652264,-0.31596357808214603,1.2735993016737392,0.22623102150989877,1.2744131651316117,110000.0
ID_443,0.832186681123353,0.6222147155635368,-0.3810087211999231,-0.6061199692561582,-0.15105779189909693,0.21944697841233984,-0.6725966413608725,-0.6506586471853965,-0.62655831935096,0.5849202654881185,0.9991231520972084,0.060974101464652264,-0.31596357808214603,-0.16301884487491597,-0.08306837165262702,-0.16107419469162293,140000.0
ID_444,-0.603887020708234,0.6222147155635368,-0.3810087211999231,-0.6061199692561582,-0.15105779189909693,1.1437501490243154,-0.6725966413608725,-0.6506586471853965,-0.62655831935096,0.5849202654881185,-0.3199421691922022,0.060974101464652264,-0.8928692886374687,-0.16301884487491597,-0.08306837165262702,-0.16549841574577423,140000.0
ID_445,0.751150649136185,0.6222147155635368,-0.3810087211999231,-0.6061199692561582,-0.15105779189909693,0.21944697841233984,-0.6725966413608725,-0.6506586471853965,-0.62655831935096,0.5849202654881185,-0.3199421691922022,0.060974101464652264,-0.8928692886374687,0.6989520430542773,-0.2903308516068944,0.700585948666559,110000.0
ID_446,-0.6302675150142374,0.6222147155635368,0.2782647963819663,1.3847437555789985,-0.15105779189909693,1.1437501490243154,1.4303813893323656,1.4418094584216736,1.443526517765285,0.5849202654881185,0.24537153993183092,0.060974101464652264,1.414753553583822,0.6989520430542773,-0.2903308516068944,0.7019936553656071,170000.0
ID_447,0.751150649136185,-1.2105851160545795,0.2782647963819663,1.3847437555789985,-0.15105779189909693,0.21944697841233984,1.4303813893323656,1.4418094584216736,1.443526517765285,0.5849202654881185,1.1875610551385527,0.060974101464652264,1.414753553583822,0.6989520430542773,-0.2903308516068944,0.704177037184539,150000.0
ID_448,-0.7094420423927561,0.6222147155635368,-0.3810087211999231,-0.6061199692561582,-0.15105779189909693,-0.7048561921996358,-0.6725966413608725,-0.3891001339845127,-0.62655831935096,0.5849202654881185,0.6222473460145197,0.060974101464652264,-0.8928692886374687,0.6989520430542773,-0.2903308516068944,0.6977992639766065,210000.0
ID_449,2.817415257326591,0.6222147155635368,-0.3810087211999231,-0.6061199692561582,-0.15105779189909693,0.21944697841233984,-0.6725966413608725,-0.6506586471853965,-0.62655831935096,-1.5114339660212976,-0.5083800722335465,0.060974101464652264,-0.8928692886374687,-0.7376661034943781,-1.0014005905269243,-0.7417101149867655,75000.0
ID_450,-0.5249438045532752,-1.2105851160545795,0.2782647963819663,1.3847437555789985,-0.15105779189909693,-0.7048561921996358,1.4303813893323656,1.4418094584216736,1.443526517765285,-1.5114339660212976,-0.696817975274891,0.060974101464652264,1.414753553583822,1.5609229309834705,0.48929493837493176,1.5576207700135827,83000.0
ID_451,-0.6012820157381421,-1.2105851160545795,0.2782647963819663,1.3847437555789985,-0.15105779189909693,1.1437501490243154,1.4303813893323656,1.4418094584216736,1.443526517765285,0.5849202654881185,1.1875610551385527,0.060974101464652264,1.414753553583822,1.2735993016737392,0.22623102150989877,1.2786650139368998,170000.0
ID_452,-0.8161646350152474,2.455014547181653,4.893179419455191,1.3847437555789985,5.033906973624536,2.068053319636291,1.4303813893323656,1.4418094584216736,1.443526517765285,0.5849202654881185,-2.752675497455958,4.374089489280064,1.414753553583822,-0.7376661034943781,0.3617487968646123,-0.7318561680934286,9.0
ID_453,-0.7479939129860804,-1.2105851160545795,0.2782647963819663,1.3847437555789985,-0.15105779189909693,-0.7048561921996358,1.4303813893323656,1.4418094584216736,1.443526517765285,0.5849202654881185,1.375998958179897,0.060974101464652264,1.414753553583822,-0.450342474184647,-0.47686708356573715,-0.44580442110521745,150000.0
ID_454,-0.6012820157381421,0.6222147155635368,0.2782647963819663,1.3847437555789985,-0.15105779189909693,1.1437501490243154,1.4303813893323656,1.4418094584216736,1.443526517765285,0.5849202654881185,-0.3199421691922022,-1.3767310278071516,1.414753553583822,1.2735993016737392,0.22623102150989877,1.2767976479075502,120000.0
ID_455,-0.8253454876265434,0.6222147155635368,-0.3810087211999231,-1.2697412108678772,-0.15105779189909693,-1.6291593628116114,-0.9354688951975273,-0.9122171603862802,-0.9222847246532806,0.5849202654881185,0.24537153993183092,-1.3767310278071516,-0.8928692886374687,-0.450342474184647,-0.47686708356573715,-0.4483038187137315,120000.0
ID_456,-0.7252097574654258,0.6222147155635368,-0.3810087211999231,-0.6061199692561582,-0.15105779189909693,-0.7048561921996358,-0.6725966413608725,-0.6506586471853965,-0.62655831935096,0.5849202654881185,0.43380944297317525,0.060974101464652264,-0.8928692886374687,0.9862756723640083,0.9341121068921712,0.9853736324964412,120000.0
ID_457,-0.25707990026077276,-1.2105851160545795,0.2782647963819663,1.3847437555789985,-0.15105779189909693,-0.7048561921996358,1.4303813893323656,1.4418094584216736,1.443526517765285,-1.5114339660212976,-0.696817975274891,0.060974101464652264,1.414753553583822,0.4116284137445462,-1.5466603454835397,0.40861608780071684,82000.0
ID_458,0.4625183014140505,-1.2105851160545795,0.2782647963819663,1.3847437555789985,-0.15105779189909693,0.21944697841233984,1.4303813893323656,1.4418094584216736,1.443526517765285,0.5849202654881185,2.1297505703452746,0.060974101464652264,1.414753553583822,0.1243047844348151,-1.1560502871081872,0.12773550827839683,210000.0
ID_459,2.3949142926741804,-1.2105851160545795,-0.3810087211999231,0.05750127235556074,-0.8917670441167587,0.21944697841233984,-0.6725966413608725,-0.6506586471853965,-0.62655831935096,-1.5114339660212976,-0.13150426615085783,0.060974101464652264,-0.8928692886374687,-1.5996369914235713,-1.1464843264949127,-1.6033989870530914,9.0
ID_460,-0.6546157749989641,0.6222147155635368,-0.3810087211999231,-0.6061199692561582,-0.8917670441167587,1.1437501490243154,-0.6725966413608725,-0.6506586471853965,-0.62655831935096,0.5849202654881185,-0.9606310395327731,-1.3767310278071516,-0.8928692886374687,1.5609229309834705,-0.2393123950027652,1.5624184642736039,9.0
ID_461,-0.05749686619913237,0.6222147155635368,-0.3810087211999231,-0.6061199692561582,-0.15105779189909693,1.1437501490243154,-0.6725966413608725,-0.6506586471853965,-0.62655831935096,-1.5114339660212976,-0.696817975274891,0.060974101464652264,-0.8928692886374687,-0.16301884487491597,0.46538003684174956,-0.1677392549809937,70000.0
ID_462,0.6223158050233801,0.6222147155635368,-0.3810087211999231,-0.6061199692561582,-0.15105779189909693,0.21944697841233984,-0.6725966413608725,-0.6506586471853965,-0.9222847246532806,0.5849202654881185,1.1875610551385527,0.060974101464652264,-0.31596357808214603,-1.5996369914235713,0.3856636983977981,-1.59897476599894,66000.0
ID_463,-0.7472393978044682,-1.2105851160545795,0.2782647963819663,1.3847437555789985,-0.15105779189909693,-0.7048561921996358,1.4303813893323656,1.4418094584216736,1.443526517765285,0.5849202654881185,0.24537153993183092,0.060974101464652264,1.414753553583822,-1.5996369914235713,0.3856636983977981,-1.59575715068683,110000.0
ID_464,2.6266220497602295,0.6222147155635368,-0.3810087211999231,-0.6061199692561582,-0.15105779189909693,0.21944697841233984,-0.6725966413608725,-0.6506586471853965,-0.62655831935096,-1.5114339660212976,-0.5083800722335465,0.060974101464652264,-0.31596357808214603,0.4116284137445462,-1.5466603454835397,0.40738075335053175,90000.0
ID_465,-0.7252097574654258,0.6222147155635368,-0.3810087211999231,-0.6061199692561582,-0.15105779189909693,-0.7048561921996358,-0.6725966413608725,-0.6506586471853965,-0.62655831935096,0.5849202654881185,0.24537153993183092,0.060974101464652264,-0.8928692886374687,0.9862756723640083,0.9341121068921712,0.985574733453448,140000.0
ID_466,-0.3902600909304541,0.6222147155635368,-0.3810087211999231,-0.6061199692561582,-0.15105779189909693,-1.6291593628116114,-0.6725966413608725,-0.3891001339845127,-0.62655831935096,-1.5114339660212976,-1.299819265007193,-1.3767310278071516,-0.8928692886374687,-1.024989732804109,0.19912746643895535,-1.0305198179567854,52000.0
ID_467,2.817415257326591,0.6222147155635368,-0.3810087211999231,-0.2743093484502987,-0.15105779189909693,0.21944697841233984,-0.6725966413608725,-0.3891001339845127,-0.9222847246532806,-1.5114339660212976,-1.1867565231823862,-1.3767310278071516,-0.31596357808214603,-0.7376661034943781,-1.0014005905269243,-0.7432040078102452,55000.0
ID_468,-0.6546157749989641,0.6222147155635368,-0.3810087211999231,-0.6061199692561582,-0.15105779189909693,1.1437501490243154,-0.14685213368756297,-0.6506586471853965,-0.62655831935096,0.5849202654881185,-0.3199421691922022,-1.3767310278071516,-0.8928692886374687,1.5609229309834705,-0.2393123950027652,1.5599190666650897,260000.0
ID_469,-0.34419611298151626,-1.2105851160545795,0.2782647963819663,1.3847437555789985,-0.15105779189909693,-0.7048561921996358,1.4303813893323656,1.4418094584216736,1.443526517765285,-1.5114339660212976,-0.3199421691922022,0.060974101464652264,1.414753553583822,-1.5996369914235713,-1.1464843264949127,-1.6027956841820707,72000.0
ID_470,-0.6662088732273852,0.6222147155635368,-0.3810087211999231,0.05750127235556074,-0.15105779189909693,1.1437501490243154,-0.14685213368756297,-0.6506586471853965,-0.62655831935096,0.5849202654881185,0.056933636890486534,0.060974101464652264,-0.8928692886374687,0.1243047844348151,-1.1560502871081872,0.12193230923334122,130000.0
ID_471,-0.7422331620374208,-1.2105851160545795,-0.3810087211999231,-0.6061199692561582,-0.15105779189909693,-0.7048561921996358,-0.6725966413608725,-0.6506586471853965,-0.62655831935096,0.5849202654881185,0.056933636890486534,0.060974101464652264,-0.8928692886374687,1.2735993016737392,0.22623102150989877,1.272948001016276,120000.0
ID_472,-0.7422331620374208,0.6222147155635368,-0.3810087211999231,-1.2697412108678772,-0.15105779189909693,-0.7048561921996358,-0.9354688951975273,-0.9122171603862802,-0.9222847246532806,0.5849202654881185,-0.696817975274891,0.060974101464652264,-0.31596357808214603,1.2735993016737392,0.22623102150989877,1.2766252756586873,110000.0
ID_473,-0.6543238822644718,-1.2105851160545795,0.2782647963819663,1.3847437555789985,-0.15105779189909693,1.1437501490243154,1.4303813893323656,1.4418094584216736,1.443526517765285,0.5849202654881185,0.24537153993183092,0.060974101464652264,1.414753553583822,-1.5996369914235713,0.3856636983977981,-1.5961593526008437,120000.0
ID_474,2.8146615522842113,0.6222147155635368,-0.3810087211999231,-0.2743093484502987,-0.15105779189909693,0.21944697841233984,-0.6725966413608725,-0.6506586471853965,-0.62655831935096,-1.5114339660212976,-0.5083800722335465,0.060974101464652264,-0.31596357808214603,-0.16301884487491597,0.46538003684174956,-0.1671359521099731,83000.0
ID_475,0.4625183014140505,0.6222147155635368,-0.3810087211999231,-0.6061199692561582,-0.15105779189909693,0.21944697841233984,-0.6725966413608725,-0.6506586471853965,-0.62655831935096,0.5849202654881185,0.43380944297317525,0.060974101464652264,-0.8928692886374687,0.1243047844348151,-1.1560502871081872,0.12526483937802663,160000.0
ID_476,-0.18214057123743488,0.6222147155635368,0.2782647963819663,1.3847437555789985,-0.15105779189909693,1.1437501490243154,1.4303813893323656,1.4418094584216736,1.443526517765285,-1.5114339660212976,-0.5083800722335465,0.060974101464652264,1.414753553583822,0.1243047844348151,5.06660709182652,0.12095553315645068,92000.0
ID_477,-0.7036812914440965,-1.2105851160545795,-0.3810087211999231,-1.2697412108678772,-0.15105779189909693,-0.7048561921996358,-0.9354688951975273,-0.9122171603862802,-0.3308319140486392,0.5849202654881185,0.24537153993183092,0.060974101464652264,-0.8928692886374687,0.4116284137445462,0.5291531075969093,0.4143618294294848,120000.0
ID_478,-0.5249438045532752,0.6222147155635368,-0.3810087211999231,-0.6061199692561582,-0.15105779189909693,-0.7048561921996358,-0.6725966413608725,-0.6506586471853965,-0.62655831935096,-1.5114339660212976,-0.3199421691922022,0.060974101464652264,-0.8928692886374687,1.5609229309834705,0.48929493837493176,1.555236287237644,90000.0
ID_479,0.7456432390514247,-1.2105851160545795,0.2782647963819663,1.3847437555789985,-0.15105779189909693,0.21944697841233984,1.4303813893323656,1.4418094584216736,1.443526517765285,0.5849202654881185,0.056933636890486534,0.060974101464652264,1.414753553583822,1.2735993016737392,0.22623102150989877,1.2773147646541394,90000.0
ID_480,-0.6012820157381421,-1.2105851160545795,-0.3810087211999231,-0.2743093484502987,-0.15105779189909693,1.1437501490243154,-0.14685213368756297,-0.6506586471853965,-0.62655831935096,0.5849202654881185,-0.9606310395327731,-1.3767310278071516,-0.31596357808214603,1.2735993016737392,0.22623102150989877,1.271999953647529,97000.0
ID_481,-0.7422331620374208,0.6222147155635368,-0.3810087211999231,-0.6061199692561582,-0.15105779189909693,-0.7048561921996358,-0.6725966413608725,-0.3891001339845127,-0.62655831935096,0.5849202654881185,0.24537153993183092,0.060974101464652264,-0.8928692886374687,1.2735993016737392,0.22623102150989877,1.2739247770931663,140000.0
ID_482,0.9328951819332859,-1.2105851160545795,0.2782647963819663,1.3847437555789985,-0.15105779189909693,0.21944697841233984,1.4303813893323656,1.4418094584216736,1.443526517765285,0.5849202654881185,0.810685249055864,0.060974101464652264,1.414753553583822,-1.024989732804109,-0.06871943073271414,-1.021240445226325,130000.0
ID_483,0.6223158050233801,-1.2105851160545795,0.2782647963819663,1.3847437555789985,-0.15105779189909693,0.21944697841233984,1.4303813893323656,1.4418094584216736,1.443526517765285,0.5849202654881185,1.1875610551385527,0.060974101464652264,1.414753553583822,-1.5996369914235713,0.3856636983977981,-1.5939185133656242,140000.0
ID_484,0.4625183014140505,-1.2105851160545795,0.2782647963819663,1.3847437555789985,-0.15105779189909693,0.21944697841233984,1.4303813893323656,1.4418094584216736,1.443526517765285,0.5849202654881185,0.810685249055864,0.060974101464652264,1.414753553583822,0.1243047844348151,-1.1560502871081872,0.12934431593445186,150000.0
ID_485,-0.8015644908805469,0.6222147155635368,-0.3810087211999231,-0.6061199692561582,-0.15105779189909693,-0.7048561921996358,-0.6725966413608725,-0.6506586471853965,-0.62655831935096,0.5849202654881185,0.24537153993183092,0.060974101464652264,-0.8928692886374687,0.1243047844348151,-1.1560502871081872,0.12371348913825929,130000.0
ID_486,-0.3341836414474214,-1.2105851160545795,0.2782647963819663,1.3847437555789985,-0.15105779189909693,-0.7048561921996358,1.4303813893323656,1.4418094584216736,1.443526517765285,-1.5114339660212976,-0.5083800722335465,-1.3767310278071516,1.414753553583822,1.2735993016737392,-0.7128274453598268,1.270592246948481,85000.0
ID_487,-0.7422331620374208,-1.2105851160545795,-0.3810087211999231,-0.6061199692561582,-0.15105779189909693,-0.7048561921996358,-0.6725966413608725,-0.6506586471853965,-0.62655831935096,0.5849202654881185,0.24537153993183092,0.060974101464652264,-0.8928692886374687,1.2735993016737392,0.22623102150989877,1.272919272308132,130000.0
ID_488,0.5676382377018765,-1.2105851160545795,0.2782647963819663,1.3847437555789985,-0.15105779189909693,0.21944697841233984,1.4303813893323656,1.4418094584216736,1.443526517765285,0.5849202654881185,0.6222473460145197,0.060974101464652264,1.414753553583822,1.5609229309834705,-0.2393123950027652,1.565262606379844,110000.0
ID_489,-0.7389782826773273,0.6222147155635368,-0.3810087211999231,-0.6061199692561582,-0.15105779189909693,-0.7048561921996358,-0.6725966413608725,-0.6506586471853965,-0.9222847246532806,0.5849202654881185,-0.3199421691922022,-1.3767310278071516,-0.31596357808214603,-0.7376661034943781,0.3617487968646123,-0.7382626700095049,96000.0
ID_490,-0.34569963593465586,0.6222147155635368,-0.3810087211999231,-0.6061199692561582,-0.8917670441167587,-0.7048561921996358,-0.6725966413608725,-0.6506586471853965,-0.62655831935096,-1.5114339660212976,-0.5083800722335465,0.060974101464652264,-0.8928692886374687,-0.450342474184647,1.559088200292738,-0.4551125225438215,9.0
ID_491,-0.2685958947480072,0.6222147155635368,-0.3810087211999231,-1.2697412108678772,-0.15105779189909693,-0.7048561921996358,-0.9354688951975273,-0.9122171603862802,-0.62655831935096,-1.5114339660212976,-0.696817975274891,0.060974101464652264,-0.8928692886374687,0.6989520430542773,0.5769829106632773,0.6950413079947979,80000.0
ID_492,-0.7702713867789371,0.6222147155635368,-0.3810087211999231,-1.2697412108678772,-0.15105779189909693,-1.6291593628116114,-0.9354688951975273,-0.9122171603862802,-0.9222847246532806,0.5849202654881185,0.43380944297317525,0.060974101464652264,-0.31596357808214603,-1.024989732804109,-0.06871943073271414,-1.0225906945090857,140000.0
ID_493,-0.7252097574654258,0.6222147155635368,-0.3810087211999231,-1.2697412108678772,-0.8917670441167587,-0.7048561921996358,-0.9354688951975273,-0.9122171603862802,-0.62655831935096,0.5849202654881185,-0.3199421691922022,0.060974101464652264,-0.8928692886374687,0.9862756723640083,0.9341121068921712,0.9885337903922635,9.0
ID_494,-0.6082378746751949,-1.2105851160545795,-0.3810087211999231,-0.6061199692561582,-0.15105779189909693,1.1437501490243154,-0.14685213368756297,-0.6506586471853965,-0.62655831935096,0.5849202654881185,0.43380944297317525,0.060974101464652264,-0.8928692886374687,-0.450342474184647,-0.47686708356573715,-0.45275676847602664,130000.0
ID_495,-0.5812791023102916,0.6222147155635368,-0.3810087211999231,0.05750127235556074,-0.15105779189909693,1.1437501490243154,-0.14685213368756297,-0.6506586471853965,-0.62655831935096,0.5849202654881185,0.24537153993183092,0.060974101464652264,-0.8928692886374687,-0.7376661034943781,0.3617487968646123,-0.7396416480004091,120000.0
ID_496,-0.8905146711595159,0.6222147155635368,0.2782647963819663,1.3847437555789985,-0.15105779189909693,-1.6291593628116114,1.4303813893323656,1.4418094584216736,1.443526517765285,0.5849202654881185,0.6222473460145197,0.060974101464652264,1.414753553583822,1.5609229309834705,-0.2393123950027652,1.5669001427440428,160000.0
ID_497,-0.6904139405499081,0.6222147155635368,-0.3810087211999231,-0.6061199692561582,-0.15105779189909693,-0.7048561921996358,-0.6725966413608725,-0.6506586471853965,-0.62655831935096,0.5849202654881185,0.9991231520972084,0.060974101464652264,-0.8928692886374687,-1.024989732804109,-0.06871943073271414,-1.0259519533619148,140000.0
ID_498,-0.8574702106509521,-1.2105851160545795,-0.3810087211999231,-1.2697412108678772,-0.15105779189909693,-1.6291593628116114,-0.9354688951975273,-0.9122171603862802,-0.62655831935096,0.5849202654881185,0.24537153993183092,0.060974101464652264,-0.8928692886374687,-1.5996369914235713,0.3856636983977981,-1.5971935860940218,120000.0
ID_499,-0.6082378746751949,0.6222147155635368,-0.3810087211999231,-0.6061199692561582,-0.15105779189909693,1.1437501490243154,-0.6725966413608725,-0.3891001339845127,-0.9222847246532806,0.5849202654881185,-0.5083800722335465,0.060974101464652264,-0.31596357808214603,-0.450342474184647,-0.47686708356573715,-0.45290041201674586,88000.0
ID_500,-0.32767388272723436,0.6222147155635368,-0.3810087211999231,-0.9379305900620176,-0.15105779189909693,-0.7048561921996358,-0.9354688951975273,-0.9122171603862802,-0.62655831935096,-1.5114339660212976,-0.5083800722335465,0.060974101464652264,-0.8928692886374687,-0.7376661034943781,-1.0014005905269243,-0.7411355408238888,71000.0
ID_501,-0.7821563777418505,0.6222147155635368,-0.3810087211999231,-0.2743093484502987,-0.15105779189909693,2.068053319636291,-0.14685213368756297,-0.6506586471853965,-0.62655831935096,2.6812744969975344,0.810685249055864,0.060974101464652264,-0.8928692886374687,0.4116284137445462,0.5291531075969093,0.41013870933234037,150000.0
ID_502,-0.3902600909304541,-1.2105851160545795,0.2782647963819663,1.3847437555789985,-0.15105779189909693,-1.6291593628116114,1.4303813893323656,1.4418094584216736,1.443526517765285,-1.5114339660212976,-0.696817975274891,0.060974101464652264,1.414753553583822,-1.024989732804109,0.19912746643895535,-1.0282789787215658,84000.0
ID_503,0.801703166304203,0.6222147155635368,-0.3810087211999231,0.05750127235556074,-0.15105779189909693,0.21944697841233984,-0.6725966413608725,-0.6506586471853965,-0.62655831935096,0.5849202654881185,0.24537153993183092,0.060974101464652264,-0.31596357808214603,0.9862756723640083,0.9341121068921712,0.9874708281909415,140000.0
ID_504,-0.8221346675471279,-1.2105851160545795,0.2782647963819663,1.3847437555789985,-0.15105779189909693,-1.6291593628116114,1.4303813893323656,1.4418094584216736,1.443526517765285,0.5849202654881185,1.1875610551385527,0.060974101464652264,1.414753553583822,0.9862756723640083,0.9341121068921712,0.9905160712541885,180000.0
ID_505,2.3949142926741804,0.6222147155635368,-0.3810087211999231,-0.9379305900620176,-0.15105779189909693,0.21944697841233984,-0.9354688951975273,-0.9122171603862802,-0.62655831935096,-1.5114339660212976,-1.1867565231823862,-1.3767310278071516,-0.31596357808214603,-1.5996369914235713,-1.1464843264949127,-1.6029680564309337,56000.0
ID_506,-0.27060059201886,-1.2105851160545795,0.2782647963819663,1.3847437555789985,-0.15105779189909693,-0.7048561921996358,1.4303813893323656,1.4418094584216736,1.443526517765285,-1.5114339660212976,-0.8852558783162353,-1.3767310278071516,1.414753553583822,-0.16301884487491597,0.46538003684174956,-0.16610171861679485,67000.0
ID_507,0.801703166304203,-1.2105851160545795,0.2782647963819663,1.3847437555789985,-0.15105779189909693,0.21944697841233984,1.4303813893323656,1.4418094584216736,1.443526517765285,0.5849202654881185,1.375998958179897,0.060974101464652264,1.414753553583822,0.9862756723640083,0.9341121068921712,0.9895392951772979,130000.0
ID_508,0.5676382377018765,-1.2105851160545795,0.2782647963819663,1.3847437555789985,-0.15105779189909693,0.21944697841233984,1.4303813893323656,1.4418094584216736,1.443526517765285,0.5849202654881185,-0.3199421691922022,0.060974101464652264,1.414753553583822,1.5609229309834705,-0.2393123950027652,1.5650040480065495,80000.0
ID_509,-0.7347210546818074,0.6222147155635368,-0.3810087211999231,-0.6061199692561582,-0.15105779189909693,-0.7048561921996358,-0.6725966413608725,-0.6506586471853965,-0.62655831935096,0.5849202654881185,0.810685249055864,0.060974101464652264,-0.31596357808214603,-1.3123133621138403,-0.020889627666346104,-1.3120611577664136,140000.0
ID_510,-0.04010446515145836,0.6222147155635368,-0.3810087211999231,0.05750127235556074,-0.15105779189909693,1.1437501490243154,-0.6725966413608725,-0.6506586471853965,-0.62655831935096,-1.5114339660212976,-0.5083800722335465,0.060974101464652264,-0.8928692886374687,0.9862756723640083,-2.2290322025637495,0.9813516133563036,84000.0
ID_511,-0.7104388836180978,-1.2105851160545795,-0.3810087211999231,-0.6061199692561582,-0.8917670441167587,-0.7048561921996358,-0.6725966413608725,-0.6506586471853965,-0.62655831935096,0.5849202654881185,1.1875610551385527,0.060974101464652264,-0.8928692886374687,-0.16301884487491597,-0.08306837165262702,-0.16317139038612322,9.0
ID_512,2.0753192854555214,0.6222147155635368,-0.3810087211999231,-0.6061199692561582,-0.15105779189909693,0.21944697841233984,-0.6725966413608725,-0.6506586471853965,-0.9222847246532806,-1.5114339660212976,-0.5083800722335465,0.060974101464652264,-0.8928692886374687,0.1243047844348151,5.06660709182652,0.11986384224698478,110000.0
ID_513,-0.31916493414627917,-1.2105851160545795,-0.3810087211999231,-0.6061199692561582,-0.15105779189909693,-0.7048561921996358,-0.6725966413608725,-0.6506586471853965,-0.62655831935096,-1.5114339660212976,-0.8852558783162353,0.060974101464652264,-0.8928692886374687,-1.3123133621138403,-0.10220029287917282,-1.3175196123137431,62000.0
ID_514,-0.7422331620374208,-1.2105851160545795,-0.3810087211999231,-0.6061199692561582,-0.15105779189909693,-0.7048561921996358,-0.6725966413608725,-0.3891001339845127,-0.62655831935096,0.5849202654881185,1.9413126673039303,0.060974101464652264,-0.8928692886374687,1.2735993016737392,0.22623102150989877,1.2740109632175978,180000.0
ID_515,-0.7479939129860804,0.6222147155635368,-0.3810087211999231,-1.2697412108678772,-0.15105779189909693,-0.7048561921996358,-0.9354688951975273,-0.9122171603862802,-0.62655831935096,0.5849202654881185,0.810685249055864,0.060974101464652264,-0.31596357808214603,-0.450342474184647,-0.47686708356573715,-0.44807398904858076,210000.0
ID_516,-0.6012820157381421,2.455014547181653,4.893179419455191,1.3847437555789985,5.033906973624536,2.068053319636291,1.4303813893323656,1.4418094584216736,1.443526517765285,0.5849202654881185,-2.752675497455958,4.374089489280064,1.414753553583822,1.2735993016737392,0.22623102150989877,1.2795843325975027,9.0
ID_517,-0.2685958947480072,0.6222147155635368,-0.3810087211999231,-0.6061199692561582,-0.15105779189909693,-0.7048561921996358,-0.6725966413608725,-0.6506586471853965,-0.62655831935096,-1.5114339660212976,-1.0736937813575798,-1.3767310278071516,-0.8928692886374687,0.6989520430542773,0.5769829106632773,0.693777244836469,66000.0
ID_518,0.631562746555693,0.6222147155635368,-0.3810087211999231,0.05750127235556074,-0.15105779189909693,0.21944697841233984,-0.6725966413608725,-0.6506586471853965,-0.62655831935096,0.5849202654881185,0.6222473460145197,0.060974101464652264,-0.8928692886374687,-0.450342474184647,-0.47686708356573715,-0.4490794938336152,120000.0
ID_519,0.833563533644543,-1.2105851160545795,0.2782647963819663,1.3847437555789985,-0.15105779189909693,0.21944697841233984,1.4303813893323656,1.4418094584216736,1.443526517765285,0.5849202654881185,1.752874764262586,0.060974101464652264,1.414753553583822,-0.7376661034943781,0.3617487968646123,-0.7334649757494837,160000.0
ID_520,-0.2685958947480072,0.6222147155635368,-0.3810087211999231,-0.6061199692561582,-0.8917670441167587,-0.7048561921996358,-0.6725966413608725,-0.6506586471853965,-0.9222847246532806,-1.5114339660212976,-0.696817975274891,0.060974101464652264,-0.8928692886374687,0.6989520430542773,0.5769829106632773,0.6938634309609005,9.0
ID_521,0.7456432390514247,0.6222147155635368,-0.3810087211999231,-0.6061199692561582,-0.15105779189909693,0.21944697841233984,-0.6725966413608725,-0.6506586471853965,-0.62655831935096,0.5849202654881185,0.43380944297317525,0.060974101464652264,-0.8928692886374687,1.2735993016737392,0.22623102150989877,1.2754761273329338,140000.0
ID_522,2.753683507825741,0.6222147155635368,-0.3810087211999231,-1.2697412108678772,-0.15105779189909693,0.21944697841233984,-0.9354688951975273,-0.9122171603862802,-0.62655831935096,-1.5114339660212976,-1.0736937813575798,-1.3767310278071516,-0.31596357808214603,0.9862756723640083,-2.2290322025637495,0.982730591347208,82000.0
ID_523,3.0160730464939918,0.6222147155635368,-0.3810087211999231,0.05750127235556074,-0.15105779189909693,0.21944697841233984,-0.6725966413608725,-0.6506586471853965,-0.62655831935096,-1.5114339660212976,-0.5083800722335465,0.060974101464652264,-0.8928692886374687,-1.024989732804109,0.19912746643895535,-1.0299739725020525,73000.0
ID_524,-0.17170402912681357,0.6222147155635368,0.2782647963819663,1.3847437555789985,-0.15105779189909693,1.1437501490243154,1.4303813893323656,1.4418094584216736,1.443526517765285,-1.5114339660212976,-1.695538861394016,-1.3767310278071516,1.414753553583822,-1.3123133621138403,-0.10220029287917282,-1.3153075017866676,38600.0
ID_525,-0.7347210546818074,0.6222147155635368,-0.3810087211999231,-0.6061199692561582,-0.15105779189909693,-0.7048561921996358,-0.6725966413608725,-0.6506586471853965,-0.62655831935096,0.5849202654881185,-0.3199421691922022,0.060974101464652264,-0.31596357808214603,-1.3123133621138403,-0.020889627666346104,-1.3121186151827013,71000.0
ID_526,-0.6543238822644718,0.6222147155635368,-0.3810087211999231,-0.2743093484502987,-0.15105779189909693,1.1437501490243154,-0.6725966413608725,-0.6506586471853965,-0.62655831935096,0.5849202654881185,-0.5083800722335465,-1.3767310278071516,-0.8928692886374687,-1.5996369914235713,0.3856636983977981,-1.6012730626504472,260000.0
ID_527,-0.6609933558771169,-1.2105851160545795,-0.3810087211999231,0.05750127235556074,-0.15105779189909693,1.1437501490243154,-0.14685213368756297,-0.6506586471853965,-0.62655831935096,0.5849202654881185,-0.13150426615085783,0.060974101464652264,-0.8928692886374687,-1.3123133621138403,-0.020889627666346104,-1.3138997950876194,160000.0
ID_528,-0.6609933558771169,0.6222147155635368,-0.3810087211999231,-0.6061199692561582,-0.15105779189909693,1.1437501490243154,-0.6725966413608725,-0.6506586471853965,-0.62655831935096,0.5849202654881185,1.1875610551385527,0.060974101464652264,-0.8928692886374687,-1.3123133621138403,-0.020889627666346104,-1.3136699654224686,140000.0
ID_529,-0.23054519847239607,0.6222147155635368,-0.3810087211999231,-0.9379305900620176,-0.15105779189909693,-0.7048561921996358,-0.9354688951975273,-0.9122171603862802,-0.62655831935096,-1.5114339660212976,-1.5071009583526718,-1.3767310278071516,-0.8928692886374687,-1.024989732804109,0.19912746643895535,-1.028594994511148,43600.0
ID_530,-0.8161646350152474,-1.2105851160545795,-0.3810087211999231,0.05750127235556074,-0.15105779189909693,-1.6291593628116114,-0.6725966413608725,-0.6506586471853965,-0.9222847246532806,0.5849202654881185,-0.5083800722335465,-1.3767310278071516,-0.8928692886374687,-0.7376661034943781,0.3617487968646123,-0.7388659728805255,240000.0
ID_531,-0.06619306672296948,0.6222147155635368,-0.3810087211999231,-0.6061199692561582,-0.15105779189909693,1.1437501490243154,-0.6725966413608725,-0.6506586471853965,-0.62655831935096,-1.5114339660212976,-0.5083800722335465,0.060974101464652264,-0.31596357808214603,-0.450342474184647,1.559088200292738,-0.4560605699125682,78000.0
ID_532,0.751150649136185,-1.2105851160545795,0.2782647963819663,1.3847437555789985,-0.15105779189909693,0.21944697841233984,1.4303813893323656,1.4418094584216736,1.443526517765285,0.5849202654881185,1.375998958179897,0.060974101464652264,1.414753553583822,0.6989520430542773,-0.2903308516068944,0.7034588194809429,180000.0
ID_533,-0.25707990026077276,-1.2105851160545795,-0.3810087211999231,-0.2743093484502987,-0.8917670441167587,0.21944697841233984,-0.6725966413608725,-0.3891001339845127,-0.3308319140486392,-1.5114339660212976,-1.0360062007493107,0.060974101464652264,-0.8928692886374687,0.4116284137445462,-1.5466603454835397,0.40600177535962745,9.0
ID_534,-0.7472393978044682,-1.2105851160545795,-0.3810087211999231,0.05750127235556074,-0.15105779189909693,-0.7048561921996358,-0.6725966413608725,-0.6506586471853965,-0.9222847246532806,0.5849202654881185,-0.3199421691922022,-1.3767310278071516,-0.8928692886374687,-1.5996369914235713,0.3856636983977981,-1.5990609521233716,90000.0
ID_535,-0.5249438045532752,-1.2105851160545795,-0.3810087211999231,-1.2697412108678772,-0.15105779189909693,-0.7048561921996358,-0.9354688951975273,-0.9122171603862802,-0.62655831935096,-1.5114339660212976,-0.696817975274891,0.060974101464652264,-0.8928692886374687,1.5609229309834705,0.48929493837493176,1.556873823601843,88000.0
ID_536,-0.05228134884886409,-1.2105851160545795,-0.3810087211999231,-0.6061199692561582,-0.15105779189909693,1.1437501490243154,-0.6725966413608725,-0.6506586471853965,-0.62655831935096,-1.5114339660212976,-0.5083800722335465,0.060974101464652264,-0.31596357808214603,1.2735993016737392,-0.7128274453598268,1.2688397957517068,96000.0
ID_537,-0.6082378746751949,-1.2105851160545795,-0.3810087211999231,-0.6061199692561582,-0.15105779189909693,1.1437501490243154,-0.6725966413608725,-0.6506586471853965,-0.62655831935096,0.5849202654881185,0.056933636890486534,0.060974101464652264,-0.8928692886374687,-0.450342474184647,-0.47686708356573715,-0.4522109230212937,100000.0
ID_538,0.9328951819332859,0.6222147155635368,0.2782647963819663,1.3847437555789985,-0.15105779189909693,0.21944697841233984,1.4303813893323656,1.4418094584216736,1.443526517765285,0.5849202654881185,1.1875610551385527,0.060974101464652264,1.414753553583822,-1.024989732804109,-0.06871943073271414,-1.0213840887670442,190000.0
ID_539,-0.8574702106509521,-1.2105851160545795,-0.3810087211999231,-0.6061199692561582,-0.15105779189909693,-1.6291593628116114,-0.6725966413608725,-0.6506586471853965,-0.62655831935096,0.5849202654881185,1.1875610551385527,0.060974101464652264,-0.31596357808214603,-1.5996369914235713,0.3856636983977981,-1.599319510496666,140000.0
ID_540,0.7381696835664046,0.6222147155635368,-0.3810087211999231,0.05750127235556074,-0.15105779189909693,0.21944697841233984,-0.6725966413608725,-0.6506586471853965,-0.62655831935096,0.5849202654881185,1.5644368612212416,0.060974101464652264,-0.31596357808214603,0.4116284137445462,0.5291531075969093,0.41312649497929965,150000.0
ID_541,-0.6256798424136317,0.6222147155635368,-0.3810087211999231,-0.6061199692561582,-0.15105779189909693,-1.6291593628116114,-0.6725966413608725,-0.3891001339845127,-0.62655831935096,-1.5114339660212976,-1.0360062007493107,0.060974101464652264,-0.31596357808214603,0.1243047844348151,5.06660709182652,0.11972019870626557,71000.0
ID_542,0.631562746555693,0.6222147155635368,-0.3810087211999231,-0.6061199692561582,-0.15105779189909693,0.21944697841233984,-0.6725966413608725,-0.6506586471853965,-0.62655831935096,0.5849202654881185,0.6222473460145197,0.060974101464652264,-0.31596357808214603,-0.450342474184647,-0.47686708356573715,-0.45143524790141,110000.0
ID_543,-0.5951963275944817,0.6222147155635368,-0.3810087211999231,-0.6061199692561582,-0.15105779189909693,1.1437501490243154,-0.6725966413608725,-0.6506586471853965,-0.62655831935096,0.5849202654881185,-0.696817975274891,0.060974101464652264,-0.8928692886374687,0.9862756723640083,0.9341121068921712,0.9847128722091328,74000.0
ID_544,-0.4528462991336738,-1.2105851160545795,-0.3810087211999231,-1.2697412108678772,-0.15105779189909693,-0.7048561921996358,-0.9354688951975273,-0.9122171603862802,-0.62655831935096,-1.5114339660212976,-0.5083800722335465,0.060974101464652264,-0.8928692886374687,0.1243047844348151,5.06660709182652,0.12026604416099852,62000.0
ID_545,-0.6609933558771169,-1.2105851160545795,-0.3810087211999231,-0.2743093484502987,-0.15105779189909693,1.1437501490243154,-0.6725966413608725,-0.6506586471853965,-0.62655831935096,0.5849202654881185,-0.3199421691922022,0.060974101464652264,-0.8928692886374687,-1.3123133621138403,-0.020889627666346104,-1.3138710663794755,110000.0
ID_546,-0.7389782826773273,0.6222147155635368,-0.3810087211999231,-0.6061199692561582,-0.15105779189909693,-0.7048561921996358,-0.6725966413608725,-0.6506586471853965,-0.62655831935096,0.5849202654881185,-0.3199421691922022,0.060974101464652264,-0.8928692886374687,-0.7376661034943781,0.3617487968646123,-0.737515723597765,100000.0
ID_547,-0.7094420423927561,0.6222147155635368,-0.3810087211999231,-0.6061199692561582,-0.15105779189909693,-0.7048561921996358,-0.6725966413608725,-0.6506586471853965,-0.62655831935096,0.5849202654881185,0.056933636890486534,0.060974101464652264,-0.8928692886374687,0.6989520430542773,-0.2903308516068944,0.6982014658906203,120000.0
ID_548,-0.6082378746751949,2.455014547181653,4.893179419455191,1.3847437555789985,5.033906973624536,2.068053319636291,1.4303813893323656,1.4418094584216736,1.443526517765285,0.5849202654881185,-2.752675497455958,4.374089489280064,1.414753553583822,-0.450342474184647,-0.47686708356573715,-0.44477018761203924,9.0
ID_549,0.801703166304203,0.6222147155635368,-0.3810087211999231,-0.6061199692561582,-0.15105779189909693,0.21944697841233984,-0.6725966413608725,-0.6506586471853965,-0.9222847246532806,0.5849202654881185,1.1875610551385527,0.060974101464652264,-0.8928692886374687,0.9862756723640083,0.9341121068921712,0.9863504085733317,170000.0
ID_550,-0.6302675150142374,0.6222147155635368,-0.3810087211999231,-1.2697412108678772,-0.15105779189909693,1.1437501490243154,-0.9354688951975273,-0.9122171603862802,-0.62655831935096,0.5849202654881185,0.6222473460145197,0.060974101464652264,-0.31596357808214603,0.6989520430542773,-0.2903308516068944,0.7006721347909904,150000.0
ID_551,0.9328951819332859,0.6222147155635368,-0.3810087211999231,-0.6061199692561582,-0.15105779189909693,0.21944697841233984,-0.6725966413608725,-0.6506586471853965,-0.9222847246532806,0.5849202654881185,1.5644368612212416,0.060974101464652264,-0.8928692886374687,-1.024989732804109,-0.06871943073271414,-1.026842543314374,150000.0
ID_552,2.4134026683287213,0.6222147155635368,-0.3810087211999231,-0.6061199692561582,-0.15105779189909693,0.21944697841233984,-0.6725966413608725,-0.6506586471853965,-0.62655831935096,-1.5114339660212976,-0.3199421691922022,0.060974101464652264,-0.8928692886374687,-0.450342474184647,1.559088200292738,-0.4553136235008284,60000.0
ID_553,0.5676382377018765,0.6222147155635368,-0.3810087211999231,-0.6061199692561582,-0.15105779189909693,0.21944697841233984,-0.6725966413608725,-0.6506586471853965,-0.62655831935096,0.5849202654881185,2.1297505703452746,0.060974101464652264,-0.31596357808214603,1.5609229309834705,-0.2393123950027652,1.5610969436989872,180000.0
ID_554,2.753683507825741,0.6222147155635368,-0.3810087211999231,-0.2743093484502987,-0.15105779189909693,0.21944697841233984,-0.6725966413608725,-0.6506586471853965,-0.62655831935096,-1.5114339660212976,-0.5083800722335465,0.060974101464652264,-0.8928692886374687,0.9862756723640083,-2.2290322025637495,0.9810068688585776,41700.0
ID_555,-0.6609933558771169,0.6222147155635368,-0.3810087211999231,-0.6061199692561582,-0.15105779189909693,1.1437501490243154,-0.14685213368756297,-0.6506586471853965,-0.62655831935096,0.5849202654881185,0.43380944297317525,0.060974101464652264,-0.8928692886374687,-1.3123133621138403,-0.020889627666346104,-1.3143881831260646,120000.0
ID_556,-0.7422331620374208,-1.2105851160545795,0.2782647963819663,1.3847437555789985,-0.15105779189909693,-0.7048561921996358,1.4303813893323656,1.4418094584216736,1.443526517765285,0.5849202654881185,0.24537153993183092,0.060974101464652264,1.414753553583822,1.2735993016737392,0.22623102150989877,1.2775445943192902,170000.0
ID_557,0.7381696835664046,-1.2105851160545795,0.2782647963819663,1.3847437555789985,-0.15105779189909693,0.21944697841233984,1.4303813893323656,1.4418094584216736,1.443526517765285,0.5849202654881185,1.752874764262586,0.060974101464652264,1.414753553583822,0.4116284137445462,0.5291531075969093,0.41513750454936843,180000.0
ID_558,-0.6082378746751949,0.6222147155635368,-0.3810087211999231,0.05750127235556074,-0.15105779189909693,1.1437501490243154,-0.6725966413608725,-0.6506586471853965,-0.62655831935096,0.5849202654881185,-0.3199421691922022,0.060974101464652264,-0.31596357808214603,-0.450342474184647,-0.47686708356573715,-0.45022864215936875,110000.0
ID_559,-0.04590376797071128,0.6222147155635368,-0.3810087211999231,-0.6061199692561582,-0.15105779189909693,1.1437501490243154,-0.6725966413608725,-0.6506586471853965,-0.62655831935096,-1.5114339660212976,-0.9606310395327731,-1.3767310278071516,-0.8928692886374687,0.4116284137445462,-1.5466603454835397,0.4058868605270521,110000.0
ID_560,-0.8707816208258186,-1.2105851160545795,-0.3810087211999231,-1.2697412108678772,-0.15105779189909693,-1.6291593628116114,-0.9354688951975273,-0.9122171603862802,-0.9222847246532806,0.5849202654881185,0.43380944297317525,0.060974101464652264,-0.31596357808214603,1.2735993016737392,0.22623102150989877,1.2761943450365296,140000.0
ID_561,-1.095208581779814,2.455014547181653,4.893179419455191,1.3847437555789985,5.033906973624536,2.068053319636291,1.4303813893323656,1.4418094584216736,1.443526517765285,-1.5114339660212976,-2.752675497455958,4.374089489280064,1.414753553583822,0.9862756723640083,-2.2290322025637495,0.9838797396729615,9.0
ID_562,0.7381696835664046,0.6222147155635368,-0.3810087211999231,0.05750127235556074,-0.15105779189909693,0.21944697841233984,-0.6725966413608725,-0.6506586471853965,-0.9222847246532806,0.5849202654881185,-0.3199421691922022,0.060974101464652264,-0.31596357808214603,0.4116284137445462,0.5291531075969093,0.4127817504815736,110000.0
ID_563,0.833563533644543,-1.2105851160545795,0.2782647963819663,1.3847437555789985,-0.15105779189909693,0.21944697841233984,1.4303813893323656,1.4418094584216736,1.443526517765285,0.5849202654881185,1.5644368612212416,0.060974101464652264,1.414753553583822,-0.7376661034943781,0.3617487968646123,-0.7324020135481616,150000.0
ID_564,-0.8175414875364376,0.6222147155635368,-0.3810087211999231,-0.2743093484502987,-0.15105779189909693,-1.6291593628116114,-0.6725966413608725,-0.6506586471853965,-0.3308319140486392,0.5849202654881185,0.24537153993183092,0.060974101464652264,-0.31596357808214603,0.6989520430542773,-0.2903308516068944,0.697167232397442,130000.0
ID_565,0.4740122662609459,0.6222147155635368,-0.3810087211999231,-0.6061199692561582,-0.15105779189909693,0.21944697841233984,-0.6725966413608725,-0.6506586471853965,-0.62655831935096,0.5849202654881185,1.752874764262586,0.060974101464652264,-0.8928692886374687,-1.3123133621138403,-0.020889627666346104,-1.3113142113546739,160000.0
ID_566,0.5676382377018765,0.6222147155635368,-0.3810087211999231,-0.6061199692561582,-0.15105779189909693,0.21944697841233984,-0.6725966413608725,-0.6506586471853965,-0.62655831935096,0.5849202654881185,2.1297505703452746,0.060974101464652264,-0.31596357808214603,1.5609229309834705,-0.2393123950027652,1.5630504958527685,210000.0
ID_567,-0.7479939129860804,0.6222147155635368,-0.3810087211999231,-0.6061199692561582,-0.15105779189909693,-0.7048561921996358,-0.6725966413608725,-0.6506586471853965,-0.9222847246532806,0.5849202654881185,0.24537153993183092,0.060974101464652264,-0.8928692886374687,-0.450342474184647,-0.47686708356573715,-0.4515788914421292,120000.0
ID_568,-0.7702713867789371,0.6222147155635368,-0.3810087211999231,-0.6061199692561582,-0.15105779189909693,-1.6291593628116114,-0.6725966413608725,-0.6506586471853965,-0.62655831935096,0.5849202654881185,0.43380944297317525,0.060974101464652264,-0.8928692886374687,-1.024989732804109,-0.06871943073271414,-1.0262966978596408,100000.0
ID_569,-1.095208581779814,2.455014547181653,4.893179419455191,1.3847437555789985,5.033906973624536,2.068053319636291,1.4303813893323656,1.4418094584216736,1.443526517765285,-1.5114339660212976,-2.752675497455958,4.374089489280064,1.414753553583822,1.2735993016737392,-0.7128274453598268,1.27110936369507,9.0
ID_570,0.7456432390514247,-1.2105851160545795,0.2782647963819663,1.3847437555789985,-0.15105779189909693,0.21944697841233984,1.4303813893323656,1.4418094584216736,1.443526517765285,0.5849202654881185,0.6222473460145197,0.060974101464652264,1.414753553583822,1.2735993016737392,0.22623102150989877,1.277027477572701,150000.0
ID_571,-0.5912805590242168,0.6222147155635368,-0.3810087211999231,-0.6061199692561582,-0.15105779189909693,-1.6291593628116114,-0.6725966413608725,-0.6506586471853965,-0.3308319140486392,-1.5114339660212976,-1.130225152269983,-1.3767310278071516,-0.31596357808214603,1.2735993016737392,-0.7128274453598268,1.2676619187178093,68000.0
ID_572,0.7456432390514247,-1.2105851160545795,0.2782647963819663,1.3847437555789985,-0.15105779189909693,0.21944697841233984,1.4303813893323656,1.4418094584216736,1.443526517765285,0.5849202654881185,0.9991231520972084,0.060974101464652264,1.414753553583822,1.2735993016737392,0.22623102150989877,1.2776882378600094,170000.0
ID_573,-0.4528462991336738,-1.2105851160545795,0.2782647963819663,1.3847437555789985,-0.15105779189909693,0.21944697841233984,1.4303813893323656,1.4418094584216736,1.443526517765285,-1.5114339660212976,-0.5083800722335465,0.060974101464652264,1.414753553583822,0.1243047844348151,5.06660709182652,0.12078316090758764,86000.0
ID_574,-0.8574702106509521,-1.2105851160545795,-0.3810087211999231,-0.6061199692561582,-0.15105779189909693,-1.6291593628116114,-0.6725966413608725,-0.6506586471853965,-0.9222847246532806,0.5849202654881185,0.24537153993183092,-1.3767310278071516,-0.8928692886374687,-1.5996369914235713,0.3856636983977981,-1.6008708607364335,240000.0
ID_575,-0.603887020708234,-1.2105851160545795,0.2782647963819663,1.3847437555789985,-0.15105779189909693,1.1437501490243154,1.4303813893323656,1.4418094584216736,1.443526517765285,0.5849202654881185,-0.3199421691922022,0.060974101464652264,1.414753553583822,-0.16301884487491597,-0.08306837165262702,-0.15754056358993065,150000.0
ID_576,0.4625183014140505,-1.2105851160545795,0.2782647963819663,1.3847437555789985,-0.15105779189909693,0.21944697841233984,1.4303813893323656,1.4418094584216736,1.443526517765285,0.5849202654881185,1.1875610551385527,0.060974101464652264,1.414753553583822,0.1243047844348151,-1.1560502871081872,0.1279366092354037,170000.0
ID_577,-0.6904139405499081,0.6222147155635368,-0.3810087211999231,-1.2697412108678772,-0.15105779189909693,-0.7048561921996358,-0.9354688951975273,-0.9122171603862802,-0.62655831935096,0.5849202654881185,0.9991231520972084,0.060974101464652264,-0.8928692886374687,-1.024989732804109,-0.06871943073271414,-1.0227917954660926,140000.0
ID_578,-0.8015644908805469,0.6222147155635368,-0.3810087211999231,-0.6061199692561582,-0.15105779189909693,-0.7048561921996358,-0.6725966413608725,-0.6506586471853965,-0.62655831935096,0.5849202654881185,0.6222473460145197,0.060974101464652264,-0.8928692886374687,0.1243047844348151,-1.1560502871081872,0.12273671306136874,140000.0
ID_579,-1.095208581779814,2.455014547181653,4.893179419455191,1.3847437555789985,5.033906973624536,2.068053319636291,1.4303813893323656,1.4418094584216736,1.443526517765285,-1.5114339660212976,-2.752675497455958,4.374089489280064,1.414753553583822,1.2735993016737392,-0.7128274453598268,1.2711668211113578,9.0
ID_580,-0.7472393978044682,-1.2105851160545795,-0.3810087211999231,-1.2697412108678772,-0.15105779189909693,-0.7048561921996358,-0.9354688951975273,-0.9122171603862802,-0.9222847246532806,0.5849202654881185,-0.3199421691922022,0.060974101464652264,-0.8928692886374687,-1.5996369914235713,0.3856636983977981,-1.5970499425533027,86000.0
ID_581,-0.5804089315168994,0.6222147155635368,-0.3810087211999231,-0.6061199692561582,-0.15105779189909693,1.1437501490243154,-0.6725966413608725,-0.6506586471853965,-0.9222847246532806,0.5849202654881185,0.810685249055864,-1.3767310278071516,-0.31596357808214603,-1.024989732804109,-0.06871943073271414,-1.027359660060963,130000.0
ID_582,-0.4528462991336738,-1.2105851160545795,-0.3810087211999231,-0.6061199692561582,-0.15105779189909693,-0.7048561921996358,-0.6725966413608725,-0.6506586471853965,-0.62655831935096,-1.5114339660212976,-0.5083800722335465,0.060974101464652264,-0.8928692886374687,0.1243047844348151,5.06660709182652,0.11943291162482718,83000.0
ID_583,-0.5249438045532752,-1.2105851160545795,-0.3810087211999231,-0.6061199692561582,-0.15105779189909693,-0.7048561921996358,-0.6725966413608725,-0.6506586471853965,-0.62655831935096,-1.5114339660212976,-0.5083800722335465,0.060974101464652264,-0.8928692886374687,1.5609229309834705,0.48929493837493176,1.5558395901086646,110000.0
ID_584,0.7456432390514247,0.6222147155635368,-0.3810087211999231,-0.6061199692561582,-0.15105779189909693,0.21944697841233984,-0.6725966413608725,-0.6506586471853965,-0.62655831935096,0.5849202654881185,1.375998958179897,0.060974101464652264,-0.31596357808214603,1.2735993016737392,0.22623102150989877,1.2730629158488511,170000.0
ID_585,-0.603887020708234,0.6222147155635368,-0.3810087211999231,-1.2697412108678772,-0.15105779189909693,1.1437501490243154,-0.9354688951975273,-0.9122171603862802,-0.9222847246532806,0.5849202654881185,1.1875610551385527,0.060974101464652264,-0.8928692886374687,-0.16301884487491597,-0.08306837165262702,-0.1609305511509037,200000.0
ID_586,0.801703166304203,0.6222147155635368,0.2782647963819663,1.3847437555789985,-0.15105779189909693,0.21944697841233984,1.4303813893323656,1.4418094584216736,1.443526517765285,0.5849202654881185,0.9991231520972084,0.060974101464652264,1.414753553583822,0.9862756723640083,0.9341121068921712,0.9900851406320309,160000.0
ID_587,-0.5804089315168994,0.6222147155635368,-0.3810087211999231,-0.6061199692561582,-0.15105779189909693,1.1437501490243154,-0.14685213368756297,-0.6506586471853965,-0.62655831935096,0.5849202654881185,1.752874764262586,0.060974101464652264,-0.31596357808214603,-1.024989732804109,-0.06871943073271414,-1.0270149155632369,170000.0
ID_588,-0.6546157749989641,-1.2105851160545795,-0.3810087211999231,-1.2697412108678772,-0.15105779189909693,1.1437501490243154,-0.9354688951975273,-0.9122171603862802,-0.9222847246532806,0.5849202654881185,-0.3199421691922022,0.060974101464652264,-0.8928692886374687,1.5609229309834705,-0.2393123950027652,1.5634526977667822,120000.0
ID_589,2.2855536506210883,-1.2105851160545795,0.2782647963819663,1.3847437555789985,-0.15105779189909693,0.21944697841233984,1.4303813893323656,1.4418094584216736,1.443526517765285,-1.5114339660212976,-0.5083800722335465,0.060974101464652264,1.414753553583822,1.5609229309834705,0.48929493837493176,1.558252801592747,94000.0
ID_590,-0.34569963593465586,-1.2105851160545795,-0.3810087211999231,-1.2697412108678772,-0.15105779189909693,-0.7048561921996358,-0.9354688951975273,-0.9122171603862802,-0.62655831935096,-1.5114339660212976,-0.9606310395327731,-1.3767310278071516,-0.8928692886374687,-0.450342474184647,1.559088200292738,-0.4539921029262117,52000.0
ID_591,-0.5249438045532752,2.455014547181653,4.893179419455191,1.3847437555789985,5.033906973624536,2.068053319636291,1.4303813893323656,1.4418094584216736,1.443526517765285,-1.5114339660212976,-2.752675497455958,4.374089489280064,1.414753553583822,1.5609229309834705,0.48929493837493176,1.5595743221673637,9.0
ID_592,-0.25707990026077276,-1.2105851160545795,-0.3810087211999231,0.05750127235556074,-0.8917670441167587,-0.7048561921996358,-0.6725966413608725,-0.6506586471853965,-0.62655831935096,-1.5114339660212976,-0.696817975274891,-1.3767310278071516,-0.8928692886374687,0.4116284137445462,-1.5466603454835397,0.40694982272837416,9.0
ID_593,-0.4528462991336738,-1.2105851160545795,-0.3810087211999231,-0.2743093484502987,-0.8917670441167587,0.21944697841233984,-0.6725966413608725,-0.3891001339845127,-0.3308319140486392,-1.5114339660212976,-1.5071009583526718,-1.3767310278071516,-0.8928692886374687,0.1243047844348151,5.06660709182652,0.11865723650494352,9.0
ID_594,-0.6302675150142374,0.6222147155635368,-0.3810087211999231,-0.6061199692561582,-0.15105779189909693,1.1437501490243154,-0.6725966413608725,-0.6506586471853965,-0.9222847246532806,0.5849202654881185,0.43380944297317525,0.060974101464652264,-0.8928692886374687,0.6989520430542773,-0.2903308516068944,0.6995804438815245,140000.0
ID_595,-0.6904139405499081,-1.2105851160545795,-0.3810087211999231,-0.6061199692561582,-0.15105779189909693,-0.7048561921996358,-0.6725966413608725,-0.6506586471853965,-0.62655831935096,0.5849202654881185,-0.13150426615085783,0.060974101464652264,-0.8928692886374687,-1.024989732804109,-0.06871943073271414,-1.025779581113052,95000.0
ID_596,-0.8879812625205259,0.6222147155635368,-0.3810087211999231,-1.2697412108678772,-0.15105779189909693,-1.6291593628116114,-0.9354688951975273,-0.9122171603862802,-0.3308319140486392,0.5849202654881185,-0.696817975274891,-1.3767310278071516,-0.8928692886374687,0.1243047844348151,-1.1560502871081872,0.12606924320605414,130000.0
ID_597,-0.6302675150142374,0.6222147155635368,-0.3810087211999231,-0.2743093484502987,-0.15105779189909693,1.1437501490243154,-0.14685213368756297,-0.6506586471853965,-0.62655831935096,0.5849202654881185,-0.3199421691922022,0.060974101464652264,-0.8928692886374687,0.6989520430542773,-0.2903308516068944,0.6967650304834283,110000.0
ID_598,0.7456432390514247,0.6222147155635368,-0.3810087211999231,-0.6061199692561582,-0.15105779189909693,0.21944697841233984,-0.6725966413608725,-0.3891001339845127,-0.62655831935096,0.5849202654881185,0.6222473460145197,0.060974101464652264,-0.31596357808214603,1.2735993016737392,0.22623102150989877,1.275246297667783,150000.0
ID_599,0.5676382377018765,0.6222147155635368,-0.3810087211999231,0.05750127235556074,-0.15105779189909693,0.21944697841233984,-0.6725966413608725,-0.6506586471853965,-0.62655831935096,0.5849202654881185,0.43380944297317525,0.060974101464652264,-0.31596357808214603,1.5609229309834705,-0.2393123950027652,1.561499145613001,130000.0
ID_600,-0.6904139405499081,0.6222147155635368,-0.3810087211999231,-0.6061199692561582,-0.15105779189909693,-0.7048561921996358,-0.6725966413608725,-0.6506586471853965,-0.62655831935096,0.5849202654881185,0.6222473460145197,0.060974101464652264,-0.8928692886374687,-1.024989732804109,-0.06871943073271414,-1.025894495945627,130000.0
ID_601,2.2855536506210883,0.6222147155635368,-0.3810087211999231,-0.6061199692561582,-0.15105779189909693,0.21944697841233984,-0.6725966413608725,-0.6506586471853965,-0.9222847246532806,-1.5114339660212976,-0.696817975274891,0.060974101464652264,-0.31596357808214603,1.5609229309834705,0.48929493837493176,1.5561843346063906,89000.0
ID_602,0.832186681123353,-1.2105851160545795,0.2782647963819663,1.3847437555789985,-0.15105779189909693,0.21944697841233984,1.4303813893323656,1.4418094584216736,1.443526517765285,0.5849202654881185,1.1875610551385527,0.060974101464652264,1.414753553583822,-0.16301884487491597,-0.08306837165262702,-0.15914937124598566,140000.0
ID_603,-0.8083661423352263,0.6222147155635368,-0.3810087211999231,-0.6061199692561582,-0.15105779189909693,-1.6291593628116114,-0.6725966413608725,-0.127541620783629,-0.62655831935096,0.5849202654881185,-0.3199421691922022,0.060974101464652264,-0.31596357808214603,0.4116284137445462,0.5291531075969093,0.4127242930652859,67000.0
ID_604,-0.25707990026077276,0.6222147155635368,-0.3810087211999231,-0.6061199692561582,-0.15105779189909693,-0.7048561921996358,-0.6725966413608725,-0.6506586471853965,-0.62655831935096,-1.5114339660212976,-0.696817975274891,0.060974101464652264,-0.8928692886374687,0.4116284137445462,-1.5466603454835397,0.40660507823064806,82000.0
ID_605,-0.7094420423927561,-1.2105851160545795,-0.3810087211999231,0.05750127235556074,-0.15105779189909693,-0.7048561921996358,-0.6725966413608725,-0.3891001339845127,-0.62655831935096,0.5849202654881185,0.056933636890486534,0.060974101464652264,-0.31596357808214603,0.6989520430542773,-0.2903308516068944,0.6986611252209217,130000.0
ID_606,2.753683507825741,-1.2105851160545795,0.2782647963819663,1.3847437555789985,-0.15105779189909693,0.21944697841233984,1.4303813893323656,1.4418094584216736,1.443526517765285,-1.5114339660212976,-1.0736937813575798,-1.3767310278071516,1.414753553583822,0.9862756723640083,-2.2290322025637495,0.9831615219693655,71000.0
ID_607,-0.7709487982193627,-1.2105851160545795,-0.3810087211999231,0.05750127235556074,-0.15105779189909693,2.068053319636291,-0.6725966413608725,-0.6506586471853965,-0.9222847246532806,2.6812744969975344,2.6950642794693076,0.060974101464652264,-0.31596357808214603,-0.7376661034943781,0.3617487968646123,-0.7365676762290183,200000.0
ID_608,0.833563533644543,0.6222147155635368,-0.3810087211999231,-0.6061199692561582,-0.8917670441167587,0.21944697841233984,0.11602012014909178,-0.6506586471853965,-0.62655831935096,0.5849202654881185,1.375998958179897,0.060974101464652264,-0.8928692886374687,-0.7376661034943781,0.3617487968646123,-0.7383488561339363,9.0
ID_609,0.6223158050233801,0.6222147155635368,-0.3810087211999231,-0.6061199692561582,-0.15105779189909693,0.21944697841233984,-0.6725966413608725,-0.6506586471853965,-0.62655831935096,0.5849202654881185,0.43380944297317525,0.060974101464652264,-0.31596357808214603,-1.5996369914235713,0.3856636983977981,-1.597739431548755,99000.0
ID_610,-0.8221346675471279,-1.2105851160545795,-0.3810087211999231,-1.2697412108678772,-0.8917670441167587,-1.6291593628116114,-0.9354688951975273,-0.9122171603862802,-0.9222847246532806,0.5849202654881185,-0.696817975274891,0.060974101464652264,-0.8928692886374687,0.9862756723640083,0.9341121068921712,0.9880741310619621,9.0
ID_611,0.9328951819332859,0.6222147155635368,-0.3810087211999231,-0.6061199692561582,-0.15105779189909693,0.21944697841233984,-0.6725966413608725,-0.6506586471853965,-0.3308319140486392,0.5849202654881185,0.810685249055864,0.060974101464652264,-0.31596357808214603,-1.024989732804109,-0.06871943073271414,-1.0273883887691069,130000.0
ID_612,0.751150649136185,-1.2105851160545795,0.2782647963819663,1.3847437555789985,-0.15105779189909693,0.21944697841233984,1.4303813893323656,1.4418094584216736,1.443526517765285,0.5849202654881185,1.1875610551385527,0.060974101464652264,1.414753553583822,0.6989520430542773,-0.2903308516068944,0.7030566175669292,210000.0
ID_613,-0.8015644908805469,0.6222147155635368,-0.3810087211999231,-0.6061199692561582,-0.15105779189909693,-0.7048561921996358,-0.6725966413608725,-0.6506586471853965,-0.62655831935096,0.5849202654881185,0.24537153993183092,0.060974101464652264,-0.8928692886374687,0.1243047844348151,-1.1560502871081872,0.1237996752626908,100000.0
ID_614,0.6223158050233801,0.6222147155635368,-0.3810087211999231,-0.6061199692561582,-0.15105779189909693,0.21944697841233984,-0.6725966413608725,-0.6506586471853965,-0.62655831935096,0.5849202654881185,0.056933636890486534,0.060974101464652264,-0.31596357808214603,-1.5996369914235713,0.3856636983977981,-1.598256548295344,110000.0
ID_615,0.751150649136185,0.6222147155635368,-0.3810087211999231,-0.6061199692561582,-0.15105779189909693,0.21944697841233984,-0.6725966413608725,-0.6506586471853965,-0.62655831935096,0.5849202654881185,0.24537153993183092,0.060974101464652264,-0.31596357808214603,0.6989520430542773,-0.2903308516068944,0.700413576417696,130000.0
ID_616,-0.6082378746751949,0.6222147155635368,-0.3810087211999231,-0.6061199692561582,-0.15105779189909693,1.1437501490243154,-0.14685213368756297,-0.127541620783629,-0.9222847246532806,0.5849202654881185,-0.9606310395327731,-1.3767310278071516,-0.8928692886374687,-0.450342474184647,-0.47686708356573715,-0.4522683804375814,87000.0
ID_617,-0.8376104898853053,0.6222147155635368,-0.3810087211999231,-0.9379305900620176,-0.15105779189909693,-0.7048561921996358,-0.9354688951975273,-0.9122171603862802,-0.62655831935096,0.5849202654881185,-0.696817975274891,0.060974101464652264,-0.31596357808214603,1.5609229309834705,-0.2393123950027652,1.563998543221515,96000.0
ID_618,0.751150649136185,0.6222147155635368,-0.3810087211999231,-0.6061199692561582,-0.15105779189909693,0.21944697841233984,-0.6725966413608725,-0.6506586471853965,-0.62655831935096,0.5849202654881185,0.43380944297317525,0.060974101464652264,-0.8928692886374687,0.6989520430542773,-0.2903308516068944,0.6998390022548191,93000.0
ID_619,-0.3902600909304541,-1.2105851160545795,0.2782647963819663,1.3847437555789985,-0.15105779189909693,-1.6291593628116114,1.4303813893323656,1.4418094584216736,1.443526517765285,-1.5114339660212976,-0.9794748298369075,0.060974101464652264,1.414753553583822,-1.024989732804109,0.19912746643895535,-1.0275607610179698,55000.0
ID_620,-0.8083661423352263,0.6222147155635368,-0.3810087211999231,-1.2697412108678772,-0.15105779189909693,-1.6291593628116114,-0.9354688951975273,-0.9122171603862802,-0.62655831935096,0.5849202654881185,-0.3199421691922022,0.060974101464652264,-0.31596357808214603,0.4116284137445462,0.5291531075969093,0.41364361172588876,130000.0
ID_621,-0.6543238822644718,0.6222147155635368,-0.3810087211999231,-1.2697412108678772,-0.15105779189909693,1.1437501490243154,-0.9354688951975273,-0.9122171603862802,-0.9222847246532806,0.5849202654881185,0.9991231520972084,0.060974101464652264,-0.8928692886374687,-1.5996369914235713,0.3856636983977981,-1.5976245167161796,140000.0
ID_622,0.4740122662609459,0.6222147155635368,-0.3810087211999231,-0.6061199692561582,-0.15105779189909693,0.21944697841233984,-0.6725966413608725,-0.6506586471853965,-0.62655831935096,0.5849202654881185,0.24537153993183092,0.060974101464652264,-0.8928692886374687,-1.3123133621138403,-0.020889627666346104,-1.3104523501103587,66000.0
ID_623,-0.07508202659977316,0.6222147155635368,-0.3810087211999231,-0.2743093484502987,-0.15105779189909693,2.068053319636291,-0.6725966413608725,-0.6506586471853965,-0.62655831935096,2.6812744969975344,4.014129600758718,0.060974101464652264,-0.31596357808214603,0.1243047844348151,-1.1560502871081872,0.1250350097128759,250000.0
ID_624,-0.8253454876265434,0.6222147155635368,-0.3810087211999231,-1.2697412108678772,-0.15105779189909693,-1.6291593628116114,-0.9354688951975273,-0.9122171603862802,-0.62655831935096,0.5849202654881185,0.6222473460145197,0.060974101464652264,-0.31596357808214603,-0.450342474184647,-0.47686708356573715,-0.44790161679971774,130000.0
ID_625,-0.25707990026077276,0.6222147155635368,-0.3810087211999231,-0.9379305900620176,-0.15105779189909693,-0.7048561921996358,-0.9354688951975273,-0.9122171603862802,-0.62655831935096,-1.5114339660212976,-1.1490689425741174,0.060974101464652264,-0.8928692886374687,0.4116284137445462,-1.5466603454835397,0.4077829552645455,73000.0
ID_626,0.9328951819332859,-1.2105851160545795,0.2782647963819663,1.3847437555789985,-0.15105779189909693,0.21944697841233984,1.4303813893323656,1.4418094584216736,1.443526517765285,0.5849202654881185,-0.13150426615085783,0.060974101464652264,1.414753553583822,-1.024989732804109,-0.06871943073271414,-1.0209818868530305,83000.0
ID_627,-0.8905146711595159,0.6222147155635368,-0.3810087211999231,-0.6061199692561582,-0.15105779189909693,-1.6291593628116114,-0.6725966413608725,-0.6506586471853965,-0.3308319140486392,0.5849202654881185,-0.5083800722335465,0.060974101464652264,-0.8928692886374687,1.5609229309834705,-0.2393123950027652,1.5626195652306107,91000.0
ID_628,0.801703166304203,-1.2105851160545795,0.2782647963819663,1.3847437555789985,-0.15105779189909693,0.21944697841233984,1.4303813893323656,1.4418094584216736,1.443526517765285,0.5849202654881185,0.810685249055864,0.060974101464652264,1.414753553583822,0.9862756723640083,0.9341121068921712,0.9908033583356268,110000.0
ID_629,-1.095208581779814,2.455014547181653,4.893179419455191,1.3847437555789985,5.033906973624536,2.068053319636291,1.4303813893323656,1.4418094584216736,1.443526517765285,-1.5114339660212976,-2.752675497455958,4.374089489280064,1.414753553583822,1.2735993016737392,-0.7128274453598268,1.2711955498195016,9.0
ID_630,0.801703166304203,0.6222147155635368,-0.3810087211999231,-0.6061199692561582,-0.15105779189909693,0.21944697841233984,-0.6725966413608725,-0.6506586471853965,-0.62655831935096,0.5849202654881185,0.24537153993183092,0.060974101464652264,-0.31596357808214603,0.9862756723640083,0.9341121068921712,0.9840521119218245,98000.0
ID_631,-0.5951963275944817,0.6222147155635368,-0.3810087211999231,0.05750127235556074,-0.15105779189909693,1.1437501490243154,-0.6725966413608725,-0.6506586471853965,-0.62655831935096,0.5849202654881185,1.752874764262586,0.060974101464652264,-0.31596357808214603,0.9862756723640083,0.9341121068921712,0.9862642224489002,200000.0
ID_632,2.6266220497602295,0.6222147155635368,-0.3810087211999231,-1.2697412108678772,-0.15105779189909693,0.21944697841233984,-0.9354688951975273,-0.9122171603862802,-0.62655831935096,-1.5114339660212976,-1.0360062007493107,0.060974101464652264,-0.31596357808214603,0.4116284137445462,-1.5466603454835397,0.407696769140114,71000.0
ID_633,-0.8253454876265434,0.6222147155635368,-0.3810087211999231,-1.2697412108678772,-0.15105779189909693,-1.6291593628116114,-0.9354688951975273,-0.9122171603862802,-0.62655831935096,0.5849202654881185,1.1875610551385527,0.060974101464652264,-0.31596357808214603,-0.450342474184647,-0.47686708356573715,-0.4477579732589985,100000.0
ID_634,-0.7347210546818074,0.6222147155635368,-0.3810087211999231,-0.6061199692561582,-0.8917670441167587,-0.7048561921996358,-0.6725966413608725,-0.6506586471853965,-0.62655831935096,0.5849202654881185,1.9413126673039303,0.060974101464652264,-0.31596357808214603,-1.3123133621138403,-0.020889627666346104,-1.3120898864745576,9.0
ID_635,-0.7679747967735919,0.6222147155635368,-0.3810087211999231,-0.9379305900620176,-0.15105779189909693,-1.6291593628116114,-0.9354688951975273,-0.9122171603862802,-0.62655831935096,0.5849202654881185,0.43380944297317525,0.060974101464652264,-0.31596357808214603,-0.16301884487491597,-0.08306837165262702,-0.1598388602414378,110000.0
ID_636,-0.7094420423927561,0.6222147155635368,-0.3810087211999231,-0.6061199692561582,-0.15105779189909693,-0.7048561921996358,-0.6725966413608725,-0.3891001339845127,-0.62655831935096,0.5849202654881185,1.5644368612212416,-1.3767310278071516,-0.31596357808214603,0.6989520430542773,-0.2903308516068944,0.6987473113453532,210000.0
ID_637,-0.8253454876265434,-1.2105851160545795,-0.3810087211999231,-1.2697412108678772,-0.15105779189909693,-1.6291593628116114,-0.9354688951975273,-0.9122171603862802,-0.9222847246532806,0.5849202654881185,0.24537153993183092,-1.3767310278071516,-0.8928692886374687,-0.450342474184647,-0.47686708356573715,-0.44824636129744383,67000.0
ID_638,-0.34569963593465586,-1.2105851160545795,-0.3810087211999231,0.05750127235556074,-0.15105779189909693,-0.7048561921996358,-0.14685213368756297,-0.3891001339845127,-0.62655831935096,-1.5114339660212976,-0.8852558783162353,0.060974101464652264,-0.8928692886374687,-0.450342474184647,1.559088200292738,-0.4553998096252599,110000.0
ID_639,-0.7104388836180978,-1.2105851160545795,0.2782647963819663,1.3847437555789985,-0.15105779189909693,-0.7048561921996358,1.4303813893323656,1.4418094584216736,1.443526517765285,0.5849202654881185,0.6222473460145197,0.060974101464652264,1.414753553583822,-0.16301884487491597,-0.08306837165262702,-0.1585173396668212,150000.0
ID_640,0.6223158050233801,0.6222147155635368,-0.3810087211999231,0.05750127235556074,-0.15105779189909693,0.21944697841233984,-0.6725966413608725,-0.6506586471853965,-0.9222847246532806,0.5849202654881185,0.810685249055864,0.060974101464652264,-0.31596357808214603,-1.5996369914235713,0.3856636983977981,-1.5979118037976179,94000.0
ID_641,-0.23054519847239607,-1.2105851160545795,-0.3810087211999231,-0.6061199692561582,-0.15105779189909693,-0.7048561921996358,-0.6725966413608725,-0.6506586471853965,-0.9222847246532806,-1.5114339660212976,-0.5083800722335465,0.060974101464652264,-0.8928692886374687,-1.024989732804109,0.19912746643895535,-1.0297441428369016,55000.0
ID_642,-1.095208581779814,2.455014547181653,4.893179419455191,1.3847437555789985,5.033906973624536,2.068053319636291,1.4303813893323656,1.4418094584216736,1.443526517765285,-1.5114339660212976,-2.752675497455958,4.374089489280064,1.414753553583822,1.2735993016737392,-0.7128274453598268,1.2714828369009399,9.0
ID_643,-0.32767388272723436,0.6222147155635368,-0.3810087211999231,-0.6061199692561582,-0.15105779189909693,-0.7048561921996358,-0.6725966413608725,-0.6506586471853965,-0.62655831935096,-1.5114339660212976,-0.5083800722335465,0.060974101464652264,-0.8928692886374687,-0.7376661034943781,-1.0014005905269243,-0.7430029068532383,74000.0
ID_644,0.9328951819332859,-1.2105851160545795,0.2782647963819663,1.3847437555789985,-0.15105779189909693,0.21944697841233984,1.4303813893323656,1.4418094584216736,1.443526517765285,0.5849202654881185,1.5644368612212416,0.060974101464652264,1.414753553583822,-1.024989732804109,-0.06871943073271414,-1.0217001045566265,150000.0
ID_645,-0.6082378746751949,-1.2105851160545795,0.2782647963819663,1.3847437555789985,-0.15105779189909693,1.1437501490243154,1.4303813893323656,1.4418094584216736,1.443526517765285,0.5849202654881185,0.43380944297317525,0.060974101464652264,1.414753553583822,-0.450342474184647,-0.47686708356573715,-0.4462640804355189,130000.0
ID_646,-0.6609933558771169,0.6222147155635368,-0.3810087211999231,-0.6061199692561582,-0.15105779189909693,1.1437501490243154,-0.14685213368756297,-0.3891001339845127,-0.9222847246532806,0.5849202654881185,-0.13150426615085783,0.060974101464652264,-0.8928692886374687,-1.3123133621138403,-0.020889627666346104,-1.3136412367143249,200000.0
ID_647,-0.8221346675471279,0.6222147155635368,-0.3810087211999231,-0.6061199692561582,-0.15105779189909693,0.21944697841233984,-0.6725966413608725,-0.6506586471853965,-0.62655831935096,0.5849202654881185,0.056933636890486534,0.060974101464652264,-0.8928692886374687,0.9862756723640083,0.9341121068921712,0.9848277870417083,100000.0
ID_648,2.098301707739227,-1.2105851160545795,0.2782647963819663,1.3847437555789985,-0.15105779189909693,0.21944697841233984,1.4303813893323656,1.4418094584216736,1.443526517765285,-1.5114339660212976,-0.5083800722335465,0.060974101464652264,1.414753553583822,-1.3123133621138403,-0.10220029287917282,-1.315767161116969,74000.0
ID_649,-0.012275521993163018,-1.2105851160545795,0.2782647963819663,1.3847437555789985,-0.15105779189909693,1.1437501490243154,1.4303813893323656,1.4418094584216736,1.443526517765285,-1.5114339660212976,-1.1490689425741174,-1.3767310278071516,1.414753553583822,-0.7376661034943781,-1.0014005905269243,-0.7405035092447243,53000.0
ID_650,-0.7036812914440965,-1.2105851160545795,0.2782647963819663,1.3847437555789985,-0.15105779189909693,-0.7048561921996358,1.4303813893323656,1.4418094584216736,1.443526517765285,0.5849202654881185,1.5644368612212416,0.060974101464652264,1.414753553583822,0.4116284137445462,0.5291531075969093,0.4165452112484166,170000.0
ID_651,2.3949142926741804,0.6222147155635368,-0.3810087211999231,-0.2743093484502987,-0.15105779189909693,0.21944697841233984,-0.6725966413608725,-0.6506586471853965,-0.62655831935096,-1.5114339660212976,-1.0171624104451764,0.060974101464652264,-0.8928692886374687,-1.5996369914235713,-1.1464843264949127,-1.6051227095417218,66000.0
ID_652,-0.7036812914440965,-1.2105851160545795,0.2782647963819663,1.3847437555789985,-0.15105779189909693,-0.7048561921996358,1.4303813893323656,1.4418094584216736,1.443526517765285,0.5849202654881185,0.6222473460145197,0.060974101464652264,1.414753553583822,0.4116284137445462,0.5291531075969093,0.4160568232099713,140000.0
ID_653,-0.5980932252990657,-1.2105851160545795,-0.3810087211999231,-0.9379305900620176,-0.15105779189909693,1.1437501490243154,-0.9354688951975273,-0.9122171603862802,-0.3308319140486392,0.5849202654881185,0.056933636890486534,0.060974101464652264,-0.8928692886374687,0.4116284137445462,0.5291531075969093,0.41355742560145725,100000.0
ID_654,0.833563533644543,0.6222147155635368,-0.3810087211999231,-0.6061199692561582,-0.15105779189909693,0.21944697841233984,-0.6725966413608725,-0.6506586471853965,-0.9222847246532806,0.5849202654881185,0.810685249055864,0.060974101464652264,-0.8928692886374687,-0.7376661034943781,0.3617487968646123,-0.7367687771860252,140000.0
ID_655,0.801703166304203,0.6222147155635368,-0.3810087211999231,-0.2743093484502987,-0.15105779189909693,0.21944697841233984,-0.6725966413608725,-0.6506586471853965,-0.62655831935096,0.5849202654881185,0.6222473460145197,0.060974101464652264,-0.31596357808214603,0.9862756723640083,0.9341121068921712,0.9869537114443523,150000.0
ID_656,-0.7479939129860804,0.6222147155635368,-0.3810087211999231,-0.6061199692561582,-0.15105779189909693,-0.7048561921996358,-0.6725966413608725,-0.127541620783629,-0.62655831935096,0.5849202654881185,0.24537153993183092,0.060974101464652264,-0.31596357808214603,-0.450342474184647,-0.47686708356573715,-0.45065957278152635,110000.0
ID_657,-0.7347210546818074,-1.2105851160545795,0.2782647963819663,1.3847437555789985,-0.15105779189909693,-0.7048561921996358,1.4303813893323656,1.4418094584216736,1.443526517765285,0.5849202654881185,0.43380944297317525,0.060974101464652264,1.414753553583822,-1.3123133621138403,-0.020889627666346104,-1.3074645644633993,130000.0
ID_658,-0.6904139405499081,0.6222147155635368,-0.3810087211999231,-0.6061199692561582,-0.15105779189909693,-0.7048561921996358,-0.6725966413608725,-0.6506586471853965,-0.62655831935096,0.5849202654881185,0.24537153993183092,0.060974101464652264,-0.31596357808214603,-1.024989732804109,-0.06871943073271414,-1.025032634701312,120000.0
ID_659,-0.5249438045532752,-1.2105851160545795,-0.3810087211999231,-0.9379305900620176,-0.15105779189909693,-0.7048561921996358,-0.9354688951975273,-0.9122171603862802,-0.62655831935096,-1.5114339660212976,-0.696817975274891,0.060974101464652264,-0.8928692886374687,1.5609229309834705,0.48929493837493176,1.5571036532669935,88000.0
ID_660,-0.603887020708234,-1.2105851160545795,0.2782647963819663,1.3847437555789985,-0.15105779189909693,1.1437501490243154,1.4303813893323656,1.4418094584216736,1.443526517765285,0.5849202654881185,0.056933636890486534,0.060974101464652264,1.414753553583822,-0.16301884487491597,-0.08306837165262702,-0.15863225449939655,120000.0
ID_661,-0.7479939129860804,-1.2105851160545795,0.2782647963819663,1.3847437555789985,-0.15105779189909693,-0.7048561921996358,1.4303813893323656,1.4418094584216736,1.443526517765285,0.5849202654881185,1.375998958179897,0.060974101464652264,1.414753553583822,-0.450342474184647,-0.47686708356573715,-0.4455745914400667,150000.0
ID_662,2.817415257326591,0.6222147155635368,-0.3810087211999231,-0.6061199692561582,-0.15105779189909693,0.21944697841233984,-0.6725966413608725,-0.6506586471853965,-0.62655831935096,-1.5114339660212976,-1.1867565231823862,-1.3767310278071516,-0.31596357808214603,-0.7376661034943781,-1.0014005905269243,-0.7417388436949094,41700.0
ID_663,-0.7479939129860804,0.6222147155635368,-0.3810087211999231,-0.6061199692561582,-0.15105779189909693,-0.7048561921996358,-0.6725966413608725,-0.3891001339845127,-0.62655831935096,0.5849202654881185,0.24537153993183092,0.060974101464652264,-0.8928692886374687,-0.450342474184647,-0.47686708356573715,-0.45155016273398535,120000.0
ID_664,-0.7036812914440965,-1.2105851160545795,-0.3810087211999231,-0.6061199692561582,-0.15105779189909693,-0.7048561921996358,-0.6725966413608725,-0.6506586471853965,-0.62655831935096,0.5849202654881185,-0.696817975274891,0.060974101464652264,-0.8928692886374687,0.4116284137445462,0.5291531075969093,0.4111729428255186,100000.0
ID_665,2.098301707739227,0.6222147155635368,-0.3810087211999231,-0.6061199692561582,-0.15105779189909693,0.21944697841233984,-0.6725966413608725,-0.6506586471853965,-0.62655831935096,-1.5114339660212976,-0.5083800722335465,0.060974101464652264,-0.8928692886374687,-1.3123133621138403,-0.10220029287917282,-1.3168588520264348,75000.0
ID_666,-0.010540687816463355,0.6222147155635368,-0.3810087211999231,-0.9379305900620176,-0.15105779189909693,1.1437501490243154,-0.9354688951975273,-0.9122171603862802,-0.9222847246532806,-1.5114339660212976,-0.5083800722335465,0.060974101464652264,-0.8928692886374687,-1.024989732804109,0.19912746643895535,-1.028796095468155,71000.0
ID_667,0.7456432390514247,-1.2105851160545795,0.2782647963819663,1.3847437555789985,-0.15105779189909693,0.21944697841233984,1.4303813893323656,1.4418094584216736,1.443526517765285,0.5849202654881185,2.1297505703452746,0.060974101464652264,1.414753553583822,1.2735993016737392,0.22623102150989877,1.277372222070427,210000.0
ID_668,-0.8478322430026209,-1.2105851160545795,0.2782647963819663,1.3847437555789985,-0.15105779189909693,-1.6291593628116114,1.4303813893323656,1.4418094584216736,1.443526517765285,0.5849202654881185,0.056933636890486534,0.060974101464652264,1.414753553583822,-1.3123133621138403,-0.020889627666346104,-1.3072347347982487,100000.0
ID_669,0.631562746555693,0.6222147155635368,-0.3810087211999231,-0.6061199692561582,-0.15105779189909693,0.21944697841233984,-0.6725966413608725,-0.3891001339845127,-0.62655831935096,0.5849202654881185,2.1297505703452746,0.060974101464652264,-0.31596357808214603,-0.450342474184647,-0.47686708356573715,-0.4525269388108759,110000.0
ID_670,-0.8376104898853053,0.6222147155635368,-0.3810087211999231,-1.2697412108678772,-0.15105779189909693,-0.7048561921996358,-0.9354688951975273,-0.9122171603862802,-0.62655831935096,0.5849202654881185,0.6222473460145197,0.060974101464652264,-0.31596357808214603,1.5609229309834705,-0.2393123950027652,1.5639410858052274,190000.0
ID_671,-0.8905146711595159,0.6222147155635368,-0.3810087211999231,-1.2697412108678772,-0.15105779189909693,-1.6291593628116114,-0.9354688951975273,-0.9122171603862802,-0.62655831935096,0.5849202654881185,-0.13150426615085783,0.060974101464652264,-0.8928692886374687,1.5609229309834705,-0.2393123950027652,1.5644582025518166,180000.0
ID_672,-0.23054519847239607,0.6222147155635368,-0.3810087211999231,-1.2697412108678772,-0.15105779189909693,-0.7048561921996358,-0.9354688951975273,-0.9122171603862802,-0.3308319140486392,-1.5114339660212976,-0.3199421691922022,0.060974101464652264,-0.8928692886374687,-1.024989732804109,0.19912746643895535,-1.0287099093437235,73000.0
ID_673,-0.603887020708234,0.6222147155635368,-0.3810087211999231,-0.9379305900620176,-0.15105779189909693,1.1437501490243154,-0.9354688951975273,-0.9122171603862802,-0.62655831935096,0.5849202654881185,0.24537153993183092,0.060974101464652264,-0.8928692886374687,-0.16301884487491597,-0.08306837165262702,-0.16072945019389684,140000.0
ID_674,-0.6904139405499081,0.6222147155635368,-0.3810087211999231,-1.2697412108678772,-0.15105779189909693,-0.7048561921996358,-0.9354688951975273,-0.9122171603862802,-0.62655831935096,0.5849202654881185,0.24537153993183092,0.060974101464652264,-0.8928692886374687,-1.024989732804109,-0.06871943073271414,-1.0227343380498048,150000.0
ID_675,-0.30013683230343124,-1.2105851160545795,0.2782647963819663,1.3847437555789985,-0.15105779189909693,-0.7048561921996358,1.4303813893323656,1.4418094584216736,1.443526517765285,-1.5114339660212976,-0.5083800722335465,0.060974101464652264,1.414753553583822,0.9862756723640083,-2.2290322025637495,0.9829604210123586,68000.0
ID_676,-0.6609933558771169,0.6222147155635368,-0.3810087211999231,-0.6061199692561582,-0.15105779189909693,1.1437501490243154,-0.14685213368756297,-0.3891001339845127,-0.9222847246532806,0.5849202654881185,-0.8852558783162353,0.060974101464652264,-0.8928692886374687,-1.3123133621138403,-0.020889627666346104,-1.3144169118342086,90000.0
ID_677,-0.8221346675471279,0.6222147155635368,-0.3810087211999231,-1.2697412108678772,-0.15105779189909693,-1.6291593628116114,-0.9354688951975273,-0.9122171603862802,-0.9222847246532806,0.5849202654881185,0.24537153993183092,0.060974101464652264,-0.8928692886374687,0.9862756723640083,0.9341121068921712,0.9881315884782498,140000.0
ID_678,-0.6302675150142374,-1.2105851160545795,0.2782647963819663,1.3847437555789985,-0.15105779189909693,1.1437501490243154,1.4303813893323656,1.4418094584216736,1.443526517765285,0.5849202654881185,-0.13150426615085783,0.060974101464652264,1.414753553583822,0.6989520430542773,-0.2903308516068944,0.7024533146959085,120000.0
ID_679,0.801703166304203,-1.2105851160545795,0.2782647963819663,1.3847437555789985,-0.15105779189909693,0.21944697841233984,1.4303813893323656,1.4418094584216736,1.443526517765285,0.5849202654881185,0.24537153993183092,0.060974101464652264,1.414753553583822,0.9862756723640083,0.9341121068921712,0.9903436990053254,130000.0
ID_680,2.4134026683287213,-1.2105851160545795,0.2782647963819663,1.3847437555789985,-0.15105779189909693,0.21944697841233984,1.4303813893323656,1.4418094584216736,1.443526517765285,-1.5114339660212976,-0.5083800722335465,0.060974101464652264,1.414753553583822,-0.450342474184647,1.559088200292738,-0.4531589703900404,77000.0
ID_681,-0.7347210546818074,0.6222147155635368,-0.3810087211999231,-0.6061199692561582,-0.15105779189909693,-0.7048561921996358,-0.6725966413608725,-0.6506586471853965,-0.62655831935096,0.5849202654881185,0.6222473460145197,0.060974101464652264,-0.31596357808214603,-1.3123133621138403,-0.020889627666346104,-1.312147343890845,120000.0
ID_682,0.4740122662609459,0.6222147155635368,-0.3810087211999231,-0.6061199692561582,-0.15105779189909693,0.21944697841233984,-0.6725966413608725,-0.6506586471853965,-0.62655831935096,0.5849202654881185,0.056933636890486534,0.060974101464652264,-0.8928692886374687,-1.3123133621138403,-0.020889627666346104,-1.3132964922165988,90000.0
ID_683,-0.5951963275944817,-1.2105851160545795,-0.3810087211999231,-0.6061199692561582,-0.15105779189909693,1.1437501490243154,-0.14685213368756297,-0.6506586471853965,-0.62655831935096,0.5849202654881185,0.24537153993183092,-1.3767310278071516,-0.8928692886374687,0.9862756723640083,0.9341121068921712,0.9841957554625438,170000.0
ID_684,2.6266220497602295,0.6222147155635368,0.2782647963819663,1.3847437555789985,-0.15105779189909693,0.21944697841233984,1.4303813893323656,1.4418094584216736,1.443526517765285,-1.5114339660212976,-0.5083800722335465,0.060974101464652264,1.414753553583822,0.4116284137445462,-1.5466603454835397,0.4090182897147306,90000.0
ID_685,-0.6543238822644718,-1.2105851160545795,0.2782647963819663,1.3847437555789985,-0.15105779189909693,1.1437501490243154,1.4303813893323656,1.4418094584216736,1.443526517765285,0.5849202654881185,-0.5083800722335465,0.060974101464652264,1.414753553583822,-1.5996369914235713,0.3856636983977981,-1.5954698636053917,74000.0
ID_686,0.7456432390514247,-1.2105851160545795,0.2782647963819663,1.3847437555789985,-0.15105779189909693,0.21944697841233984,1.4303813893323656,1.4418094584216736,1.443526517765285,0.5849202654881185,0.24537153993183092,0.060974101464652264,1.414753553583822,1.2735993016737392,0.22623102150989877,1.2780904397740231,85000.0
ID_687,0.5676382377018765,0.6222147155635368,0.2782647963819663,1.3847437555789985,-0.15105779189909693,0.21944697841233984,1.4303813893323656,1.4418094584216736,1.443526517765285,0.5849202654881185,1.752874764262586,0.060974101464652264,1.414753553583822,1.5609229309834705,-0.2393123950027652,1.5657797231264332,210000.0
ID_688,-0.31916493414627917,-1.2105851160545795,-0.3810087211999231,-0.6061199692561582,-0.15105779189909693,-0.7048561921996358,-0.6725966413608725,-0.6506586471853965,-0.62655831935096,-1.5114339660212976,-0.696817975274891,0.060974101464652264,-0.8928692886374687,-1.3123133621138403,-0.10220029287917282,-1.3172035965241609,64000.0
ID_689,-0.7479939129860804,0.6222147155635368,-0.3810087211999231,-1.2697412108678772,-0.15105779189909693,-0.7048561921996358,-0.9354688951975273,-0.9122171603862802,-0.62655831935096,0.5849202654881185,-0.5083800722335465,0.060974101464652264,-0.8928692886374687,-0.450342474184647,-0.47686708356573715,-0.4481027177567246,90000.0
ID_690,-0.6012820157381421,0.6222147155635368,0.2782647963819663,1.3847437555789985,-0.15105779189909693,1.1437501490243154,1.4303813893323656,1.4418094584216736,1.443526517765285,0.5849202654881185,-0.3199421691922022,-1.3767310278071516,1.414753553583822,1.2735993016737392,0.22623102150989877,1.2778318814007286,260000.0
ID_691,2.753683507825741,0.6222147155635368,-0.3810087211999231,-0.6061199692561582,-0.15105779189909693,0.21944697841233984,-0.6725966413608725,-0.6506586471853965,-0.62655831935096,-1.5114339660212976,-0.696817975274891,0.060974101464652264,-0.31596357808214603,0.9862756723640083,-2.2290322025637495,0.9806333956527076,80000.0
ID_692,-0.05749686619913237,0.6222147155635368,-0.3810087211999231,-0.6061199692561582,-0.15105779189909693,1.1437501490243154,-0.6725966413608725,-0.6506586471853965,-0.62655831935096,-1.5114339660212976,-0.5083800722335465,0.060974101464652264,-0.31596357808214603,-0.16301884487491597,0.46538003684174956,-0.16768179756470603,87000.0
ID_693,-0.7709487982193627,-1.2105851160545795,0.2782647963819663,1.3847437555789985,-0.15105779189909693,2.068053319636291,1.4303813893323656,1.4418094584216736,1.443526517765285,2.6812744969975344,1.5644368612212416,0.060974101464652264,1.414753553583822,-0.7376661034943781,0.3617487968646123,-0.7342693795775111,270000.0
ID_694,-0.5912805590242168,0.6222147155635368,-0.3810087211999231,-1.2697412108678772,-0.15105779189909693,-1.6291593628116114,-0.9354688951975273,-0.9122171603862802,-0.9222847246532806,-1.5114339660212976,-1.0360062007493107,-1.3767310278071516,-0.31596357808214603,1.2735993016737392,-0.7128274453598268,1.2694430986227274,70000.0
ID_695,0.832186681123353,0.6222147155635368,-0.3810087211999231,-0.6061199692561582,-0.15105779189909693,0.21944697841233984,-0.6725966413608725,-0.6506586471853965,-0.9222847246532806,0.5849202654881185,1.375998958179897,0.060974101464652264,-0.31596357808214603,-0.16301884487491597,-0.08306837165262702,-0.16156258273006818,120000.0
ID_696,-0.8161646350152474,-1.2105851160545795,-0.3810087211999231,-1.2697412108678772,-0.15105779189909693,-1.6291593628116114,-0.9354688951975273,-0.9122171603862802,-0.3308319140486392,0.5849202654881185,-0.13150426615085783,0.060974101464652264,-0.8928692886374687,-0.7376661034943781,0.3617487968646123,-0.7348439537403879,100000.0
ID_697,-0.5804089315168994,0.6222147155635368,-0.3810087211999231,0.05750127235556074,-0.15105779189909693,1.1437501490243154,-0.6725966413608725,-0.6506586471853965,-0.62655831935096,0.5849202654881185,0.24537153993183092,0.060974101464652264,-0.8928692886374687,-1.024989732804109,-0.06871943073271414,-1.0263541552759285,120000.0
ID_698,-0.8707816208258186,0.6222147155635368,-0.3810087211999231,-1.2697412108678772,-0.15105779189909693,-1.6291593628116114,-0.9354688951975273,-0.9122171603862802,-0.62655831935096,0.5849202654881185,-0.696817975274891,-1.3767310278071516,-0.8928692886374687,1.2735993016737392,0.22623102150989877,1.2758496005388036,110000.0
ID_699,-0.6609933558771169,0.6222147155635368,-0.3810087211999231,0.05750127235556074,-0.15105779189909693,1.1437501490243154,-0.14685213368756297,-0.6506586471853965,-0.62655831935096,0.5849202654881185,1.1875610551385527,0.060974101464652264,-0.8928692886374687,-1.3123133621138403,-0.020889627666346104,-1.31450309795864,150000.0
ID_700,-0.7472393978044682,0.6222147155635368,-0.3810087211999231,-0.6061199692561582,-0.15105779189909693,-0.7048561921996358,-0.6725966413608725,-0.6506586471853965,-0.62655831935096,0.5849202654881185,0.6222473460145197,0.060974101464652264,-0.8928692886374687,-1.5996369914235713,0.3856636983977981,-1.6002675578654129,130000.0
ID_701,0.751150649136185,0.6222147155635368,-0.3810087211999231,-0.6061199692561582,-0.15105779189909693,0.21944697841233984,-0.6725966413608725,-0.6506586471853965,-0.62655831935096,0.5849202654881185,0.24537153993183092,0.060974101464652264,-0.8928692886374687,0.6989520430542773,-0.2903308516068944,0.6973683333544489,140000.0
ID_702,-0.6256798424136317,0.6222147155635368,-0.3810087211999231,-0.6061199692561582,-0.15105779189909693,-1.6291593628116114,-0.6725966413608725,-0.127541620783629,-0.62655831935096,-1.5114339660212976,-0.9606310395327731,-1.3767310278071516,-0.8928692886374687,0.1243047844348151,5.06660709182652,0.11966274128997789,73000.0
ID_703,-0.7422331620374208,0.6222147155635368,-0.3810087211999231,-0.6061199692561582,-0.15105779189909693,-0.7048561921996358,-0.6725966413608725,-0.6506586471853965,-0.9222847246532806,0.5849202654881185,-0.5083800722335465,0.060974101464652264,-0.31596357808214603,1.2735993016737392,0.22623102150989877,1.2728043574755565,95000.0
ID_704,-0.7347210546818074,0.6222147155635368,-0.3810087211999231,-0.6061199692561582,-0.15105779189909693,-0.7048561921996358,-0.6725966413608725,-0.3891001339845127,-0.62655831935096,0.5849202654881185,0.24537153993183092,0.060974101464652264,-0.8928692886374687,-1.3123133621138403,-0.020889627666346104,-1.3132390348003111,120000.0
ID_705,-0.8376104898853053,0.6222147155635368,-0.3810087211999231,-1.2697412108678772,-0.15105779189909693,-0.7048561921996358,-0.9354688951975273,-0.9122171603862802,-0.62655831935096,0.5849202654881185,0.24537153993183092,0.060974101464652264,-0.8928692886374687,1.5609229309834705,-0.2393123950027652,1.5639123570970834,100000.0
ID_706,0.7456432390514247,0.6222147155635368,-0.3810087211999231,-0.6061199692561582,-0.15105779189909693,0.21944697841233984,-0.6725966413608725,-0.6506586471853965,-0.62655831935096,0.5849202654881185,2.1297505703452746,0.060974101464652264,-0.8928692886374687,1.2735993016737392,0.22623102150989877,1.2753612125003584,210000.0
ID_707,-0.603887020708234,-1.2105851160545795,0.2782647963819663,1.3847437555789985,-0.15105779189909693,1.1437501490243154,1.4303813893323656,1.4418094584216736,1.443526517765285,0.5849202654881185,0.056933636890486534,0.060974101464652264,1.414753553583822,-0.16301884487491597,-0.08306837165262702,-0.15831623870981432,120000.0
ID_708,-0.8083661423352263,0.6222147155635368,-0.3810087211999231,-1.2697412108678772,-0.15105779189909693,-1.6291593628116114,-0.9354688951975273,-0.9122171603862802,-0.9222847246532806,0.5849202654881185,0.24537153993183092,0.060974101464652264,-0.31596357808214603,0.4116284137445462,0.5291531075969093,0.41416072847247787,98000.0
ID_709,-0.4528462991336738,-1.2105851160545795,0.2782647963819663,1.3847437555789985,-0.15105779189909693,-0.7048561921996358,1.4303813893323656,1.4418094584216736,1.443526517765285,-1.5114339660212976,-0.5083800722335465,0.060974101464652264,1.414753553583822,0.1243047844348151,5.06660709182652,0.12069697478315612,83000.0
ID_710,-0.46644409463294784,0.6222147155635368,-0.3810087211999231,-0.6061199692561582,-0.15105779189909693,-1.6291593628116114,-0.6725966413608725,-0.6506586471853965,-0.62655831935096,-1.5114339660212976,-0.8852558783162353,-1.3767310278071516,-0.31596357808214603,0.4116284137445462,-1.5466603454835397,0.4070072801446618,77000.0
ID_711,-0.6662088732273852,0.6222147155635368,-0.3810087211999231,-1.2697412108678772,-0.15105779189909693,1.1437501490243154,-0.9354688951975273,-0.9122171603862802,-0.9222847246532806,0.5849202654881185,-0.3199421691922022,0.060974101464652264,-0.31596357808214603,0.1243047844348151,-1.1560502871081872,0.1256095838757527,74000.0
ID_712,0.6223158050233801,-1.2105851160545795,0.2782647963819663,1.3847437555789985,-0.15105779189909693,0.21944697841233984,1.4303813893323656,1.4418094584216736,1.443526517765285,0.5849202654881185,2.1297505703452746,0.060974101464652264,1.414753553583822,-1.5996369914235713,0.3856636983977981,-1.594320715279638,150000.0
ID_713,-0.010540687816463355,0.6222147155635368,-0.3810087211999231,0.05750127235556074,-0.15105779189909693,1.1437501490243154,-0.6725966413608725,-0.6506586471853965,-0.62655831935096,-1.5114339660212976,-0.5083800722335465,0.060974101464652264,-0.8928692886374687,-1.024989732804109,0.19912746643895535,-1.0296004992961825,100000.0
ID_714,-0.6082378746751949,0.6222147155635368,-0.3810087211999231,-1.2697412108678772,-0.15105779189909693,1.1437501490243154,-0.9354688951975273,-0.9122171603862802,-0.9222847246532806,0.5849202654881185,-0.13150426615085783,-1.3767310278071516,-0.8928692886374687,-0.450342474184647,-0.47686708356573715,-0.44876347804403294,98000.0
ID_715,-0.6543238822644718,-1.2105851160545795,0.2782647963819663,1.3847437555789985,-0.15105779189909693,1.1437501490243154,1.4303813893323656,1.4418094584216736,1.443526517765285,0.5849202654881185,0.6222473460145197,0.060974101464652264,1.414753553583822,-1.5996369914235713,0.3856636983977981,-1.594694188485508,120000.0
ID_716,-0.7679747967735919,-1.2105851160545795,-0.3810087211999231,-0.9379305900620176,-0.15105779189909693,-1.6291593628116114,-0.9354688951975273,-0.9122171603862802,-0.62655831935096,0.5849202654881185,0.24537153993183092,-1.3767310278071516,-0.8928692886374687,-0.16301884487491597,-0.08306837165262702,-0.16064326406946533,240000.0
ID_717,-0.7422331620374208,0.6222147155635368,-0.3810087211999231,-0.6061199692561582,-0.15105779189909693,-0.7048561921996358,-0.6725966413608725,-0.6506586471853965,-0.62655831935096,0.5849202654881185,-0.3199421691922022,0.060974101464652264,-0.8928692886374687,1.2735993016737392,0.22623102150989877,1.2735513038872965,120000.0
ID_718,-0.6904139405499081,0.6222147155635368,-0.3810087211999231,-0.9379305900620176,-0.15105779189909693,-0.7048561921996358,-0.9354688951975273,-0.9122171603862802,-0.9222847246532806,0.5849202654881185,1.1875610551385527,0.060974101464652264,-0.8928692886374687,-1.024989732804109,-0.06871943073271414,-1.022332136135791,100000.0
ID_719,-0.6662088732273852,0.6222147155635368,-0.3810087211999231,0.05750127235556074,-0.15105779189909693,1.1437501490243154,-0.14685213368756297,-0.6506586471853965,-0.62655831935096,0.5849202654881185,-0.3199421691922022,0.060974101464652264,-0.8928692886374687,0.1243047844348151,-1.1560502871081872,0.12158756473561515,120000.0
ID_720,-0.7252097574654258,0.6222147155635368,-0.3810087211999231,-0.6061199692561582,-0.15105779189909693,-0.7048561921996358,-0.6725966413608725,-0.3891001339845127,-0.62655831935096,0.5849202654881185,1.375998958179897,0.060974101464652264,-0.31596357808214603,0.9862756723640083,0.9341121068921712,0.9860056640756056,210000.0
ID_721,-0.5812791023102916,0.6222147155635368,-0.3810087211999231,-0.6061199692561582,-0.15105779189909693,1.1437501490243154,-0.6725966413608725,-0.3891001339845127,-0.9222847246532806,0.5849202654881185,-0.3199421691922022,0.060974101464652264,-0.31596357808214603,-0.7376661034943781,0.3617487968646123,-0.7400438499144228,100000.0
ID_722,0.832186681123353,0.6222147155635368,-0.3810087211999231,-0.2743093484502987,-0.15105779189909693,0.21944697841233984,-0.6725966413608725,-0.6506586471853965,-0.62655831935096,0.5849202654881185,1.752874764262586,0.060974101464652264,-0.8928692886374687,-0.16301884487491597,-0.08306837165262702,-0.1642343525874453,170000.0
ID_723,-0.15894886737050795,0.6222147155635368,-0.3810087211999231,-0.2743093484502987,-0.15105779189909693,1.1437501490243154,-0.6725966413608725,-0.6506586471853965,-0.9222847246532806,-1.5114339660212976,-1.695538861394016,-1.3767310278071516,-0.8928692886374687,1.5609229309834705,0.48929493837493176,1.5563567068552537,50000.0
ID_724,0.832186681123353,0.6222147155635368,-0.3810087211999231,-0.9379305900620176,-0.15105779189909693,0.21944697841233984,-0.9354688951975273,-0.9122171603862802,-0.62655831935096,0.5849202654881185,0.24537153993183092,0.060974101464652264,-0.8928692886374687,-0.16301884487491597,-0.08306837165262702,-0.15969521670071862,120000.0
ID_725,-0.25707990026077276,-1.2105851160545795,-0.3810087211999231,-0.6061199692561582,-0.15105779189909693,-0.7048561921996358,-0.6725966413608725,-0.6506586471853965,-0.62655831935096,-1.5114339660212976,-0.696817975274891,0.060974101464652264,-0.8928692886374687,0.4116284137445462,-1.5466603454835397,0.406260333732922,82000.0
ID_726,-0.8198380775417828,0.6222147155635368,-0.3810087211999231,-1.2697412108678772,-0.15105779189909693,2.068053319636291,-0.9354688951975273,-0.9122171603862802,-0.9222847246532806,2.6812744969975344,0.6222473460145197,0.060974101464652264,-0.8928692886374687,1.5609229309834705,-0.2393123950027652,1.5635101551830697,150000.0
ID_727,-0.5804089315168994,-1.2105851160545795,0.2782647963819663,1.3847437555789985,-0.15105779189909693,0.21944697841233984,1.4303813893323656,1.4418094584216736,1.443526517765285,0.5849202654881185,0.056933636890486534,0.060974101464652264,1.414753553583822,-1.024989732804109,-0.06871943073271414,-1.0204360413982976,110000.0
ID_728,-0.7252097574654258,-1.2105851160545795,-0.3810087211999231,-1.2697412108678772,-0.8917670441167587,-0.7048561921996358,-0.9354688951975273,-0.9122171603862802,-0.3308319140486392,0.5849202654881185,0.24537153993183092,0.060974101464652264,-0.8928692886374687,0.9862756723640083,0.9341121068921712,0.9885625191004074,9.0
ID_729,-0.8015644908805469,0.6222147155635368,-0.3810087211999231,-0.6061199692561582,-0.15105779189909693,-0.7048561921996358,-0.6725966413608725,-0.6506586471853965,-0.62655831935096,0.5849202654881185,0.6222473460145197,0.060974101464652264,-0.31596357808214603,0.1243047844348151,-1.1560502871081872,0.12385713267897848,210000.0
ID_730,-0.7389782826773273,0.6222147155635368,-0.3810087211999231,-0.6061199692561582,-0.15105779189909693,-0.7048561921996358,-0.14685213368756297,-0.6506586471853965,-0.62655831935096,0.5849202654881185,0.056933636890486534,0.060974101464652264,-0.8928692886374687,-0.7376661034943781,0.3617487968646123,-0.7375731810140527,130000.0
ID_731,0.832186681123353,0.6222147155635368,-0.3810087211999231,-0.6061199692561582,-0.15105779189909693,0.21944697841233984,-0.6725966413608725,-0.6506586471853965,-0.9222847246532806,0.5849202654881185,-0.3199421691922022,0.060974101464652264,-0.31596357808214603,-0.16301884487491597,-0.08306837165262702,-0.1617062262707874,110000.0
ID_732,-0.8221346675471279,0.6222147155635368,-0.3810087211999231,-0.6061199692561582,-0.15105779189909693,-1.6291593628116114,-0.6725966413608725,-0.6506586471853965,-0.62655831935096,0.5849202654881185,0.056933636890486534,-1.3767310278071516,-0.31596357808214603,0.9862756723640083,0.9341121068921712,0.9868675253199208,130000.0
ID_733,-0.8161646350152474,0.6222147155635368,-0.3810087211999231,-0.6061199692561582,-0.15105779189909693,-1.6291593628116114,-0.6725966413608725,-0.127541620783629,-0.62655831935096,0.5849202654881185,0.056933636890486534,0.060974101464652264,-0.31596357808214603,-0.7376661034943781,0.3617487968646123,-0.7363665752720114,67000.0
ID_734,3.0160730464939918,0.6222147155635368,-0.3810087211999231,-0.6061199692561582,-0.15105779189909693,0.21944697841233984,-0.6725966413608725,-0.6506586471853965,-0.62655831935096,-1.5114339660212976,-1.5071009583526718,-1.3767310278071516,-0.31596357808214603,-1.024989732804109,0.19912746643895535,-1.0289684677170179,41700.0
ID_735,-0.8015644908805469,0.6222147155635368,-0.3810087211999231,-0.6061199692561582,-0.8917670441167587,-0.7048561921996358,-0.6725966413608725,-0.6506586471853965,-0.62655831935096,0.5849202654881185,0.6222473460145197,0.060974101464652264,-0.8928692886374687,0.1243047844348151,-1.1560502871081872,0.12331128722424553,9.0
ID_736,-0.8905146711595159,-1.2105851160545795,-0.3810087211999231,-1.2697412108678772,-0.15105779189909693,-1.6291593628116114,-0.9354688951975273,-0.9122171603862802,-0.62655831935096,0.5849202654881185,-0.5083800722335465,0.060974101464652264,-0.8928692886374687,1.5609229309834705,-0.2393123950027652,1.5637399848482205,120000.0
ID_737,-0.32767388272723436,-1.2105851160545795,-0.3810087211999231,-0.6061199692561582,-0.15105779189909693,-0.7048561921996358,-0.6725966413608725,-0.6506586471853965,-0.9222847246532806,-1.5114339660212976,-0.9040996686203697,0.060974101464652264,-0.8928692886374687,-0.7376661034943781,-1.0014005905269243,-0.7424857901066493,77000.0
ID_738,0.832186681123353,0.6222147155635368,-0.3810087211999231,-0.6061199692561582,-0.15105779189909693,0.21944697841233984,-0.6725966413608725,-0.6506586471853965,-0.62655831935096,0.5849202654881185,0.43380944297317525,0.060974101464652264,-0.8928692886374687,-0.16301884487491597,-0.08306837165262702,-0.16150512531378053,110000.0
ID_739,3.0160730464939918,0.6222147155635368,-0.3810087211999231,-0.6061199692561582,-0.15105779189909693,0.21944697841233984,-0.6725966413608725,-0.6506586471853965,-0.62655831935096,-1.5114339660212976,-1.1867565231823862,-1.3767310278071516,-0.31596357808214603,-1.024989732804109,0.19912746643895535,-1.0299452437939085,55000.0
ID_740,-0.5980932252990657,0.6222147155635368,-0.3810087211999231,-0.6061199692561582,-0.15105779189909693,1.1437501490243154,-0.6725966413608725,-0.6506586471853965,-0.62655831935096,0.5849202654881185,0.43380944297317525,0.060974101464652264,-0.8928692886374687,0.4116284137445462,0.5291531075969093,0.410196166748628,120000.0
ID_741,-0.7347210546818074,0.6222147155635368,-0.3810087211999231,-0.6061199692561582,-0.15105779189909693,-0.7048561921996358,-0.6725966413608725,-0.6506586471853965,-0.62655831935096,0.5849202654881185,0.43380944297317525,0.060974101464652264,-0.8928692886374687,-1.3123133621138403,-0.020889627666346104,-1.3129804764270165,140000.0
ID_742,-0.6543238822644718,0.6222147155635368,-0.3810087211999231,-0.6061199692561582,-0.15105779189909693,1.1437501490243154,-0.14685213368756297,-0.6506586471853965,-0.9222847246532806,0.5849202654881185,-0.13150426615085783,0.060974101464652264,-0.31596357808214603,-1.5996369914235713,0.3856636983977981,-1.5994631540373854,110000.0
ID_743,-0.34569963593465586,0.6222147155635368,-0.3810087211999231,-0.6061199692561582,-0.15105779189909693,-0.7048561921996358,-0.6725966413608725,-0.3891001339845127,-0.62655831935096,-1.5114339660212976,-0.5083800722335465,0.060974101464652264,-0.8928692886374687,-0.450342474184647,1.559088200292738,-0.4556296392904106,43600.0
ID_744,-0.6082378746751949,2.455014547181653,4.893179419455191,1.3847437555789985,5.033906973624536,2.068053319636291,1.4303813893323656,1.4418094584216736,1.443526517765285,0.5849202654881185,-2.752675497455958,4.374089489280064,1.414753553583822,-0.450342474184647,-0.47686708356573715,-0.4449138311527584,9.0
ID_745,3.0160730464939918,0.6222147155635368,0.2782647963819663,1.3847437555789985,-0.15105779189909693,0.21944697841233984,1.4303813893323656,1.4418094584216736,1.443526517765285,-1.5114339660212976,-0.5083800722335465,0.060974101464652264,1.414753553583822,-1.024989732804109,0.19912746643895535,-1.028077877764559,71000.0
ID_746,0.4740122662609459,0.6222147155635368,-0.3810087211999231,-0.6061199692561582,-0.15105779189909693,0.21944697841233984,-0.6725966413608725,-0.6506586471853965,-0.62655831935096,0.5849202654881185,0.056933636890486534,0.060974101464652264,-0.8928692886374687,-1.3123133621138403,-0.020889627666346104,-1.3115440410198245,66000.0
ID_747,-0.7036812914440965,-1.2105851160545795,-0.3810087211999231,-0.6061199692561582,-0.15105779189909693,-0.7048561921996358,-0.6725966413608725,-0.3891001339845127,-0.62655831935096,0.5849202654881185,0.6222473460145197,0.060974101464652264,-0.8928692886374687,0.4116284137445462,0.5291531075969093,0.41085692703593635,140000.0
ID_748,0.631562746555693,-1.2105851160545795,0.2782647963819663,1.3847437555789985,-0.15105779189909693,0.21944697841233984,1.4303813893323656,1.4418094584216736,1.443526517765285,0.5849202654881185,0.9991231520972084,0.060974101464652264,1.414753553583822,-0.450342474184647,-0.47686708356573715,-0.446062979478512,100000.0
ID_749,0.6223158050233801,0.6222147155635368,-0.3810087211999231,-0.6061199692561582,-0.8917670441167587,0.21944697841233984,-0.6725966413608725,-0.6506586471853965,-0.62655831935096,0.5849202654881185,0.9991231520972084,0.060974101464652264,-0.8928692886374687,-1.5996369914235713,0.3856636983977981,-1.6006697597794266,9.0
ID_750,-0.8376104898853053,-1.2105851160545795,0.2782647963819663,1.3847437555789985,-0.15105779189909693,-0.7048561921996358,1.4303813893323656,1.4418094584216736,1.443526517765285,0.5849202654881185,0.6222473460145197,0.060974101464652264,1.414753553583822,1.5609229309834705,-0.2393123950027652,1.5676758178639265,150000.0
ID_751,0.5676382377018765,0.6222147155635368,-0.3810087211999231,-1.2697412108678772,-0.15105779189909693,0.21944697841233984,-0.9354688951975273,-0.9122171603862802,-0.62655831935096,0.5849202654881185,1.1875610551385527,0.060974101464652264,-0.8928692886374687,1.5609229309834705,-0.2393123950027652,1.5645731173843918,170000.0
ID_752,-0.6012820157381421,-1.2105851160545795,0.2782647963819663,1.3847437555789985,-0.15105779189909693,1.1437501490243154,1.4303813893323656,1.4418094584216736,1.443526517765285,0.5849202654881185,0.24537153993183092,0.060974101464652264,1.414753553583822,1.2735993016737392,0.22623102150989877,1.2784064555636054,130000.0
ID_753,-0.6609933558771169,0.6222147155635368,-0.3810087211999231,-0.6061199692561582,-0.15105779189909693,1.1437501490243154,-0.14685213368756297,-0.6506586471853965,-0.9222847246532806,0.5849202654881185,0.43380944297317525,0.060974101464652264,-0.31596357808214603,-1.3123133621138403,-0.020889627666346104,-1.3119462429338382,120000.0
ID_754,0.801703166304203,-1.2105851160545795,0.2782647963819663,1.3847437555789985,-0.15105779189909693,0.21944697841233984,1.4303813893323656,1.4418094584216736,1.443526517765285,0.5849202654881185,-0.3199421691922022,0.060974101464652264,1.414753553583822,0.9862756723640083,0.9341121068921712,0.9893956516365787,120000.0
ID_755,0.833563533644543,0.6222147155635368,-0.3810087211999231,-0.2743093484502987,-0.15105779189909693,0.21944697841233984,-0.6725966413608725,-0.6506586471853965,-0.62655831935096,0.5849202654881185,1.375998958179897,0.060974101464652264,-0.31596357808214603,-0.7376661034943781,0.3617487968646123,-0.7373146226407581,130000.0
ID_756,-0.6609933558771169,0.6222147155635368,-0.3810087211999231,0.05750127235556074,-0.15105779189909693,1.1437501490243154,-0.14685213368756297,-0.6506586471853965,-0.62655831935096,0.5849202654881185,0.43380944297317525,0.060974101464652264,-0.8928692886374687,-1.3123133621138403,-0.020889627666346104,-1.3139572525039072,130000.0
ID_757,2.2855536506210883,0.6222147155635368,-0.3810087211999231,-0.6061199692561582,-0.15105779189909693,0.21944697841233984,-0.6725966413608725,-0.6506586471853965,-0.62655831935096,-1.5114339660212976,-0.5083800722335465,0.060974101464652264,-0.8928692886374687,1.5609229309834705,0.48929493837493176,1.556643993936692,92000.0
ID_758,-0.15894886737050795,-1.2105851160545795,-0.3810087211999231,-0.6061199692561582,-0.15105779189909693,1.1437501490243154,-0.14685213368756297,-0.6506586471853965,-0.62655831935096,-1.5114339660212976,-0.5083800722335465,0.060974101464652264,-0.8928692886374687,1.5609229309834705,0.48929493837493176,1.5549777288643494,76000.0
ID_759,2.6415691607302696,-1.2105851160545795,0.2782647963819663,1.3847437555789985,-0.15105779189909693,0.21944697841233984,1.4303813893323656,1.4418094584216736,1.443526517765285,-1.5114339660212976,-0.5083800722335465,0.060974101464652264,1.414753553583822,1.2735993016737392,-0.7128274453598268,1.2707071617810564,51000.0
ID_760,-0.603887020708234,0.6222147155635368,-0.3810087211999231,-0.9379305900620176,-0.15105779189909693,1.1437501490243154,-0.9354688951975273,-0.9122171603862802,-0.9222847246532806,0.5849202654881185,-0.696817975274891,0.060974101464652264,-0.8928692886374687,-0.16301884487491597,-0.08306837165262702,-0.16038470569617078,100000.0
ID_761,-0.7422331620374208,-1.2105851160545795,-0.3810087211999231,-0.6061199692561582,-0.15105779189909693,-0.7048561921996358,-0.6725966413608725,-0.6506586471853965,-0.62655831935096,0.5849202654881185,0.43380944297317525,0.060974101464652264,-0.8928692886374687,1.2735993016737392,0.22623102150989877,1.273608761303584,130000.0
ID_762,0.832186681123353,0.6222147155635368,0.2782647963819663,1.3847437555789985,-0.15105779189909693,0.21944697841233984,1.4303813893323656,1.4418094584216736,1.443526517765285,0.5849202654881185,0.056933636890486534,-1.3767310278071516,1.414753553583822,-0.16301884487491597,-0.08306837165262702,-0.1577991219632252,80000.0
ID_763,-0.5951963275944817,-1.2105851160545795,0.2782647963819663,1.3847437555789985,-0.15105779189909693,1.1437501490243154,1.4303813893323656,1.4418094584216736,1.443526517765285,0.5849202654881185,0.24537153993183092,0.060974101464652264,1.414753553583822,0.9862756723640083,0.9341121068921712,0.9893094655121472,140000.0
ID_764,0.631562746555693,0.6222147155635368,-0.3810087211999231,0.05750127235556074,-0.15105779189909693,0.21944697841233984,-0.6725966413608725,-0.3891001339845127,-0.62655831935096,0.5849202654881185,1.5644368612212416,0.060974101464652264,-0.31596357808214603,-0.450342474184647,-0.47686708356573715,-0.4493093234987659,150000.0
ID_765,0.4740122662609459,0.6222147155635368,-0.3810087211999231,-0.6061199692561582,-0.15105779189909693,0.21944697841233984,-0.6725966413608725,-0.6506586471853965,-0.62655831935096,0.5849202654881185,0.24537153993183092,0.060974101464652264,-0.8928692886374687,-1.3123133621138403,-0.020889627666346104,-1.3112854826465299,120000.0
ID_766,-0.46644409463294784,0.6222147155635368,-0.3810087211999231,-1.2697412108678772,-0.15105779189909693,-1.6291593628116114,-0.9354688951975273,-0.9122171603862802,-0.9222847246532806,-1.5114339660212976,-1.0360062007493107,-1.3767310278071516,-0.31596357808214603,0.4116284137445462,-1.5466603454835397,0.40784041268083315,71000.0
ID_767,-0.7347210546818074,0.6222147155635368,-0.3810087211999231,-0.6061199692561582,-0.15105779189909693,-0.7048561921996358,-0.6725966413608725,-0.3891001339845127,-0.62655831935096,0.5849202654881185,0.056933636890486534,0.060974101464652264,-0.8928692886374687,-1.3123133621138403,-0.020889627666346104,-1.3113716687709616,71000.0
ID_768,-0.7094420423927561,0.6222147155635368,-0.3810087211999231,-0.6061199692561582,-0.15105779189909693,-0.7048561921996358,-0.6725966413608725,-0.6506586471853965,-0.62655831935096,0.5849202654881185,0.9991231520972084,0.060974101464652264,-0.8928692886374687,0.6989520430542773,-0.2903308516068944,0.6983738381394833,160000.0
ID_769,-0.15894886737050795,0.6222147155635368,-0.3810087211999231,-0.6061199692561582,-0.8917670441167587,1.1437501490243154,-0.14685213368756297,-0.6506586471853965,-0.9222847246532806,-1.5114339660212976,-0.9606310395327731,-1.3767310278071516,-0.8928692886374687,1.5609229309834705,0.48929493837493176,1.5560406910656714,9.0
ID_770,2.8146615522842113,0.6222147155635368,-0.3810087211999231,0.05750127235556074,-0.15105779189909693,0.21944697841233984,-0.6725966413608725,-0.3891001339845127,-0.62655831935096,-1.5114339660212976,-0.696817975274891,-1.3767310278071516,-0.8928692886374687,-0.16301884487491597,0.46538003684174956,-0.16690612244482236,70000.0
ID_771,0.5676382377018765,0.6222147155635368,0.2782647963819663,1.3847437555789985,-0.15105779189909693,0.21944697841233984,1.4303813893323656,1.4418094584216736,1.443526517765285,0.5849202654881185,1.375998958179897,0.060974101464652264,1.414753553583822,1.5609229309834705,-0.2393123950027652,1.5650327767146932,180000.0
ID_772,0.7381696835664046,0.6222147155635368,-0.3810087211999231,-0.2743093484502987,-0.15105779189909693,0.21944697841233984,-0.6725966413608725,-0.6506586471853965,-0.62655831935096,0.5849202654881185,0.24537153993183092,0.060974101464652264,-0.8928692886374687,0.4116284137445462,0.5291531075969093,0.41036853899749104,120000.0
ID_773,0.7456432390514247,-1.2105851160545795,0.2782647963819663,1.3847437555789985,-0.15105779189909693,0.21944697841233984,1.4303813893323656,1.4418094584216736,1.443526517765285,0.5849202654881185,2.1297505703452746,0.060974101464652264,1.414753553583822,1.2735993016737392,0.22623102150989877,1.276998748864557,210000.0
ID_774,0.4625183014140505,-1.2105851160545795,0.2782647963819663,1.3847437555789985,-0.15105779189909693,0.21944697841233984,1.4303813893323656,1.4418094584216736,1.443526517765285,0.5849202654881185,1.375998958179897,0.060974101464652264,1.414753553583822,0.1243047844348151,-1.1560502871081872,0.12802279535983524,170000.0
ID_775,-0.23054519847239607,-1.2105851160545795,0.2782647963819663,1.3847437555789985,-0.15105779189909693,-0.7048561921996358,1.4303813893323656,1.4418094584216736,1.443526517765285,-1.5114339660212976,-0.696817975274891,0.060974101464652264,1.414753553583822,-1.024989732804109,0.19912746643895535,-1.0276182184342575,64000.0
ID_776,-0.6609933558771169,0.6222147155635368,-0.3810087211999231,0.05750127235556074,-0.15105779189909693,1.1437501490243154,0.11602012014909178,-0.6506586471853965,-0.62655831935096,0.5849202654881185,-0.5083800722335465,0.060974101464652264,-0.8928692886374687,-1.3123133621138403,-0.020889627666346104,-1.313985981212051,100000.0
ID_777,0.751150649136185,-1.2105851160545795,0.2782647963819663,1.3847437555789985,-0.15105779189909693,0.21944697841233984,1.4303813893323656,1.4418094584216736,1.443526517765285,0.5849202654881185,0.810685249055864,0.060974101464652264,1.414753553583822,0.6989520430542773,-0.2903308516068944,0.7026256869447716,150000.0
ID_778,-0.3341836414474214,0.6222147155635368,-0.3810087211999231,-0.6061199692561582,-0.15105779189909693,-0.7048561921996358,-0.6725966413608725,-0.6506586471853965,-0.62655831935096,-1.5114339660212976,-0.696817975274891,0.060974101464652264,-0.8928692886374687,1.2735993016737392,-0.7128274453598268,1.2683514077132614,76000.0
ID_779,2.8146615522842113,0.6222147155635368,-0.3810087211999231,-0.6061199692561582,-0.15105779189909693,0.21944697841233984,-0.6725966413608725,-0.6506586471853965,-0.62655831935096,-1.5114339660212976,-1.0736937813575798,-1.3767310278071516,-0.8928692886374687,-0.16301884487491597,0.46538003684174956,-0.16885967459860346,62000.0
ID_780,-0.6082378746751949,0.6222147155635368,-0.3810087211999231,-1.2697412108678772,-0.15105779189909693,1.1437501490243154,-0.9354688951975273,-0.9122171603862802,-0.62655831935096,0.5849202654881185,0.24537153993183092,0.060974101464652264,-0.8928692886374687,-0.450342474184647,-0.47686708356573715,-0.4486198345033137,120000.0
ID_781,-0.34569963593465586,-1.2105851160545795,-0.3810087211999231,-0.6061199692561582,-0.15105779189909693,-0.7048561921996358,-0.6725966413608725,-0.6506586471853965,-0.9222847246532806,-1.5114339660212976,-0.5083800722335465,0.060974101464652264,-0.31596357808214603,-0.450342474184647,1.559088200292738,-0.45560091058226676,77000.0
ID_782,-0.8221346675471279,0.6222147155635368,-0.3810087211999231,-0.6061199692561582,-0.15105779189909693,-1.6291593628116114,-0.6725966413608725,-0.6506586471853965,-0.62655831935096,0.5849202654881185,-0.5083800722335465,0.060974101464652264,-0.8928692886374687,0.9862756723640083,0.9341121068921712,0.9868962540280647,91000.0
ID_783,-0.6546157749989641,0.6222147155635368,-0.3810087211999231,-0.6061199692561582,-0.15105779189909693,1.1437501490243154,-0.6725966413608725,-0.6506586471853965,-0.62655831935096,0.5849202654881185,1.752874764262586,0.060974101464652264,-0.8928692886374687,1.5609229309834705,-0.2393123950027652,1.5623897355654601,180000.0
ID_784,-0.3856724183298485,-1.2105851160545795,-0.3810087211999231,-1.2697412108678772,-0.8917670441167587,-1.6291593628116114,-0.9354688951975273,-0.9122171603862802,-0.9222847246532806,-1.5114339660212976,-1.0360062007493107,0.060974101464652264,-0.8928692886374687,-0.16301884487491597,0.46538003684174956,-0.16687739373667854,9.0
ID_785,-0.8707816208258186,-1.2105851160545795,0.2782647963819663,1.3847437555789985,-0.15105779189909693,-1.6291593628116114,1.4303813893323656,1.4418094584216736,1.443526517765285,0.5849202654881185,-0.13150426615085783,-1.3767310278071516,1.414753553583822,1.2735993016737392,0.22623102150989877,1.277199849821564,240000.0
ID_786,-0.8175414875364376,0.6222147155635368,-0.3810087211999231,-0.6061199692561582,-0.15105779189909693,-1.6291593628116114,-0.6725966413608725,-0.6506586471853965,-0.3308319140486392,0.5849202654881185,-0.696817975274891,0.060974101464652264,-0.8928692886374687,0.6989520430542773,-0.2903308516068944,0.6996666300059561,80000.0
ID_787,0.5676382377018765,0.6222147155635368,-0.3810087211999231,-0.6061199692561582,-0.8917670441167587,0.21944697841233984,-0.6725966413608725,-0.6506586471853965,-0.62655831935096,0.5849202654881185,0.43380944297317525,0.060974101464652264,-0.31596357808214603,1.5609229309834705,-0.2393123950027652,1.5610394862826995,9.0
ID_788,-0.8905146711595159,-1.2105851160545795,0.2782647963819663,1.3847437555789985,-0.15105779189909693,-1.6291593628116114,1.4303813893323656,1.4418094584216736,1.443526517765285,0.5849202654881185,0.056933636890486534,0.060974101464652264,1.414753553583822,1.5609229309834705,-0.2393123950027652,1.5668139566196113,140000.0
ID_789,3.0160730464939918,0.6222147155635368,-0.3810087211999231,-0.6061199692561582,-0.15105779189909693,0.21944697841233984,-0.6725966413608725,-0.6506586471853965,-0.62655831935096,-1.5114339660212976,-0.696817975274891,0.060974101464652264,-0.8928692886374687,-1.024989732804109,0.19912746643895535,-1.030060158626484,49500.0
ID_790,-0.6609933558771169,0.6222147155635368,-0.3810087211999231,-0.6061199692561582,-0.15105779189909693,-0.7048561921996358,-0.6725966413608725,-0.6506586471853965,-0.62655831935096,0.5849202654881185,0.056933636890486534,0.060974101464652264,-0.8928692886374687,-1.3123133621138403,-0.020889627666346104,-1.3124059022641397,90000.0
ID_791,0.832186681123353,0.6222147155635368,-0.3810087211999231,-0.6061199692561582,-0.15105779189909693,0.21944697841233984,-0.6725966413608725,-0.6506586471853965,-0.62655831935096,0.5849202654881185,0.6222473460145197,0.060974101464652264,-0.31596357808214603,-0.16301884487491597,-0.08306837165262702,-0.16437799612816448,100000.0
ID_792,-1.095208581779814,2.455014547181653,4.893179419455191,1.3847437555789985,5.033906973624536,2.068053319636291,1.4303813893323656,1.4418094584216736,1.443526517765285,-1.5114339660212976,-2.752675497455958,4.374089489280064,1.414753553583822,1.5609229309834705,0.48929493837493176,1.5583677164253225,9.0
ID_793,0.832186681123353,-1.2105851160545795,0.2782647963819663,1.3847437555789985,-0.15105779189909693,0.21944697841233984,1.4303813893323656,1.4418094584216736,1.443526517765285,0.5849202654881185,-0.3199421691922022,0.060974101464652264,1.414753553583822,-0.16301884487491597,-0.08306837165262702,-0.15771293583879367,110000.0
ID_794,-0.6307521671016962,-1.2105851160545795,-0.3810087211999231,-0.9379305900620176,-0.15105779189909693,-1.6291593628116114,-0.9354688951975273,-0.9122171603862802,-0.62655831935096,-1.5114339660212976,-0.9229434589245042,-1.3767310278071516,-0.8928692886374687,1.5609229309834705,0.48929493837493176,1.557189839391425,78000.0
ID_795,-0.5812791023102916,-1.2105851160545795,0.2782647963819663,1.3847437555789985,-0.15105779189909693,1.1437501490243154,1.4303813893323656,1.4418094584216736,1.443526517765285,0.5849202654881185,-0.13150426615085783,0.060974101464652264,1.414753553583822,-0.7376661034943781,0.3617487968646123,-0.7329765877110384,110000.0
ID_796,-0.6012820157381421,0.6222147155635368,-0.3810087211999231,-0.2743093484502987,-0.15105779189909693,1.1437501490243154,-0.14685213368756297,-0.6506586471853965,-0.9222847246532806,0.5849202654881185,-0.3199421691922022,0.060974101464652264,-0.8928692886374687,1.2735993016737392,0.22623102150989877,1.2719137675230976,120000.0
ID_797,-0.6662088732273852,-1.2105851160545795,0.2782647963819663,1.3847437555789985,-0.15105779189909693,1.1437501490243154,1.4303813893323656,1.4418094584216736,1.443526517765285,0.5849202654881185,0.6222473460145197,0.060974101464652264,1.414753553583822,0.1243047844348151,-1.1560502871081872,0.12776423698654066,140000.0
ID_798,0.4625183014140505,0.6222147155635368,-0.3810087211999231,-0.6061199692561582,-0.15105779189909693,0.21944697841233984,-0.6725966413608725,-0.6506586471853965,-0.3308319140486392,0.5849202654881185,0.6222473460145197,0.060974101464652264,-0.8928692886374687,0.1243047844348151,-1.1560502871081872,0.1247477226314375,140000.0
ID_799,-0.6904139405499081,0.6222147155635368,-0.3810087211999231,-0.6061199692561582,-0.15105779189909693,-0.7048561921996358,-0.6725966413608725,-0.6506586471853965,-0.62655831935096,0.5849202654881185,0.24537153993183092,0.060974101464652264,-0.31596357808214603,-1.024989732804109,-0.06871943073271414,-1.0233376409208255,120000.0
ID_800,0.631562746555693,0.6222147155635368,-0.3810087211999231,-0.6061199692561582,-0.15105779189909693,0.21944697841233984,-0.6725966413608725,-0.6506586471853965,-0.62655831935096,0.5849202654881185,0.6222473460145197,0.060974101464652264,-0.31596357808214603,-0.450342474184647,-0.47686708356573715,-0.4517799923991361,66000.0
ID_801,-0.6546157749989641,-1.2105851160545795,-0.3810087211999231,-0.6061199692561582,-0.15105779189909693,1.1437501490243154,-0.6725966413608725,-0.6506586471853965,-0.62655831935096,0.5849202654881185,1.1875610551385527,0.060974101464652264,-0.8928692886374687,1.5609229309834705,-0.2393123950027652,1.5623610068573162,260000.0
ID_802,2.817415257326591,0.6222147155635368,-0.3810087211999231,-0.6061199692561582,-0.15105779189909693,0.21944697841233984,-0.6725966413608725,-0.6506586471853965,-0.62655831935096,-1.5114339660212976,-0.3199421691922022,0.060974101464652264,-0.31596357808214603,-0.7376661034943781,-1.0014005905269243,-0.7415664714460464,78000.0
ID_803,-0.8175414875364376,0.6222147155635368,-0.3810087211999231,-1.2697412108678772,-0.15105779189909693,-1.6291593628116114,-0.9354688951975273,-0.9122171603862802,-0.62655831935096,0.5849202654881185,0.056933636890486534,0.060974101464652264,-0.8928692886374687,0.6989520430542773,-0.2903308516068944,0.7016776395760249,140000.0
ID_804,-0.8905146711595159,0.6222147155635368,-0.3810087211999231,-0.6061199692561582,-0.15105779189909693,-1.6291593628116114,-0.6725966413608725,-0.6506586471853965,-0.62655831935096,0.5849202654881185,0.43380944297317525,0.060974101464652264,-0.8928692886374687,1.5609229309834705,-0.2393123950027652,1.5608383853256926,140000.0
ID_805,-0.7479939129860804,0.6222147155635368,-0.3810087211999231,-0.6061199692561582,-0.15105779189909693,-0.7048561921996358,-0.6725966413608725,-0.6506586471853965,-0.62655831935096,0.5849202654881185,1.9413126673039303,0.060974101464652264,-0.31596357808214603,-0.450342474184647,-0.47686708356573715,-0.4500275412023619,170000.0
ID_806,-0.8376104898853053,0.6222147155635368,-0.3810087211999231,-0.6061199692561582,-0.15105779189909693,-0.7048561921996358,-0.6725966413608725,-0.3891001339845127,-0.62655831935096,0.5849202654881185,1.375998958179897,0.060974101464652264,-0.8928692886374687,1.5609229309834705,-0.2393123950027652,1.5616427891537201,120000.0
ID_807,-0.5804089315168994,0.6222147155635368,-0.3810087211999231,-0.6061199692561582,-0.15105779189909693,1.1437501490243154,-0.6725966413608725,-0.6506586471853965,-0.9222847246532806,0.5849202654881185,-0.5083800722335465,0.060974101464652264,-0.31596357808214603,-1.024989732804109,-0.06871943073271414,-1.0248028050361613,74000.0
ID_808,-0.8727367514059086,0.6222147155635368,-0.3810087211999231,1.3847437555789985,5.033906973624536,2.068053319636291,1.4303813893323656,1.4418094584216736,1.443526517765285,2.6812744969975344,-2.752675497455958,4.374089489280064,1.414753553583822,0.9862756723640083,0.9341121068921712,0.9865802382384824,9.0
ID_809,-0.32767388272723436,-1.2105851160545795,0.2782647963819663,1.3847437555789985,-0.15105779189909693,-0.7048561921996358,1.4303813893323656,1.4418094584216736,1.443526517765285,-1.5114339660212976,-0.5083800722335465,0.060974101464652264,1.414753553583822,-0.7376661034943781,-1.0014005905269243,-0.7403311369958613,55000.0
ID_810,-0.5453873107879066,0.6222147155635368,-0.3810087211999231,-1.2697412108678772,-0.15105779189909693,-1.6291593628116114,-0.9354688951975273,-0.9122171603862802,-0.9222847246532806,-1.5114339660212976,-0.8852558783162353,0.060974101464652264,-0.8928692886374687,-1.3123133621138403,-0.10220029287917282,-1.3160257194902636,63000.0
ID_811,-0.6302675150142374,0.6222147155635368,-0.3810087211999231,-0.6061199692561582,-0.15105779189909693,1.1437501490243154,-0.14685213368756297,-0.3891001339845127,-0.62655831935096,0.5849202654881185,1.752874764262586,0.060974101464652264,-0.8928692886374687,0.6989520430542773,-0.2903308516068944,0.6964202859857022,170000.0
ID_812,-0.34569963593465586,-1.2105851160545795,-0.3810087211999231,-0.6061199692561582,-0.15105779189909693,-0.7048561921996358,-0.6725966413608725,-0.6506586471853965,-0.62655831935096,-1.5114339660212976,-0.9229434589245042,0.060974101464652264,-0.8928692886374687,-0.450342474184647,1.559088200292738,-0.4553423522089722,66000.0
ID_813,0.801703166304203,0.6222147155635368,-0.3810087211999231,-0.2743093484502987,-0.15105779189909693,0.21944697841233984,-0.6725966413608725,-0.6506586471853965,-0.62655831935096,0.5849202654881185,1.752874764262586,0.060974101464652264,-0.31596357808214603,0.9862756723640083,0.9341121068921712,0.9874420994827976,160000.0
ID_814,0.7456432390514247,0.6222147155635368,-0.3810087211999231,-0.2743093484502987,-0.15105779189909693,0.21944697841233984,-0.6725966413608725,-0.6506586471853965,-0.62655831935096,0.5849202654881185,-0.3199421691922022,0.060974101464652264,-0.31596357808214603,1.2735993016737392,0.22623102150989877,1.2724596129778305,140000.0
ID_815,-0.2685958947480072,0.6222147155635368,-0.3810087211999231,-0.6061199692561582,-0.15105779189909693,-0.7048561921996358,-0.6725966413608725,-0.6506586471853965,-0.62655831935096,-1.5114339660212976,-0.5083800722335465,0.060974101464652264,-0.8928692886374687,0.6989520430542773,0.5769829106632773,0.6934325003387429,72000.0
ID_816,-0.6302675150142374,0.6222147155635368,-0.3810087211999231,-0.6061199692561582,-0.15105779189909693,1.1437501490243154,-0.6725966413608725,-0.3891001339845127,-0.9222847246532806,0.5849202654881185,-0.13150426615085783,0.060974101464652264,-0.8928692886374687,0.6989520430542773,-0.2903308516068944,0.6961617276124077,120000.0
ID_817,-0.6302675150142374,2.455014547181653,4.893179419455191,1.3847437555789985,5.033906973624536,2.068053319636291,1.4303813893323656,1.4418094584216736,1.443526517765285,0.5849202654881185,-2.752675497455958,4.374089489280064,1.414753553583822,0.6989520430542773,-0.2903308516068944,0.7044068668496897,9.0
ID_818,-0.5812791023102916,-1.2105851160545795,-0.3810087211999231,-0.6061199692561582,-0.8917670441167587,1.1437501490243154,-0.6725966413608725,-0.6506586471853965,-0.62655831935096,0.5849202654881185,0.43380944297317525,0.060974101464652264,-0.8928692886374687,-0.7376661034943781,0.3617487968646123,-0.7389808877131008,9.0
ID_819,-0.7347210546818074,0.6222147155635368,0.2782647963819663,1.3847437555789985,-0.15105779189909693,-0.7048561921996358,1.4303813893323656,1.4418094584216736,1.443526517765285,0.5849202654881185,-0.3199421691922022,0.060974101464652264,1.414753553583822,-1.3123133621138403,-0.020889627666346104,-1.30844134054029,120000.0
ID_820,-0.7094420423927561,-1.2105851160545795,-0.3810087211999231,-1.2697412108678772,-0.15105779189909693,-0.7048561921996358,-0.9354688951975273,-0.9122171603862802,-0.62655831935096,0.5849202654881185,0.056933636890486534,0.060974101464652264,-0.8928692886374687,0.6989520430542773,-0.2903308516068944,0.7012467089538673,94000.0
ID_821,-0.4528462991336738,0.6222147155635368,-0.3810087211999231,-0.6061199692561582,-0.8917670441167587,-0.7048561921996358,-0.6725966413608725,-0.6506586471853965,-0.9222847246532806,-1.5114339660212976,-1.3186630553113274,-1.3767310278071516,-0.8928692886374687,0.1243047844348151,5.06660709182652,0.11891579487823807,9.0
ID_822,3.0160730464939918,0.6222147155635368,-0.3810087211999231,-0.6061199692561582,-0.15105779189909693,0.21944697841233984,-0.6725966413608725,-0.6506586471853965,-0.62655831935096,-1.5114339660212976,-0.5083800722335465,0.060974101464652264,-0.8928692886374687,-1.024989732804109,0.19912746643895535,-1.029169568674025,82000.0
ID_823,-0.5804089315168994,-1.2105851160545795,0.2782647963819663,1.3847437555789985,-0.15105779189909693,1.1437501490243154,1.4303813893323656,1.4418094584216736,1.443526517765285,0.5849202654881185,0.43380944297317525,0.060974101464652264,1.414753553583822,-1.024989732804109,-0.06871943073271414,-1.0213266313507567,260000.0
ID_824,0.9328951819332859,0.6222147155635368,-0.3810087211999231,0.05750127235556074,-0.15105779189909693,0.21944697841233984,-0.6725966413608725,-0.6506586471853965,-0.62655831935096,0.5849202654881185,1.1875610551385527,0.060974101464652264,-0.8928692886374687,-1.024989732804109,-0.06871943073271414,-1.0254348366153256,66000.0
ID_825,-0.5812791023102916,-1.2105851160545795,-0.3810087211999231,-0.6061199692561582,-0.15105779189909693,1.1437501490243154,-0.6725966413608725,-0.3891001339845127,-0.9222847246532806,0.5849202654881185,0.056933636890486534,0.060974101464652264,-0.31596357808214603,-0.7376661034943781,0.3617487968646123,-0.7400151212062791,110000.0
ID_826,-0.6609933558771169,0.6222147155635368,-0.3810087211999231,-0.2743093484502987,-0.15105779189909693,1.1437501490243154,-0.14685213368756297,-0.6506586471853965,-0.62655831935096,0.5849202654881185,0.056933636890486534,-1.3767310278071516,-0.8928692886374687,-1.3123133621138403,-0.020889627666346104,-1.31412962475277,140000.0
ID_827,-0.7702713867789371,0.6222147155635368,-0.3810087211999231,-1.2697412108678772,-0.15105779189909693,-1.6291593628116114,-0.9354688951975273,-0.9122171603862802,-0.9222847246532806,0.5849202654881185,0.6222473460145197,0.060974101464652264,-0.31596357808214603,-1.024989732804109,-0.06871943073271414,-1.022504508384654,110000.0
ID_828,0.9328951819332859,-1.2105851160545795,0.2782647963819663,1.3847437555789985,-0.15105779189909693,0.21944697841233984,1.4303813893323656,1.4418094584216736,1.443526517765285,0.5849202654881185,0.24537153993183092,0.060974101464652264,1.414753553583822,-1.024989732804109,-0.06871943073271414,-1.0215564610159074,99000.0
ID_829,0.7456432390514247,0.6222147155635368,-0.3810087211999231,-0.6061199692561582,-0.15105779189909693,0.21944697841233984,-0.6725966413608725,-0.3891001339845127,-0.62655831935096,0.5849202654881185,0.810685249055864,0.060974101464652264,-0.31596357808214603,1.2735993016737392,0.22623102150989877,1.2751888402514953,130000.0
ID_830,-0.6662088732273852,0.6222147155635368,-0.3810087211999231,-0.6061199692561582,-0.15105779189909693,1.1437501490243154,-0.6725966413608725,-0.6506586471853965,-0.62655831935096,0.5849202654881185,0.43380944297317525,-1.3767310278071516,-0.8928692886374687,0.1243047844348151,-1.1560502871081872,0.12446043554999911,140000.0
ID_831,-0.603887020708234,-1.2105851160545795,-0.3810087211999231,-0.6061199692561582,-0.15105779189909693,1.1437501490243154,-0.6725966413608725,-0.6506586471853965,-0.9222847246532806,0.5849202654881185,0.056933636890486534,0.060974101464652264,-0.31596357808214603,-0.16301884487491597,-0.08306837165262702,-0.16225207172552034,120000.0
ID_832,0.801703166304203,0.6222147155635368,-0.3810087211999231,-0.6061199692561582,-0.15105779189909693,0.21944697841233984,-0.6725966413608725,-0.6506586471853965,-0.62655831935096,0.5849202654881185,-0.3199421691922022,-1.3767310278071516,-0.31596357808214603,0.9862756723640083,0.9341121068921712,0.9871548124013593,150000.0
ID_833,-0.5646632460845687,0.6222147155635368,-0.3810087211999231,-0.6061199692561582,-0.15105779189909693,-1.6291593628116114,-0.6725966413608725,-0.6506586471853965,-0.62655831935096,-1.5114339660212976,-1.0360062007493107,0.060974101464652264,-0.8928692886374687,-1.5996369914235713,-1.1464843264949127,-1.603628816718242,75000.0
ID_834,-0.8015644908805469,-1.2105851160545795,0.2782647963819663,1.3847437555789985,-0.15105779189909693,0.21944697841233984,1.4303813893323656,1.4418094584216736,1.443526517765285,0.5849202654881185,0.43380944297317525,0.060974101464652264,1.414753553583822,0.1243047844348151,-1.1560502871081872,0.1292294011018765,110000.0
ID_835,0.631562746555693,-1.2105851160545795,0.2782647963819663,1.3847437555789985,-0.15105779189909693,0.21944697841233984,1.4303813893323656,1.4418094584216736,1.443526517765285,0.5849202654881185,0.24537153993183092,0.060974101464652264,1.414753553583822,-0.450342474184647,-0.47686708356573715,-0.44709721297169025,130000.0
ID_836,0.4625183014140505,0.6222147155635368,-0.3810087211999231,-0.6061199692561582,-0.15105779189909693,0.21944697841233984,-0.6725966413608725,-0.6506586471853965,-0.62655831935096,0.5849202654881185,0.9991231520972084,0.060974101464652264,-0.31596357808214603,0.1243047844348151,-1.1560502871081872,0.12500628100473207,150000.0
ID_837,0.5676382377018765,-1.2105851160545795,0.2782647963819663,1.3847437555789985,-0.15105779189909693,0.21944697841233984,1.4303813893323656,1.4418094584216736,1.443526517765285,0.5849202654881185,1.5644368612212416,0.060974101464652264,1.414753553583822,1.5609229309834705,-0.2393123950027652,1.5659233666671524,160000.0
ID_838,-0.5804089315168994,0.6222147155635368,-0.3810087211999231,-1.2697412108678772,-0.15105779189909693,1.1437501490243154,-0.9354688951975273,-0.9122171603862802,-0.62655831935096,0.5849202654881185,-0.3199421691922022,0.060974101464652264,-0.31596357808214603,-1.024989732804109,-0.06871943073271414,-1.0231078112556746,120000.0
ID_839,-0.04590376797071128,-1.2105851160545795,-0.3810087211999231,-0.6061199692561582,-0.15105779189909693,1.1437501490243154,-0.6725966413608725,-0.6506586471853965,-0.9222847246532806,-1.5114339660212976,-0.9606310395327731,-1.3767310278071516,-0.8928692886374687,0.4116284137445462,-1.5466603454835397,0.40591558923519594,74000.0
ID_840,-0.7036812914440965,0.6222147155635368,-0.3810087211999231,-0.6061199692561582,-0.15105779189909693,-0.7048561921996358,-0.6725966413608725,-0.6506586471853965,-0.62655831935096,0.5849202654881185,1.9413126673039303,0.060974101464652264,-0.31596357808214603,0.4116284137445462,0.5291531075969093,0.4117762456965392,210000.0
ID_841,-0.603887020708234,2.455014547181653,4.893179419455191,1.3847437555789985,5.033906973624536,2.068053319636291,1.4303813893323656,1.4418094584216736,1.443526517765285,0.5849202654881185,-2.752675497455958,4.374089489280064,1.414753553583822,-0.16301884487491597,-0.08306837165262702,-0.1575118348817868,9.0
ID_842,-0.5804089315168994,0.6222147155635368,-0.3810087211999231,-0.6061199692561582,-0.15105779189909693,1.1437501490243154,-0.14685213368756297,-0.6506586471853965,-0.62655831935096,0.5849202654881185,0.056933636890486534,0.060974101464652264,-0.8928692886374687,-1.024989732804109,-0.06871943073271414,-1.0270723729795246,120000.0
ID_843,-0.7702713867789371,0.6222147155635368,-0.3810087211999231,-1.2697412108678772,-0.15105779189909693,-1.6291593628116114,-0.9354688951975273,-0.9122171603862802,-0.62655831935096,0.5849202654881185,0.056933636890486534,-1.3767310278071516,-0.8928692886374687,-1.024989732804109,-0.06871943073271414,-1.0230503538393871,160000.0
ID_844,-0.7472393978044682,-1.2105851160545795,-0.3810087211999231,-0.6061199692561582,-0.15105779189909693,-0.7048561921996358,-0.6725966413608725,-0.6506586471853965,-0.62655831935096,0.5849202654881185,0.24537153993183092,0.060974101464652264,-0.8928692886374687,-1.5996369914235713,0.3856636983977981,-1.5999515420758306,100000.0
ID_845,-0.8175414875364376,0.6222147155635368,-0.3810087211999231,0.05750127235556074,-0.15105779189909693,-1.6291593628116114,-0.6725966413608725,-0.6506586471853965,-0.62655831935096,0.5849202654881185,0.24537153993183092,0.060974101464652264,-0.31596357808214603,0.6989520430542773,-0.2903308516068944,0.6990058697186478,130000.0
ID_846,-0.3856724183298485,-1.2105851160545795,-0.3810087211999231,-0.6061199692561582,-0.8917670441167587,-1.6291593628116114,-0.6725966413608725,-0.6506586471853965,-0.62655831935096,-1.5114339660212976,-1.0736937813575798,-1.3767310278071516,-0.8928692886374687,-0.16301884487491597,0.46538003684174956,-0.1672221382344046,9.0
ID_847,0.832186681123353,0.6222147155635368,-0.3810087211999231,-0.6061199692561582,-0.15105779189909693,0.21944697841233984,-0.6725966413608725,-0.6506586471853965,-0.9222847246532806,0.5849202654881185,1.752874764262586,0.060974101464652264,-0.8928692886374687,-0.16301884487491597,-0.08306837165262702,-0.1625106300988149,210000.0
ID_848,-0.8376104898853053,0.6222147155635368,-0.3810087211999231,-1.2697412108678772,-0.15105779189909693,-0.7048561921996358,-0.9354688951975273,-0.9122171603862802,-0.9222847246532806,0.5849202654881185,-0.5083800722335465,-1.3767310278071516,-0.31596357808214603,1.5609229309834705,-0.2393123950027652,1.5647167609251111,120000.0
ID_849,-0.7479939129860804,0.6222147155635368,0.2782647963819663,1.3847437555789985,-0.15105779189909693,-0.7048561921996358,1.4303813893323656,1.4418094584216736,1.443526517765285,0.5849202654881185,0.43380944297317525,0.060974101464652264,1.414753553583822,-0.450342474184647,-0.47686708356573715,-0.4446552727794639,120000.0
ID_850,-0.8015644908805469,0.6222147155635368,-0.3810087211999231,-0.6061199692561582,-0.15105779189909693,-0.7048561921996358,-0.6725966413608725,-0.6506586471853965,-0.62655831935096,0.5849202654881185,0.056933636890486534,0.060974101464652264,-0.8928692886374687,0.1243047844348151,-1.1560502871081872,0.1235123881812524,130000.0
ID_851,-0.8221346675471279,0.6222147155635368,-0.3810087211999231,-1.2697412108678772,-0.15105779189909693,-1.6291593628116114,-0.9354688951975273,-0.9122171603862802,-0.62655831935096,0.5849202654881185,0.24537153993183092,0.060974101464652264,-0.31596357808214603,0.9862756723640083,0.9341121068921712,0.9888498061818457,110000.0
ID_852,-0.8175414875364376,0.6222147155635368,-0.3810087211999231,-1.2697412108678772,-0.15105779189909693,-1.6291593628116114,-0.9354688951975273,-0.9122171603862802,-0.9222847246532806,0.5849202654881185,0.056933636890486534,0.060974101464652264,-0.8928692886374687,0.6989520430542773,-0.2903308516068944,0.7009019644561412,150000.0
ID_853,-0.6543238822644718,0.6222147155635368,-0.3810087211999231,-0.6061199692561582,-0.15105779189909693,1.1437501490243154,-0.6725966413608725,-0.6506586471853965,-0.9222847246532806,0.5849202654881185,-0.13150426615085783,0.060974101464652264,-0.8928692886374687,-1.5996369914235713,0.3856636983977981,-1.5988311224582208,120000.0
ID_854,0.7381696835664046,-1.2105851160545795,0.2782647963819663,1.3847437555789985,-0.15105779189909693,0.21944697841233984,1.4303813893323656,1.4418094584216736,1.443526517765285,0.5849202654881185,0.24537153993183092,0.060974101464652264,1.414753553583822,0.4116284137445462,0.5291531075969093,0.4167750409135673,210000.0
ID_855,-0.7479939129860804,-1.2105851160545795,-0.3810087211999231,-1.2697412108678772,-0.15105779189909693,-0.7048561921996358,-0.9354688951975273,-0.9122171603862802,-0.62655831935096,0.5849202654881185,0.056933636890486534,0.060974101464652264,-0.31596357808214603,-0.450342474184647,-0.47686708356573715,-0.4473557713449848,120000.0
ID_856,-0.5980932252990657,0.6222147155635368,-0.3810087211999231,-0.2743093484502987,-0.8917670441167587,1.1437501490243154,-0.14685213368756297,-0.6506586471853965,-0.62655831935096,0.5849202654881185,0.810685249055864,0.060974101464652264,-0.8928692886374687,0.4116284137445462,0.5291531075969093,0.4097939648346143,9.0
ID_857,-0.6012820157381421,-1.2105851160545795,0.2782647963819663,1.3847437555789985,-0.15105779189909693,1.1437501490243154,1.4303813893323656,1.4418094584216736,1.443526517765285,0.5849202654881185,0.9991231520972084,0.060974101464652264,1.414753553583822,1.2735993016737392,0.22623102150989877,1.2782340833147423,150000.0
ID_858,-0.7389782826773273,0.6222147155635368,-0.3810087211999231,-0.6061199692561582,-0.15105779189909693,-0.7048561921996358,-0.6725966413608725,-0.6506586471853965,-0.9222847246532806,0.5849202654881185,-0.13150426615085783,0.060974101464652264,-0.31596357808214603,-0.7376661034943781,0.3617487968646123,-0.7380902977606418,100000.0
ID_859,0.832186681123353,0.6222147155635368,-0.3810087211999231,-0.2743093484502987,-0.15105779189909693,0.21944697841233984,-0.6725966413608725,-0.6506586471853965,-0.3308319140486392,0.5849202654881185,0.6222473460145197,0.060974101464652264,-0.8928692886374687,-0.16301884487491597,-0.08306837165262702,-0.16452163966888367,99000.0
ID_860,-0.8478322430026209,0.6222147155635368,-0.3810087211999231,-1.2697412108678772,-0.15105779189909693,-1.6291593628116114,-0.9354688951975273,-0.9122171603862802,-0.62655831935096,0.5849202654881185,0.24537153993183092,0.060974101464652264,-0.8928692886374687,-1.3123133621138403,-0.020889627666346104,-1.3096479462823312,93000.0
ID_861,-0.5804089315168994,-1.2105851160545795,0.2782647963819663,1.3847437555789985,-0.15105779189909693,1.1437501490243154,1.4303813893323656,1.4418094584216736,1.443526517765285,0.5849202654881185,-0.3199421691922022,0.060974101464652264,1.414753553583822,-1.024989732804109,-0.06871943073271414,-1.0217862906810582,110000.0
ID_862,-0.8879812625205259,0.6222147155635368,-0.3810087211999231,-1.2697412108678772,-0.15105779189909693,-1.6291593628116114,-0.9354688951975273,-0.9122171603862802,-0.62655831935096,0.5849202654881185,0.6222473460145197,0.060974101464652264,-0.31596357808214603,0.1243047844348151,-1.1560502871081872,0.12670127478521861,140000.0
ID_863,-0.8905146711595159,0.6222147155635368,-0.3810087211999231,0.05750127235556074,-0.15105779189909693,-1.6291593628116114,-0.6725966413608725,-0.6506586471853965,-0.62655831935096,0.5849202654881185,0.43380944297317525,0.060974101464652264,-0.31596357808214603,1.5609229309834705,-0.2393123950027652,1.5620737197758778,150000.0
ID_864,-0.7479939129860804,0.6222147155635368,-0.3810087211999231,-0.6061199692561582,-0.15105779189909693,-0.7048561921996358,-0.6725966413608725,-0.3891001339845127,-0.9222847246532806,0.5849202654881185,0.056933636890486534,0.060974101464652264,-0.31596357808214603,-0.450342474184647,-0.47686708356573715,-0.45169380627470457,96000.0
ID_865,0.4625183014140505,-1.2105851160545795,0.2782647963819663,1.3847437555789985,-0.15105779189909693,0.21944697841233984,1.4303813893323656,1.4418094584216736,1.443526517765285,0.5849202654881185,0.6222473460145197,0.060974101464652264,1.414753553583822,0.1243047844348151,-1.1560502871081872,0.1285111833982805,140000.0
ID_866,-0.5804089315168994,0.6222147155635368,-0.3810087211999231,-0.6061199692561582,-0.15105779189909693,1.1437501490243154,-0.6725966413608725,-0.6506586471853965,-0.9222847246532806,0.5849202654881185,-0.13150426615085783,0.060974101464652264,-0.8928692886374687,-1.024989732804109,-0.06871943073271414,-1.0242856882895721,110000.0
ID_867,2.6415691607302696,0.6222147155635368,-0.3810087211999231,0.05750127235556074,-0.15105779189909693,0.21944697841233984,-0.6725966413608725,-0.6506586471853965,-0.62655831935096,-1.5114339660212976,-0.5083800722335465,0.060974101464652264,-0.31596357808214603,1.2735993016737392,-0.7128274453598268,1.269328183790152,110000.0
ID_868,-0.7860225796213525,0.6222147155635368,-0.3810087211999231,-0.6061199692561582,-0.15105779189909693,2.068053319636291,-0.6725966413608725,-0.6506586471853965,-0.62655831935096,2.6812744969975344,-0.5083800722335465,-1.3767310278071516,-0.8928692886374687,-0.16301884487491597,-0.08306837165262702,-0.16230952914180802,110000.0
ID_869,0.6223158050233801,0.6222147155635368,-0.3810087211999231,-1.2697412108678772,-0.15105779189909693,0.21944697841233984,-0.9354688951975273,-0.9122171603862802,-0.62655831935096,0.5849202654881185,0.9991231520972084,0.060974101464652264,-0.31596357808214603,-1.5996369914235713,0.3856636983977981,-1.5963317248497066,81000.0
ID_870,0.832186681123353,0.6222147155635368,-0.3810087211999231,-0.6061199692561582,-0.15105779189909693,0.21944697841233984,-0.6725966413608725,-0.6506586471853965,-0.62655831935096,0.5849202654881185,0.9991231520972084,0.060974101464652264,-0.31596357808214603,-0.16301884487491597,-0.08306837165262702,-0.16159131143821204,150000.0
ID_871,-0.7389782826773273,0.6222147155635368,-0.3810087211999231,-0.6061199692561582,-0.15105779189909693,-0.7048561921996358,-0.6725966413608725,-0.6506586471853965,-0.62655831935096,0.5849202654881185,0.6222473460145197,0.060974101464652264,-0.8928692886374687,-0.7376661034943781,0.3617487968646123,-0.7377455532629157,130000.0
ID_872,-0.7703705201604629,0.6222147155635368,-0.3810087211999231,-0.6061199692561582,-0.15105779189909693,2.068053319636291,-0.6725966413608725,-0.6506586471853965,-0.62655831935096,2.6812744969975344,0.24537153993183092,0.060974101464652264,-0.8928692886374687,-1.024989732804109,-0.06871943073271414,-1.024314416997716,260000.0
ID_873,-0.7104388836180978,0.6222147155635368,-0.3810087211999231,-0.6061199692561582,-0.15105779189909693,0.21944697841233984,-0.6725966413608725,-0.6506586471853965,-0.62655831935096,0.5849202654881185,1.375998958179897,0.060974101464652264,-0.8928692886374687,-0.16301884487491597,-0.08306837165262702,-0.16509621383176046,160000.0
ID_874,-0.3341836414474214,0.6222147155635368,-0.3810087211999231,-0.6061199692561582,-0.15105779189909693,-0.7048561921996358,-0.6725966413608725,-0.6506586471853965,-0.62655831935096,-1.5114339660212976,-0.696817975274891,0.060974101464652264,-0.8928692886374687,1.2735993016737392,-0.7128274453598268,1.268983439292426,60000.0
ID_875,-0.6082378746751949,0.6222147155635368,-0.3810087211999231,-0.6061199692561582,-0.15105779189909693,1.1437501490243154,-0.14685213368756297,-0.3891001339845127,-0.62655831935096,0.5849202654881185,0.24537153993183092,0.060974101464652264,-0.8928692886374687,-0.450342474184647,-0.47686708356573715,-0.4523832952701567,170000.0
ID_876,-0.8175414875364376,-1.2105851160545795,0.2782647963819663,1.3847437555789985,-0.15105779189909693,-1.6291593628116114,1.4303813893323656,1.4418094584216736,1.443526517765285,0.5849202654881185,-0.696817975274891,-1.3767310278071516,1.414753553583822,0.6989520430542773,-0.2903308516068944,0.7038897501031005,100000.0
ID_877,-0.6012820157381421,-1.2105851160545795,-0.3810087211999231,-0.6061199692561582,-0.15105779189909693,1.1437501490243154,-0.14685213368756297,-0.3891001339845127,-0.62655831935096,0.5849202654881185,0.810685249055864,-1.3767310278071516,-0.8928692886374687,1.2735993016737392,0.22623102150989877,1.2722585120208236,150000.0
ID_878,-0.7252097574654258,0.6222147155635368,-0.3810087211999231,-0.6061199692561582,-0.15105779189909693,-0.7048561921996358,-0.6725966413608725,-0.6506586471853965,-0.62655831935096,0.5849202654881185,-0.13150426615085783,0.060974101464652264,-0.8928692886374687,0.9862756723640083,0.9341121068921712,0.9864653234059071,130000.0
ID_879,-0.8083661423352263,0.6222147155635368,-0.3810087211999231,-1.2697412108678772,-0.15105779189909693,-1.6291593628116114,-0.9354688951975273,-0.9122171603862802,-0.62655831935096,0.5849202654881185,0.43380944297317525,0.060974101464652264,-0.31596357808214603,0.4116284137445462,0.5291531075969093,0.41407454234804636,140000.0
ID_880,-0.2685958947480072,-1.2105851160545795,-0.3810087211999231,0.05750127235556074,-0.15105779189909693,-0.7048561921996358,0.11602012014909178,-0.127541620783629,-0.62655831935096,-1.5114339660212976,-0.696817975274891,0.060974101464652264,-0.8928692886374687,0.6989520430542773,0.5769829106632773,0.693604872587606,110000.0
ID_881,2.2855536506210883,-1.2105851160545795,0.2782647963819663,1.3847437555789985,-0.15105779189909693,0.21944697841233984,1.4303813893323656,1.4418094584216736,1.443526517765285,-1.5114339660212976,-1.1867565231823862,-1.3767310278071516,1.414753553583822,1.5609229309834705,0.48929493837493176,1.557362211640288,69000.0
ID_882,-0.8161646350152474,0.6222147155635368,-0.3810087211999231,-1.2697412108678772,-0.15105779189909693,-1.6291593628116114,-0.9354688951975273,-0.9122171603862802,-0.9222847246532806,0.5849202654881185,1.1875610551385527,-1.3767310278071516,-0.8928692886374687,-0.7376661034943781,0.3617487968646123,-0.7351599695299702,240000.0
ID_883,-0.6082378746751949,0.6222147155635368,-0.3810087211999231,-1.2697412108678772,-0.15105779189909693,1.1437501490243154,-0.9354688951975273,-0.9122171603862802,-0.62655831935096,0.5849202654881185,0.43380944297317525,0.060974101464652264,-0.8928692886374687,-0.450342474184647,-0.47686708356573715,-0.44752814359384785,130000.0
ID_884,2.098301707739227,0.6222147155635368,-0.3810087211999231,-0.6061199692561582,-0.15105779189909693,0.21944697841233984,-0.6725966413608725,-0.6506586471853965,-0.62655831935096,-1.5114339660212976,-0.5083800722335465,0.060974101464652264,-0.31596357808214603,-1.3123133621138403,-0.10220029287917282,-1.3168013946101471,72000.0
ID_885,0.832186681123353,-1.2105851160545795,0.2782647963819663,1.3847437555789985,-0.15105779189909693,0.21944697841233984,1.4303813893323656,1.4418094584216736,1.443526517765285,0.5849202654881185,1.1875610551385527,0.060974101464652264,1.414753553583822,-0.16301884487491597,-0.08306837165262702,-0.15877589804011574,140000.0
ID_886,-0.4528462991336738,0.6222147155635368,-0.3810087211999231,-0.6061199692561582,-0.15105779189909693,-0.7048561921996358,-0.6725966413608725,-0.6506586471853965,-0.62655831935096,-1.5114339660212976,-0.5083800722335465,0.060974101464652264,-0.31596357808214603,0.1243047844348151,5.06660709182652,0.11926053937596415,87000.0
ID_887,-0.8905146711595159,-1.2105851160545795,0.2782647963819663,1.3847437555789985,-0.15105779189909693,-1.6291593628116114,1.4303813893323656,1.4418094584216736,1.443526517765285,0.5849202654881185,-0.13150426615085783,0.060974101464652264,1.414753553583822,1.5609229309834705,-0.2393123950027652,1.566871414035899,150000.0
ID_888,-0.4528462991336738,0.6222147155635368,-0.3810087211999231,-1.2697412108678772,-0.15105779189909693,-0.7048561921996358,-0.9354688951975273,-0.9122171603862802,-0.62655831935096,-1.5114339660212976,-0.5083800722335465,-1.3767310278071516,-0.31596357808214603,0.1243047844348151,5.06660709182652,0.12020858674471085,110000.0
ID_889,0.6223158050233801,-1.2105851160545795,0.2782647963819663,1.3847437555789985,-0.15105779189909693,0.21944697841233984,1.4303813893323656,1.4418094584216736,1.443526517765285,0.5849202654881185,0.24537153993183092,0.060974101464652264,1.414753553583822,-1.5996369914235713,0.3856636983977981,-1.5949527468588025,120000.0
ID_890,0.832186681123353,0.6222147155635368,-0.3810087211999231,0.05750127235556074,-0.15105779189909693,0.21944697841233984,-0.6725966413608725,-0.6506586471853965,-0.9222847246532806,0.5849202654881185,1.5644368612212416,0.060974101464652264,-0.31596357808214603,-0.16301884487491597,-0.08306837165262702,-0.1644067248363083,160000.0
ID_891,0.9328951819332859,-1.2105851160545795,0.2782647963819663,1.3847437555789985,-0.15105779189909693,0.21944697841233984,1.4303813893323656,1.4418094584216736,1.443526517765285,0.5849202654881185,-0.3199421691922022,0.060974101464652264,1.414753553583822,-1.024989732804109,-0.06871943073271414,-1.0214990035996196,99000.0
ID_892,-0.5951963275944817,0.6222147155635368,-0.3810087211999231,-0.6061199692561582,-0.15105779189909693,1.1437501490243154,-0.6725966413608725,-0.6506586471853965,-0.62655831935096,0.5849202654881185,-0.5083800722335465,-1.3767310278071516,-0.8928692886374687,0.9862756723640083,0.9341121068921712,0.9841382980462561,140000.0
ID_893,-0.603887020708234,0.6222147155635368,-0.3810087211999231,-0.2743093484502987,-0.15105779189909693,1.1437501490243154,-0.14685213368756297,-0.6506586471853965,-0.9222847246532806,0.5849202654881185,-0.3199421691922022,0.060974101464652264,-0.8928692886374687,-0.16301884487491597,-0.08306837165262702,-0.16521112866433582,110000.0
ID_894,-0.8253454876265434,0.6222147155635368,-0.3810087211999231,-0.6061199692561582,-0.15105779189909693,-1.6291593628116114,-0.6725966413608725,-0.6506586471853965,-0.9222847246532806,0.5849202654881185,0.24537153993183092,0.060974101464652264,-0.31596357808214603,-0.450342474184647,-0.47686708356573715,-0.4501999134512249,120000.0
ID_895,0.9328951819332859,0.6222147155635368,-0.3810087211999231,0.05750127235556074,-0.15105779189909693,0.21944697841233984,-0.6725966413608725,-0.127541620783629,-0.62655831935096,0.5849202654881185,1.1875610551385527,0.060974101464652264,-0.8928692886374687,-1.024989732804109,-0.06871943073271414,-1.0238260289592707,93000.0
ID_896,-0.34419611298151626,-1.2105851160545795,-0.3810087211999231,-0.6061199692561582,-0.8917670441167587,-0.7048561921996358,-0.6725966413608725,-0.6506586471853965,-0.62655831935096,-1.5114339660212976,-0.3199421691922022,0.060974101464652264,-0.8928692886374687,-1.5996369914235713,-1.1464843264949127,-1.604691778919564,9.0
ID_897,-0.27060059201886,-1.2105851160545795,-0.3810087211999231,-0.6061199692561582,-0.15105779189909693,-0.7048561921996358,-0.6725966413608725,-0.6506586471853965,-0.62655831935096,-1.5114339660212976,-1.5071009583526718,-1.3767310278071516,-0.8928692886374687,-0.16301884487491597,0.46538003684174956,-0.16776798368913756,56000.0
ID_898,2.4134026683287213,0.6222147155635368,-0.3810087211999231,-0.6061199692561582,-0.15105779189909693,0.21944697841233984,-0.6725966413608725,-0.6506586471853965,-0.62655831935096,-1.5114339660212976,-0.696817975274891,0.060974101464652264,-0.31596357808214603,-0.450342474184647,1.559088200292738,-0.4552848947926845,70000.0
ID_899,-0.4528462991336738,-1.2105851160545795,0.2782647963819663,1.3847437555789985,-0.15105779189909693,-0.7048561921996358,1.4303813893323656,1.4418094584216736,1.443526517765285,-1.5114339660212976,-0.5083800722335465,0.060974101464652264,1.414753553583822,0.1243047844348151,5.06660709182652,0.12084061832387533,83000.0
ID_900,-0.8083661423352263,0.6222147155635368,-0.3810087211999231,-1.2697412108678772,-0.15105779189909693,-1.6291593628116114,-0.9354688951975273,-0.9122171603862802,-0.9222847246532806,0.5849202654881185,-0.3199421691922022,0.060974101464652264,-0.31596357808214603,0.4116284137445462,0.5291531075969093,0.41413199976433407,110000.0
ID_901,-0.49398114505675095,-1.2105851160545795,-0.3810087211999231,-1.2697412108678772,-0.15105779189909693,-1.6291593628116114,-0.9354688951975273,-0.9122171603862802,-0.62655831935096,-1.5114339660212976,-0.696817975274891,-1.3767310278071516,-0.31596357808214603,0.9862756723640083,-2.2290322025637495,0.9822134746006188,91000.0
ID_902,-0.5951963275944817,0.6222147155635368,-0.3810087211999231,-0.9379305900620176,-0.15105779189909693,1.1437501490243154,-0.9354688951975273,-0.9122171603862802,-0.9222847246532806,0.5849202654881185,0.24537153993183092,0.060974101464652264,-0.8928692886374687,0.9862756723640083,0.9341121068921712,0.9885050616841197,140000.0
ID_903,-0.7104388836180978,-1.2105851160545795,-0.3810087211999231,-1.2697412108678772,-0.15105779189909693,-0.7048561921996358,-0.9354688951975273,-0.9122171603862802,-0.62655831935096,0.5849202654881185,0.24537153993183092,0.060974101464652264,-0.8928692886374687,-0.16301884487491597,-0.08306837165262702,-0.1603272482798831,120000.0
ID_904,2.098301707739227,0.6222147155635368,-0.3810087211999231,-0.2743093484502987,-0.15105779189909693,0.21944697841233984,-0.6725966413608725,-0.6506586471853965,-0.62655831935096,-1.5114339660212976,-0.5083800722335465,0.060974101464652264,-0.8928692886374687,-1.3123133621138403,-0.10220029287917282,-1.316456650112421,67000.0
ID_905,0.9328951819332859,0.6222147155635368,-0.3810087211999231,0.05750127235556074,-0.15105779189909693,0.21944697841233984,-0.6725966413608725,-0.127541620783629,-0.62655831935096,0.5849202654881185,0.24537153993183092,0.060974101464652264,-0.31596357808214603,-1.024989732804109,-0.06871943073271414,-1.023423827045257,66000.0
ID_906,-0.34419611298151626,-1.2105851160545795,0.2782647963819663,1.3847437555789985,-0.15105779189909693,-0.7048561921996358,1.4303813893323656,1.4418094584216736,1.443526517765285,-1.5114339660212976,-0.3199421691922022,0.060974101464652264,1.414753553583822,-1.5996369914235713,-1.1464843264949127,-1.6028244128902145,59000.0
ID_907,0.801703166304203,-1.2105851160545795,0.2782647963819663,1.3847437555789985,-0.15105779189909693,0.21944697841233984,1.4303813893323656,1.4418094584216736,1.443526517765285,0.5849202654881185,0.24537153993183092,0.060974101464652264,1.414753553583822,0.9862756723640083,0.9341121068921712,0.9906884435030515,140000.0
ID_908,0.4625183014140505,0.6222147155635368,-0.3810087211999231,-0.6061199692561582,-0.15105779189909693,0.21944697841233984,-0.6725966413608725,-0.6506586471853965,-0.9222847246532806,0.5849202654881185,0.810685249055864,0.060974101464652264,-0.31596357808214603,0.1243047844348151,-1.1560502871081872,0.12250688339621801,150000.0
ID_909,-0.8574702106509521,0.6222147155635368,-0.3810087211999231,-1.2697412108678772,-0.8917670441167587,-1.6291593628116114,-0.9354688951975273,-0.9122171603862802,-0.9222847246532806,0.5849202654881185,0.43380944297317525,-1.3767310278071516,-0.8928692886374687,-1.5996369914235713,0.3856636983977981,-1.5972223148021658,9.0
ID_910,2.098301707739227,0.6222147155635368,-0.3810087211999231,0.05750127235556074,-0.15105779189909693,0.21944697841233984,-0.6725966413608725,-0.6506586471853965,-0.62655831935096,-1.5114339660212976,-0.13150426615085783,0.060974101464652264,-0.31596357808214603,-1.3123133621138403,-0.10220029287917282,-1.3163991926961334,80000.0
ID_911,0.6223158050233801,0.6222147155635368,-0.3810087211999231,-0.6061199692561582,-0.15105779189909693,0.21944697841233984,-0.6725966413608725,-0.6506586471853965,-0.9222847246532806,0.5849202654881185,1.5644368612212416,0.060974101464652264,-0.31596357808214603,-1.5996369914235713,0.3856636983977981,-1.5992333243722345,150000.0
ID_912,-0.11025234740105451,0.6222147155635368,-0.3810087211999231,-0.6061199692561582,-0.15105779189909693,1.1437501490243154,-0.6725966413608725,-0.6506586471853965,-0.62655831935096,-1.5114339660212976,-1.1867565231823862,-1.3767310278071516,-0.31596357808214603,0.6989520430542773,0.5769829106632773,0.6930590271328729,63000.0
ID_913,-0.5812791023102916,0.6222147155635368,-0.3810087211999231,-0.6061199692561582,-0.15105779189909693,1.1437501490243154,-0.6725966413608725,-0.6506586471853965,-0.9222847246532806,0.5849202654881185,-0.3199421691922022,-1.3767310278071516,-0.8928692886374687,-0.7376661034943781,0.3617487968646123,-0.73912453125382,120000.0
ID_914,-0.8574702106509521,0.6222147155635368,-0.3810087211999231,-0.6061199692561582,-0.15105779189909693,-1.6291593628116114,-0.6725966413608725,-0.6506586471853965,-0.62655831935096,0.5849202654881185,0.056933636890486534,0.060974101464652264,-0.31596357808214603,-1.5996369914235713,0.3856636983977981,-1.5986012927930702,87000.0
ID_915,-0.8879812625205259,0.6222147155635368,-0.3810087211999231,-1.2697412108678772,-0.15105779189909693,-1.6291593628116114,-0.9354688951975273,-0.9122171603862802,-0.9222847246532806,0.5849202654881185,-0.5083800722335465,0.060974101464652264,-0.8928692886374687,0.1243047844348151,-1.1560502871081872,0.12601178578976646,120000.0
ID_916,-0.7347210546818074,-1.2105851160545795,-0.3810087211999231,-0.6061199692561582,-0.15105779189909693,-0.7048561921996358,-0.6725966413608725,-0.6506586471853965,-0.62655831935096,0.5849202654881185,0.056933636890486534,0.060974101464652264,-0.8928692886374687,-1.3123133621138403,-0.020889627666346104,-1.312520817096715,100000.0
ID_917,-0.8707816208258186,0.6222147155635368,-0.3810087211999231,-0.9379305900620176,-0.15105779189909693,-1.6291593628116114,-0.9354688951975273,-0.9122171603862802,-0.9222847246532806,0.5849202654881185,-0.3199421691922022,0.060974101464652264,-0.31596357808214603,1.2735993016737392,0.22623102150989877,1.2762518024528173,86000.0
ID_918,0.832186681123353,0.6222147155635368,-0.3810087211999231,-0.6061199692561582,-0.15105779189909693,0.21944697841233984,-0.6725966413608725,-0.6506586471853965,-0.62655831935096,0.5849202654881185,0.810685249055864,0.060974101464652264,-0.31596357808214603,-0.16301884487491597,-0.08306837165262702,-0.16248190139067106,170000.0
ID_919,-0.5951963275944817,0.6222147155635368,-0.3810087211999231,-1.2697412108678772,-0.15105779189909693,1.1437501490243154,-0.9354688951975273,-0.9122171603862802,-0.9222847246532806,0.5849202654881185,0.24537153993183092,0.060974101464652264,-0.8928692886374687,0.9862756723640083,0.9341121068921712,0.9883614181434005,140000.0
ID_920,0.832186681123353,0.6222147155635368,-0.3810087211999231,-0.6061199692561582,-0.15105779189909693,0.21944697841233984,-0.6725966413608725,-0.6506586471853965,-0.62655831935096,0.5849202654881185,0.810685249055864,0.060974101464652264,-0.31596357808214603,-0.16301884487491597,-0.08306837165262702,-0.16153385402192436,140000.0
ID_921,0.4740122662609459,0.6222147155635368,-0.3810087211999231,-0.6061199692561582,-0.15105779189909693,0.21944697841233984,-0.6725966413608725,-0.6506586471853965,-0.9222847246532806,0.5849202654881185,0.43380944297317525,0.060974101464652264,-0.31596357808214603,-1.3123133621138403,-0.020889627666346104,-1.3106534510673655,120000.0
ID_922,-0.8376104898853053,-1.2105851160545795,0.2782647963819663,1.3847437555789985,-0.15105779189909693,-0.7048561921996358,1.4303813893323656,1.4418094584216736,1.443526517765285,0.5849202654881185,0.810685249055864,0.060974101464652264,1.414753553583822,1.5609229309834705,-0.2393123950027652,1.566699041787036,160000.0
ID_923,0.832186681123353,0.6222147155635368,-0.3810087211999231,-0.6061199692561582,-0.15105779189909693,0.21944697841233984,-0.6725966413608725,-0.6506586471853965,-0.62655831935096,0.5849202654881185,1.375998958179897,0.060974101464652264,-0.8928692886374687,-0.16301884487491597,-0.08306837165262702,-0.16147639660563667,110000.0
ID_924,-0.8198380775417828,0.6222147155635368,-0.3810087211999231,-0.6061199692561582,-0.15105779189909693,2.068053319636291,-0.6725966413608725,-0.3891001339845127,-0.9222847246532806,2.6812744969975344,1.9413126673039303,0.060974101464652264,-0.31596357808214603,1.5609229309834705,-0.2393123950027652,1.5598041518325145,270000.0
ID_925,-0.8083661423352263,-1.2105851160545795,-0.3810087211999231,-1.2697412108678772,-0.8917670441167587,-1.6291593628116114,-0.9354688951975273,-0.9122171603862802,-0.9222847246532806,0.5849202654881185,-0.696817975274891,0.060974101464652264,-0.8928692886374687,0.4116284137445462,0.5291531075969093,0.4136723404340326,9.0
ID_926,-0.18214057123743488,0.6222147155635368,-0.3810087211999231,-0.2743093484502987,-0.15105779189909693,1.1437501490243154,-0.14685213368756297,-0.3891001339845127,-0.9222847246532806,-1.5114339660212976,-1.299819265007193,-1.3767310278071516,-0.31596357808214603,0.1243047844348151,5.06660709182652,0.118571050380512,88000.0
ID_927,-1.095208581779814,2.455014547181653,4.893179419455191,1.3847437555789985,5.033906973624536,2.068053319636291,1.4303813893323656,1.4418094584216736,1.443526517765285,-1.5114339660212976,-2.752675497455958,4.374089489280064,1.414753553583822,0.6989520430542773,0.5769829106632773,0.6959606266554008,9.0
ID_928,-0.8478322430026209,-1.2105851160545795,0.2782647963819663,1.3847437555789985,-0.15105779189909693,-1.6291593628116114,1.4303813893323656,1.4418094584216736,1.443526517765285,0.5849202654881185,0.24537153993183092,0.060974101464652264,1.414753553583822,-1.3123133621138403,-0.020889627666346104,-1.3072921922145362,120000.0
ID_929,-0.4848057998555397,0.6222147155635368,-0.3810087211999231,-0.6061199692561582,-0.15105779189909693,-1.6291593628116114,-0.6725966413608725,-0.3891001339845127,-0.62655831935096,-1.5114339660212976,-0.8852558783162353,-1.3767310278071516,-0.8928692886374687,0.6989520430542773,0.5769829106632773,0.6944380051237773,83000.0
ID_930,-0.2685958947480072,-1.2105851160545795,0.2782647963819663,1.3847437555789985,-0.15105779189909693,-0.7048561921996358,1.4303813893323656,1.4418094584216736,1.443526517765285,-1.5114339660212976,-0.696817975274891,0.060974101464652264,1.414753553583822,0.6989520430542773,0.5769829106632773,0.6957882544065377,80000.0
ID_931,-0.7252097574654258,0.6222147155635368,0.2782647963819663,1.3847437555789985,-0.15105779189909693,-0.7048561921996358,1.4303813893323656,1.4418094584216736,1.443526517765285,0.5849202654881185,0.43380944297317525,0.060974101464652264,1.414753553583822,0.9862756723640083,0.9341121068921712,0.9912342889577844,140000.0
ID_932,-0.8083661423352263,0.6222147155635368,-0.3810087211999231,-1.2697412108678772,-0.15105779189909693,-1.6291593628116114,-0.9354688951975273,-0.9122171603862802,-0.62655831935096,0.5849202654881185,-0.5083800722335465,-1.3767310278071516,-0.8928692886374687,0.4116284137445462,0.5291531075969093,0.4137585265584641,130000.0
ID_933,0.5676382377018765,0.6222147155635368,-0.3810087211999231,-0.6061199692561582,-0.8917670441167587,0.21944697841233984,-0.6725966413608725,-0.6506586471853965,-0.62655831935096,0.5849202654881185,1.1875610551385527,0.060974101464652264,-0.31596357808214603,1.5609229309834705,-0.2393123950027652,1.5631366819772,9.0
ID_934,-0.8478322430026209,-1.2105851160545795,-0.3810087211999231,-1.2697412108678772,-0.15105779189909693,-1.6291593628116114,-0.9354688951975273,-0.9122171603862802,-0.9222847246532806,0.5849202654881185,0.6222473460145197,-1.3767310278071516,-0.8928692886374687,-1.3123133621138403,-0.020889627666346104,-1.3099926907800572,240000.0
ID_935,0.7381696835664046,0.6222147155635368,-0.3810087211999231,-0.2743093484502987,-0.15105779189909693,0.21944697841233984,-0.6725966413608725,-0.6506586471853965,-0.62655831935096,0.5849202654881185,2.1297505703452746,0.060974101464652264,-0.8928692886374687,0.4116284137445462,0.5291531075969093,0.4129828514385805,110000.0
ID_936,-0.8905146711595159,-1.2105851160545795,-0.3810087211999231,-1.2697412108678772,-0.15105779189909693,-1.6291593628116114,-0.9354688951975273,-0.9122171603862802,-0.62655831935096,0.5849202654881185,0.24537153993183092,0.060974101464652264,-0.31596357808214603,1.5609229309834705,-0.2393123950027652,1.563826170972652,240000.0
ID_937,-0.603887020708234,-1.2105851160545795,-0.3810087211999231,-0.6061199692561582,-0.15105779189909693,1.1437501490243154,-0.40972438752421775,-0.3891001339845127,-0.9222847246532806,0.5849202654881185,-0.5083800722335465,0.060974101464652264,-0.31596357808214603,-0.16301884487491597,-0.08306837165262702,-0.1647514693340344,110000.0
ID_938,0.7456432390514247,-1.2105851160545795,-0.3810087211999231,-0.2743093484502987,-0.8917670441167587,0.21944697841233984,-0.6725966413608725,-0.3891001339845127,-0.62655831935096,0.5849202654881185,0.810685249055864,0.060974101464652264,-0.31596357808214603,1.2735993016737392,0.22623102150989877,1.2715690230253716,9.0
ID_939,-0.8253454876265434,-1.2105851160545795,-0.3810087211999231,-0.6061199692561582,-0.15105779189909693,-1.6291593628116114,-0.6725966413608725,-0.6506586471853965,-0.62655831935096,0.5849202654881185,-0.3199421691922022,0.060974101464652264,-0.8928692886374687,-0.450342474184647,-0.47686708356573715,-0.44962533928834814,170000.0
ID_940,-0.17170402912681357,-1.2105851160545795,0.2782647963819663,1.3847437555789985,-0.15105779189909693,1.1437501490243154,1.4303813893323656,1.4418094584216736,1.443526517765285,-1.5114339660212976,-0.696817975274891,0.060974101464652264,1.414753553583822,-1.3123133621138403,-0.10220029287917282,-1.3156809749925376,100000.0
ID_941,-0.34569963593465586,0.6222147155635368,-0.3810087211999231,-0.6061199692561582,-0.15105779189909693,-0.7048561921996358,-0.6725966413608725,-0.6506586471853965,-0.62655831935096,-1.5114339660212976,-0.3199421691922022,0.060974101464652264,-0.31596357808214603,-0.450342474184647,1.559088200292738,-0.4542793900076501,68000.0
ID_942,-0.7104388836180978,0.6222147155635368,-0.3810087211999231,-0.6061199692561582,-0.15105779189909693,-0.7048561921996358,-0.6725966413608725,-0.6506586471853965,-0.62655831935096,0.5849202654881185,-0.3199421691922022,0.060974101464652264,-0.31596357808214603,-0.16301884487491597,-0.08306837165262702,-0.16305647555354785,87000.0
ID_943,-0.7036812914440965,0.6222147155635368,0.2782647963819663,1.3847437555789985,-0.15105779189909693,-0.7048561921996358,1.4303813893323656,1.4418094584216736,1.443526517765285,0.5849202654881185,0.6222473460145197,0.060974101464652264,1.414753553583822,0.4116284137445462,0.5291531075969093,0.41562589258781374,140000.0
ID_944,-0.7679747967735919,0.6222147155635368,-0.3810087211999231,-1.2697412108678772,-0.15105779189909693,-1.6291593628116114,-0.9354688951975273,-0.9122171603862802,-0.9222847246532806,0.5849202654881185,0.056933636890486534,0.060974101464652264,-0.8928692886374687,-0.16301884487491597,-0.08306837165262702,-0.16047089182060228,120000.0
ID_945,-0.8478322430026209,-1.2105851160545795,0.2782647963819663,1.3847437555789985,-0.15105779189909693,-1.6291593628116114,1.4303813893323656,1.4418094584216736,1.443526517765285,0.5849202654881185,-0.3199421691922022,0.060974101464652264,1.414753553583822,-1.3123133621138403,-0.020889627666346104,-1.3072060060901047,86000.0
ID_946,0.4740122662609459,0.6222147155635368,-0.3810087211999231,-0.6061199692561582,-0.15105779189909693,0.21944697841233984,-0.6725966413608725,-0.6506586471853965,-0.3308319140486392,0.5849202654881185,0.9991231520972084,0.060974101464652264,-0.31596357808214603,-1.3123133621138403,-0.020889627666346104,-1.314704198915647,140000.0
ID_947,0.4740122662609459,0.6222147155635368,-0.3810087211999231,0.05750127235556074,-0.15105779189909693,0.21944697841233984,-0.6725966413608725,-0.6506586471853965,-0.62655831935096,0.5849202654881185,0.810685249055864,0.060974101464652264,-0.8928692886374687,-1.3123133621138403,-0.020889627666346104,-1.314675470207503,82000.0
ID_948,0.4625183014140505,-1.2105851160545795,0.2782647963819663,1.3847437555789985,-0.15105779189909693,0.21944697841233984,1.4303813893323656,1.4418094584216736,1.443526517765285,0.5849202654881185,1.1875610551385527,0.060974101464652264,1.414753553583822,0.1243047844348151,-1.1560502871081872,0.12790788052725988,140000.0
ID_949,-0.6307521671016962,-1.2105851160545795,0.2782647963819663,1.3847437555789985,-0.15105779189909693,-1.6291593628116114,1.4303813893323656,1.4418094584216736,1.443526517765285,-1.5114339660212976,-0.696817975274891,-1.3767310278071516,1.414753553583822,1.5609229309834705,0.48929493837493176,1.5582240728846033,83000.0
ID_950,0.832186681123353,-1.2105851160545795,0.2782647963819663,1.3847437555789985,-0.15105779189909693,0.21944697841233984,1.4303813893323656,1.4418094584216736,1.443526517765285,0.5849202654881185,0.056933636890486534,0.060974101464652264,1.414753553583822,-0.16301884487491597,-0.08306837165262702,-0.1582300525853828,99000.0
ID_951,0.832186681123353,0.6222147155635368,-0.3810087211999231,-0.6061199692561582,-0.15105779189909693,0.21944697841233984,-0.6725966413608725,-0.6506586471853965,-0.62655831935096,0.5849202654881185,0.24537153993183092,-1.3767310278071516,-0.31596357808214603,-0.16301884487491597,-0.08306837165262702,-0.16371723584085618,120000.0
ID_952,-0.6546157749989641,0.6222147155635368,-0.3810087211999231,-0.6061199692561582,-0.15105779189909693,1.1437501490243154,-0.14685213368756297,-0.6506586471853965,-0.9222847246532806,0.5849202654881185,1.1875610551385527,0.060974101464652264,-0.8928692886374687,1.5609229309834705,-0.2393123950027652,1.5612405872397064,170000.0
ID_953,-0.6302675150142374,0.6222147155635368,-0.3810087211999231,-0.6061199692561582,-0.15105779189909693,1.1437501490243154,-0.6725966413608725,-0.6506586471853965,-0.62655831935096,0.5849202654881185,-0.696817975274891,0.060974101464652264,-0.8928692886374687,0.6989520430542773,-0.2903308516068944,0.6993793429245176,74000.0
ID_954,2.2855536506210883,0.6222147155635368,0.2782647963819663,1.3847437555789985,-0.15105779189909693,0.21944697841233984,1.4303813893323656,1.4418094584216736,1.443526517765285,-1.5114339660212976,-0.3199421691922022,0.060974101464652264,1.414753553583822,1.5609229309834705,0.48929493837493176,1.5579942432194527,90000.0
ID_955,0.4625183014140505,-1.2105851160545795,0.2782647963819663,1.3847437555789985,-0.15105779189909693,0.21944697841233984,1.4303813893323656,1.4418094584216736,1.443526517765285,0.5849202654881185,0.43380944297317525,0.060974101464652264,1.414753553583822,0.1243047844348151,-1.1560502871081872,0.12747694990510228,140000.0
ID_956,-0.7389782826773273,-1.2105851160545795,-0.3810087211999231,-1.2697412108678772,-0.15105779189909693,-0.7048561921996358,-0.9354688951975273,-0.9122171603862802,-0.62655831935096,0.5849202654881185,0.43380944297317525,0.060974101464652264,-0.8928692886374687,-0.7376661034943781,0.3617487968646123,-0.7350163259892509,120000.0
ID_957,-0.6082378746751949,0.6222147155635368,-0.3810087211999231,-1.2697412108678772,-0.15105779189909693,1.1437501490243154,-0.9354688951975273,-0.9122171603862802,-0.9222847246532806,0.5849202654881185,0.056933636890486534,0.060974101464652264,-0.31596357808214603,-0.450342474184647,-0.47686708356573715,-0.44870602062774523,190000.0
ID_958,-0.8478322430026209,0.6222147155635368,-0.3810087211999231,-0.6061199692561582,-0.15105779189909693,-1.6291593628116114,-0.6725966413608725,-0.6506586471853965,-0.62655831935096,0.5849202654881185,-0.696817975274891,-1.3767310278071516,-0.8928692886374687,-1.3123133621138403,-0.020889627666346104,-1.3109694668569478,130000.0
ID_959,0.7456432390514247,0.6222147155635368,-0.3810087211999231,-0.2743093484502987,-0.15105779189909693,0.21944697841233984,-0.40972438752421775,-0.6506586471853965,-0.62655831935096,0.5849202654881185,0.9991231520972084,0.060974101464652264,-0.31596357808214603,1.2735993016737392,0.22623102150989877,1.2731203732651388,110000.0
ID_960,-0.7036812914440965,0.6222147155635368,-0.3810087211999231,-0.6061199692561582,-0.15105779189909693,-0.7048561921996358,-0.6725966413608725,-0.6506586471853965,-0.62655831935096,0.5849202654881185,-0.5083800722335465,0.060974101464652264,-0.8928692886374687,0.4116284137445462,0.5291531075969093,0.410742012203361,87000.0
ID_961,-0.6543238822644718,-1.2105851160545795,0.2782647963819663,1.3847437555789985,-0.15105779189909693,1.1437501490243154,1.4303813893323656,1.4418094584216736,1.443526517765285,0.5849202654881185,-0.5083800722335465,0.060974101464652264,1.414753553583822,-1.5996369914235713,0.3856636983977981,-1.5947229171936517,74000.0
ID_962,0.4625183014140505,-1.2105851160545795,-0.3810087211999231,-0.2743093484502987,-0.15105779189909693,0.21944697841233984,-0.6725966413608725,-0.3891001339845127,-0.3308319140486392,0.5849202654881185,0.810685249055864,0.060974101464652264,-0.31596357808214603,0.1243047844348151,-1.1560502871081872,0.1222770537310673,150000.0
ID_963,0.6223158050233801,0.6222147155635368,-0.3810087211999231,-0.6061199692561582,-0.15105779189909693,0.21944697841233984,-0.6725966413608725,-0.6506586471853965,-0.62655831935096,0.5849202654881185,0.810685249055864,0.060974101464652264,-0.8928692886374687,-1.5996369914235713,0.3856636983977981,-1.6019338229377555,100000.0
ID_964,-0.5980932252990657,2.455014547181653,4.893179419455191,1.3847437555789985,5.033906973624536,2.068053319636291,1.4303813893323656,1.4418094584216736,1.443526517765285,0.5849202654881185,-2.752675497455958,4.374089489280064,1.414753553583822,0.4116284137445462,0.5291531075969093,0.4172347002438687,9.0
ID_965,-0.5980932252990657,0.6222147155635368,-0.3810087211999231,-0.6061199692561582,-0.15105779189909693,1.1437501490243154,-0.6725966413608725,-0.6506586471853965,-0.62655831935096,0.5849202654881185,0.056933636890486534,-1.3767310278071516,-0.8928692886374687,0.4116284137445462,0.5291531075969093,0.40919066196359366,140000.0
ID_966,-0.7104388836180978,0.6222147155635368,-0.3810087211999231,-0.6061199692561582,-0.15105779189909693,-0.7048561921996358,-0.6725966413608725,-0.3891001339845127,-0.9222847246532806,0.5849202654881185,-0.3199421691922022,0.060974101464652264,-0.8928692886374687,-0.16301884487491597,-0.08306837165262702,-0.1634586774675616,110000.0
ID_967,0.751150649136185,0.6222147155635368,-0.3810087211999231,-0.6061199692561582,-0.15105779189909693,0.21944697841233984,-0.6725966413608725,-0.6506586471853965,-0.9222847246532806,0.5849202654881185,0.810685249055864,0.060974101464652264,-0.31596357808214603,0.6989520430542773,-0.2903308516068944,0.6990920558430793,170000.0
ID_968,0.833563533644543,0.6222147155635368,0.2782647963819663,1.3847437555789985,-0.15105779189909693,0.21944697841233984,1.4303813893323656,1.4418094584216736,1.443526517765285,0.5849202654881185,1.375998958179897,0.060974101464652264,1.414753553583822,-0.7376661034943781,0.3617487968646123,-0.7320859977585793,66000.0
ID_969,-0.6307521671016962,0.6222147155635368,-0.3810087211999231,-0.6061199692561582,-0.15105779189909693,-1.6291593628116114,-0.6725966413608725,-0.6506586471853965,-0.9222847246532806,-1.5114339660212976,-0.8852558783162353,0.060974101464652264,-0.8928692886374687,1.5609229309834705,0.48929493837493176,1.5564141642715414,53000.0
ID_970,-0.5804089315168994,0.6222147155635368,-0.3810087211999231,-0.6061199692561582,-0.15105779189909693,1.1437501490243154,-0.6725966413608725,-0.6506586471853965,-0.9222847246532806,0.5849202654881185,0.056933636890486534,0.060974101464652264,-0.8928692886374687,-1.024989732804109,-0.06871943073271414,-1.02644034140036,110000.0
ID_971,0.751150649136185,0.6222147155635368,-0.3810087211999231,-0.6061199692561582,-0.15105779189909693,0.21944697841233984,-0.6725966413608725,-0.6506586471853965,-0.62655831935096,0.5849202654881185,0.24537153993183092,0.060974101464652264,-0.31596357808214603,0.6989520430542773,-0.2903308516068944,0.6992356993837985,130000.0
ID_972,-0.6662088732273852,-1.2105851160545795,0.2782647963819663,1.3847437555789985,-0.15105779189909693,1.1437501490243154,1.4303813893323656,1.4418094584216736,1.443526517765285,0.5849202654881185,0.056933636890486534,0.060974101464652264,1.414753553583822,0.1243047844348151,-1.1560502871081872,0.1275056786132461,260000.0
ID_973,-0.6302675150142374,0.6222147155635368,-0.3810087211999231,-0.6061199692561582,-0.15105779189909693,1.1437501490243154,-0.14685213368756297,-0.6506586471853965,-0.62655831935096,0.5849202654881185,0.056933636890486534,-1.3767310278071516,-0.8928692886374687,0.6989520430542773,-0.2903308516068944,0.6963340998612707,120000.0
ID_974,0.7381696835664046,0.6222147155635368,-0.3810087211999231,-0.6061199692561582,-0.15105779189909693,0.21944697841233984,-0.6725966413608725,-0.6506586471853965,-0.9222847246532806,0.5849202654881185,2.1297505703452746,0.060974101464652264,-0.8928692886374687,0.4116284137445462,0.5291531075969093,0.40913320454730595,170000.0
ID_975,-0.7104388836180978,-1.2105851160545795,0.2782647963819663,1.3847437555789985,-0.15105779189909693,-0.7048561921996358,1.4303813893323656,1.4418094584216736,1.443526517765285,0.5849202654881185,0.24537153993183092,0.060974101464652264,1.414753553583822,-0.16301884487491597,-0.08306837165262702,-0.15774166454693753,140000.0
ID_976,2.2855536506210883,-1.2105851160545795,0.2782647963819663,1.3847437555789985,-0.15105779189909693,0.21944697841233984,1.4303813893323656,1.4418094584216736,1.443526517765285,-1.5114339660212976,-0.13150426615085783,0.060974101464652264,1.414753553583822,1.5609229309834705,0.48929493837493176,1.5580229719275964,80000.0
ID_977,-1.095208581779814,2.455014547181653,4.893179419455191,1.3847437555789985,5.033906973624536,2.068053319636291,1.4303813893323656,1.4418094584216736,1.443526517765285,-1.5114339660212976,-2.752675497455958,4.374089489280064,1.414753553583822,1.2735993016737392,-0.7128274453598268,1.2710806349869261,9.0
ID_978,0.832186681123353,0.6222147155635368,-0.3810087211999231,-0.2743093484502987,-0.15105779189909693,0.21944697841233984,-0.6725966413608725,-0.3891001339845127,-0.9222847246532806,0.5849202654881185,1.1875610551385527,0.060974101464652264,-0.31596357808214603,-0.16301884487491597,-0.08306837165262702,-0.16434926742002065,140000.0
ID_979,-0.7252097574654258,-1.2105851160545795,-0.3810087211999231,-0.6061199692561582,-0.8917670441167587,-0.7048561921996358,-0.6725966413608725,-0.3891001339845127,-0.62655831935096,0.5849202654881185,0.24537153993183092,0.060974101464652264,-0.8928692886374687,0.9862756723640083,0.9341121068921712,0.9854310899127289,9.0
ID_980,2.8146615522842113,-1.2105851160545795,-0.3810087211999231,-0.2743093484502987,-0.8917670441167587,0.21944697841233984,-0.6725966413608725,-0.3891001339845127,-0.62655831935096,-1.5114339660212976,-1.0360062007493107,0.060974101464652264,-0.8928692886374687,-0.16301884487491597,0.46538003684174956,-0.1686011162253089,9.0
ID_981,-0.6012820157381421,0.6222147155635368,-0.3810087211999231,-0.6061199692561582,-0.15105779189909693,1.1437501490243154,-0.14685213368756297,-0.3891001339845127,-0.9222847246532806,0.5849202654881185,-0.5083800722335465,0.060974101464652264,-0.8928692886374687,1.2735993016737392,0.22623102150989877,1.2717701239823784,140000.0
ID_982,-0.8478322430026209,-1.2105851160545795,0.2782647963819663,1.3847437555789985,-0.15105779189909693,-1.6291593628116114,1.4303813893323656,1.4418094584216736,1.443526517765285,0.5849202654881185,-0.3199421691922022,0.060974101464652264,1.414753553583822,-1.3123133621138403,-0.020889627666346104,-1.307493293171543,86000.0
ID_983,2.817415257326591,0.6222147155635368,-0.3810087211999231,0.05750127235556074,-0.15105779189909693,0.21944697841233984,-0.6725966413608725,-0.6506586471853965,-0.62655831935096,-1.5114339660212976,-0.5083800722335465,-1.3767310278071516,-0.31596357808214603,-0.7376661034943781,-1.0014005905269243,-0.7415377427379025,71000.0
ID_984,-0.6546157749989641,0.6222147155635368,-0.3810087211999231,0.05750127235556074,-0.15105779189909693,1.1437501490243154,-0.14685213368756297,-0.127541620783629,-0.9222847246532806,0.5849202654881185,1.1875610551385527,0.060974101464652264,-0.8928692886374687,1.5609229309834705,-0.2393123950027652,1.5603787259953912,170000.0
ID_985,-0.7389782826773273,-1.2105851160545795,-0.3810087211999231,-0.6061199692561582,-0.15105779189909693,-0.7048561921996358,-0.6725966413608725,-0.6506586471853965,-0.62655831935096,0.5849202654881185,-0.696817975274891,0.060974101464652264,-0.8928692886374687,-0.7376661034943781,0.3617487968646123,-0.7378030106792034,100000.0
ID_986,-0.32767388272723436,0.6222147155635368,-0.3810087211999231,0.05750127235556074,-0.15105779189909693,-0.7048561921996358,-0.6725966413608725,-0.127541620783629,-0.9222847246532806,-1.5114339660212976,-0.5083800722335465,0.060974101464652264,-0.8928692886374687,-0.7376661034943781,-1.0014005905269243,-0.7429741781450945,74000.0
ID_987,-0.6662088732273852,0.6222147155635368,-0.3810087211999231,0.05750127235556074,-0.15105779189909693,1.1437501490243154,-0.6725966413608725,-0.6506586471853965,-0.62655831935096,0.5849202654881185,0.24537153993183092,0.060974101464652264,-0.8928692886374687,0.1243047844348151,-1.1560502871081872,0.12400077621969768,130000.0
ID_988,-0.17170402912681357,0.6222147155635368,-0.3810087211999231,-0.6061199692561582,-0.15105779189909693,-0.7048561921996358,-0.6725966413608725,-0.6506586471853965,-0.62655831935096,-1.5114339660212976,-0.696817975274891,0.060974101464652264,-0.8928692886374687,-1.3123133621138403,-0.10220029287917282,-1.3171748678160171,58000.0
ID_989,-0.34569963593465586,0.6222147155635368,-0.3810087211999231,-0.6061199692561582,-0.15105779189909693,-0.7048561921996358,-0.6725966413608725,-0.3891001339845127,-0.62655831935096,-1.5114339660212976,-1.0360062007493107,0.060974101464652264,-0.8928692886374687,-0.450342474184647,1.559088200292738,-0.4546815919216639,49000.0
ID_990,0.6223158050233801,-1.2105851160545795,0.2782647963819663,1.3847437555789985,-0.15105779189909693,0.21944697841233984,1.4303813893323656,1.4418094584216736,1.443526517765285,0.5849202654881185,0.24537153993183092,0.060974101464652264,1.414753553583822,-1.5996369914235713,0.3856636983977981,-1.594837832026227,120000.0
ID_991,0.4625183014140505,0.6222147155635368,-0.3810087211999231,-0.2743093484502987,-0.15105779189909693,0.21944697841233984,-0.6725966413608725,-0.6506586471853965,-0.62655831935096,0.5849202654881185,-0.3199421691922022,0.060974101464652264,-0.8928692886374687,0.1243047844348151,-1.1560502871081872,0.1225643408125057,66000.0
ID_992,-0.8574702106509521,0.6222147155635368,-0.3810087211999231,-0.6061199692561582,-0.15105779189909693,-1.6291593628116114,-0.6725966413608725,-0.6506586471853965,-0.62655831935096,0.5849202654881185,-0.3199421691922022,0.060974101464652264,-0.8928692886374687,-1.5996369914235713,0.3856636983977981,-1.5986874789175016,100000.0
ID_993,0.7456432390514247,0.6222147155635368,-0.3810087211999231,-0.6061199692561582,-0.15105779189909693,0.21944697841233984,-0.6725966413608725,-0.3891001339845127,-0.62655831935096,0.5849202654881185,0.810685249055864,0.060974101464652264,-0.31596357808214603,1.2735993016737392,0.22623102150989877,1.2719424962312413,110000.0
ID_994,-0.7252097574654258,0.6222147155635368,-0.3810087211999231,-1.2697412108678772,-0.15105779189909693,-0.7048561921996358,-0.9354688951975273,-0.9122171603862802,-0.62655831935096,0.5849202654881185,0.24537153993183092,0.060974101464652264,-0.8928692886374687,0.9862756723640083,0.9341121068921712,0.9886487052248388,85000.0
ID_995,-0.6012820157381421,0.6222147155635368,-0.3810087211999231,-1.2697412108678772,-0.15105779189909693,1.1437501490243154,-0.9354688951975273,-0.9122171603862802,-0.62655831935096,0.5849202654881185,0.056933636890486534,0.060974101464652264,-0.8928692886374687,1.2735993016737392,0.22623102150989877,1.2756484995817967,110000.0
ID_996,-0.17170402912681357,0.6222147155635368,-0.3810087211999231,-0.6061199692561582,-0.15105779189909693,1.1437501490243154,-0.6725966413608725,-0.6506586471853965,-0.3308319140486392,-1.5114339660212976,-1.695538861394016,-1.3767310278071516,-0.8928692886374687,-1.3123133621138403,-0.10220029287917282,-1.3179792716440446,38600.0
ID_997,2.8146615522842113,0.6222147155635368,-0.3810087211999231,-0.6061199692561582,-0.15105779189909693,0.21944697841233984,-0.6725966413608725,-0.6506586471853965,-0.9222847246532806,-1.5114339660212976,-0.3199421691922022,0.060974101464652264,-0.31596357808214603,-0.16301884487491597,0.46538003684174956,-0.1670784946936854,79000.0
ID_998,2.3949142926741804,-1.2105851160545795,0.2782647963819663,1.3847437555789985,-0.15105779189909693,0.21944697841233984,1.4303813893323656,1.4418094584216736,1.443526517765285,-1.5114339660212976,-0.5083800722335465,0.060974101464652264,1.414753553583822,-1.5996369914235713,-1.1464843264949127,-1.6028531415983585,70000.0
ID_999,-0.23054519847239607,-1.2105851160545795,-0.3810087211999231,-0.6061199692561582,-0.15105779189909693,-0.7048561921996358,-0.6725966413608725,-0.3891001339845127,-0.9222847246532806,-1.5114339660212976,-0.696817975274891,0.060974101464652264,-0.8928692886374687,-1.024989732804109,0.19912746643895535,-1.029830328961333,43600.0
ID_1000,0.23850439621641198,0.6222147155635368,-0.3810087211999231,-0.6061199692561582,-0.15105779189909693,2.068053319636291,-0.6725966413608725,-0.6506586471853965,-0.62655831935096,2.6812744969975344,3.0719400855519963,0.060974101464652264,-0.8928692886374687,-1.024989732804109,-0.06871943073271414,-1.0244580605384352,240000.0
ID_1001,-0.6662088732273852,0.6222147155635368,-0.3810087211999231,-0.6061199692561582,-0.15105779189909693,1.1437501490243154,-0.6725966413608725,-0.6506586471853965,-0.9222847246532806,0.5849202654881185,0.43380944297317525,0.060974101464652264,-0.8928692886374687,0.1243047844348151,-1.1560502871081872,0.12204722406591659,140000.0
ID_1002,-0.5980932252990657,-1.2105851160545795,-0.3810087211999231,-1.2697412108678772,-0.15105779189909693,1.1437501490243154,-0.9354688951975273,-0.9122171603862802,-0.62655831935096,0.5849202654881185,0.24537153993183092,0.060974101464652264,-0.8928692886374687,0.4116284137445462,0.5291531075969093,0.41390217009918334,150000.0
ID_1003,0.7381696835664046,0.6222147155635368,-0.3810087211999231,-1.2697412108678772,-0.15105779189909693,0.21944697841233984,-0.9354688951975273,-0.9122171603862802,-0.3308319140486392,0.5849202654881185,0.810685249055864,0.060974101464652264,-0.31596357808214603,0.4116284137445462,0.5291531075969093,0.41467784521906703,150000.0
ID_1004,3.0160730464939918,0.6222147155635368,-0.3810087211999231,-0.6061199692561582,-0.15105779189909693,0.21944697841233984,-0.6725966413608725,-0.3891001339845127,-0.9222847246532806,-1.5114339660212976,-0.8852558783162353,0.060974101464652264,-0.8928692886374687,-1.024989732804109,0.19912746643895535,-1.029514313171751,62000.0
ID_1005,-0.5646632460845687,0.6222147155635368,-0.3810087211999231,-1.2697412108678772,-0.15105779189909693,-1.6291593628116114,-0.9354688951975273,-0.9122171603862802,-0.9222847246532806,-1.5114339660212976,-0.696817975274891,-1.3767310278071516,-0.8928692886374687,-1.5996369914235713,-1.1464843264949127,-1.603082971263509,48600.0
ID_1006,0.832186681123353,0.6222147155635368,-0.3810087211999231,-0.6061199692561582,-0.15105779189909693,0.21944697841233984,-0.6725966413608725,-0.6506586471853965,-0.62655831935096,0.5849202654881185,0.24537153993183092,0.060974101464652264,-0.8928692886374687,-0.16301884487491597,-0.08306837165262702,-0.16256808751510257,100000.0
ID_1007,-0.5249438045532752,-1.2105851160545795,-0.3810087211999231,-0.6061199692561582,-0.15105779189909693,-0.7048561921996358,-0.6725966413608725,-0.6506586471853965,-0.62655831935096,-1.5114339660212976,-0.696817975274891,0.060974101464652264,-0.8928692886374687,1.5609229309834705,0.48929493837493176,1.5556672178598017,83000.0
ID_1008,0.751150649136185,-1.2105851160545795,0.2782647963819663,1.3847437555789985,-0.15105779189909693,0.21944697841233984,1.4303813893323656,1.4418094584216736,1.443526517765285,0.5849202654881185,0.24537153993183092,0.060974101464652264,1.414753553583822,0.6989520430542773,-0.2903308516068944,0.7023383998633331,130000.0
ID_1009,-0.6307521671016962,-1.2105851160545795,0.2782647963819663,1.3847437555789985,-0.15105779189909693,-1.6291593628116114,1.4303813893323656,1.4418094584216736,1.443526517765285,-1.5114339660212976,-0.696817975274891,-1.3767310278071516,1.414753553583822,1.5609229309834705,0.48929493837493176,1.5576494987217264,120000.0
ID_1010,2.6266220497602295,0.6222147155635368,-0.3810087211999231,-0.2743093484502987,-0.15105779189909693,0.21944697841233984,-0.6725966413608725,-0.6506586471853965,-0.62655831935096,-1.5114339660212976,-0.5083800722335465,0.060974101464652264,-0.31596357808214603,0.4116284137445462,-1.5466603454835397,0.4056857595700452,63000.0
ID_1011,0.832186681123353,0.6222147155635368,-0.3810087211999231,-0.6061199692561582,-0.15105779189909693,0.21944697841233984,-0.6725966413608725,-0.3891001339845127,-0.62655831935096,0.5849202654881185,1.5644368612212416,0.060974101464652264,-0.31596357808214603,-0.16301884487491597,-0.08306837165262702,-0.16164876885449972,210000.0
ID_1012,-0.6662088732273852,0.6222147155635368,-0.3810087211999231,-0.6061199692561582,-0.15105779189909693,1.1437501490243154,-0.6725966413608725,-0.6506586471853965,-0.9222847246532806,0.5849202654881185,-0.3199421691922022,0.060974101464652264,-0.31596357808214603,0.1243047844348151,-1.1560502871081872,0.12112790540531372,110000.0
ID_1013,-0.5912805590242168,0.6222147155635368,-0.3810087211999231,-0.6061199692561582,-0.15105779189909693,-1.6291593628116114,-0.6725966413608725,-0.6506586471853965,-0.62655831935096,-1.5114339660212976,-1.3186630553113274,-1.3767310278071516,-0.8928692886374687,1.2735993016737392,-0.7128274453598268,1.2688685244598505,42400.0
ID_1014,-1.095208581779814,2.455014547181653,4.893179419455191,1.3847437555789985,5.033906973624536,2.068053319636291,1.4303813893323656,1.4418094584216736,1.443526517765285,-1.5114339660212976,-2.752675497455958,4.374089489280064,1.414753553583822,0.9862756723640083,-2.2290322025637495,0.9838510109648176,9.0
ID_1015,2.65258398089979,0.6222147155635368,0.2782647963819663,1.3847437555789985,-0.15105779189909693,0.21944697841233984,1.4303813893323656,1.4418094584216736,1.443526517765285,-1.5114339660212976,-0.3199421691922022,0.060974101464652264,1.414753553583822,0.6989520430542773,0.5769829106632773,0.6958457118228254,89000.0
ID_1016,-0.7679747967735919,0.6222147155635368,-0.3810087211999231,-0.2743093484502987,-0.15105779189909693,-1.6291593628116114,-0.6725966413608725,-0.6506586471853965,-0.3308319140486392,0.5849202654881185,0.6222473460145197,0.060974101464652264,-0.31596357808214603,-0.16301884487491597,-0.08306837165262702,-0.1646078257933152,120000.0
ID_1017,-0.31916493414627917,-1.2105851160545795,-0.3810087211999231,0.05750127235556074,-0.15105779189909693,-0.7048561921996358,-0.6725966413608725,-0.6506586471853965,-0.62655831935096,-1.5114339660212976,-0.8852558783162353,0.060974101464652264,-0.8928692886374687,-1.3123133621138403,-0.10220029287917282,-1.3174908836055994,62000.0
ID_1018,0.6223158050233801,-1.2105851160545795,0.2782647963819663,1.3847437555789985,-0.15105779189909693,0.21944697841233984,1.4303813893323656,1.4418094584216736,1.443526517765285,0.5849202654881185,0.24537153993183092,0.060974101464652264,1.414753553583822,-1.5996369914235713,0.3856636983977981,-1.5940621569063433,120000.0
ID_1019,-0.6546157749989641,-1.2105851160545795,-0.3810087211999231,-0.2743093484502987,-0.15105779189909693,1.1437501490243154,-0.14685213368756297,-0.6506586471853965,-0.62655831935096,0.5849202654881185,-0.3199421691922022,0.060974101464652264,-0.8928692886374687,1.5609229309834705,-0.2393123950027652,1.5600914389139529,120000.0
ID_1020,-0.11025234740105451,-1.2105851160545795,0.2782647963819663,1.3847437555789985,-0.15105779189909693,1.1437501490243154,1.4303813893323656,1.4418094584216736,1.443526517765285,-1.5114339660212976,-0.696817975274891,0.060974101464652264,1.414753553583822,0.6989520430542773,0.5769829106632773,0.6955009673250994,78000.0
ID_1021,-0.34419611298151626,-1.2105851160545795,0.2782647963819663,1.3847437555789985,-0.8917670441167587,0.21944697841233984,1.4303813893323656,1.4418094584216736,1.443526517765285,-1.5114339660212976,-0.5083800722335465,0.060974101464652264,1.414753553583822,-1.5996369914235713,-1.1464843264949127,-1.6023360248517693,9.0
ID_1022,2.6266220497602295,0.6222147155635368,-0.3810087211999231,-0.2743093484502987,-0.15105779189909693,0.21944697841233984,-0.6725966413608725,-0.6506586471853965,-0.62655831935096,-1.5114339660212976,-0.5083800722335465,0.060974101464652264,-0.31596357808214603,0.4116284137445462,-1.5466603454835397,0.4074094820586756,51000.0
ID_1023,-1.095208581779814,2.455014547181653,4.893179419455191,1.3847437555789985,5.033906973624536,2.068053319636291,1.4303813893323656,1.4418094584216736,1.443526517765285,-1.5114339660212976,-2.752675497455958,4.374089489280064,1.414753553583822,1.5609229309834705,0.48929493837493176,1.5583102590090347,9.0
ID_1024,0.631562746555693,-1.2105851160545795,0.2782647963819663,1.3847437555789985,-0.15105779189909693,0.21944697841233984,1.4303813893323656,1.4418094584216736,1.443526517765285,0.5849202654881185,0.056933636890486534,0.060974101464652264,1.414753553583822,-0.450342474184647,-0.47686708356573715,-0.4468099258902518,120000.0
ID_1025,-0.5812791023102916,0.6222147155635368,-0.3810087211999231,-0.6061199692561582,-0.15105779189909693,1.1437501490243154,-0.6725966413608725,-0.6506586471853965,-0.9222847246532806,0.5849202654881185,-0.3199421691922022,0.060974101464652264,-0.8928692886374687,-0.7376661034943781,0.3617487968646123,-0.7365102188127306,94000.0
ID_1026,-0.7036812914440965,-1.2105851160545795,0.2782647963819663,1.3847437555789985,-0.15105779189909693,-0.7048561921996358,1.4303813893323656,1.4418094584216736,1.443526517765285,0.5849202654881185,-0.3199421691922022,0.060974101464652264,1.414753553583822,0.4116284137445462,0.5291531075969093,0.4154247916308068,71000.0
ID_1027,0.801703166304203,0.6222147155635368,-0.3810087211999231,0.05750127235556074,-0.15105779189909693,0.21944697841233984,-0.6725966413608725,-0.6506586471853965,-0.62655831935096,0.5849202654881185,0.6222473460145197,0.060974101464652264,-0.31596357808214603,0.9862756723640083,0.9341121068921712,0.9858907492430303,130000.0
ID_1028,0.4625183014140505,0.6222147155635368,-0.3810087211999231,-0.6061199692561582,-0.15105779189909693,0.21944697841233984,-0.6725966413608725,-0.6506586471853965,-0.9222847246532806,0.5849202654881185,0.24537153993183092,0.060974101464652264,-0.31596357808214603,0.1243047844348151,-1.1560502871081872,0.12420187717670456,140000.0
ID_1029,-0.8376104898853053,0.6222147155635368,-0.3810087211999231,-0.6061199692561582,-0.15105779189909693,-0.7048561921996358,-0.6725966413608725,-0.6506586471853965,-0.62655831935096,0.5849202654881185,0.43380944297317525,0.060974101464652264,-0.31596357808214603,1.5609229309834705,-0.2393123950027652,1.561843890110727,140000.0
ID_1030,-0.7389782826773273,-1.2105851160545795,0.2782647963819663,1.3847437555789985,-0.15105779189909693,-0.7048561921996358,1.4303813893323656,1.4418094584216736,1.443526517765285,0.5849202654881185,0.6222473460145197,0.060974101464652264,1.414753553583822,-0.7376661034943781,0.3617487968646123,-0.7328329441703192,130000.0
ID_1031,-0.30013683230343124,0.6222147155635368,-0.3810087211999231,-0.6061199692561582,-0.15105779189909693,-0.7048561921996358,-0.6725966413608725,-0.6506586471853965,-0.62655831935096,-1.5114339660212976,-0.5083800722335465,0.060974101464652264,-0.8928692886374687,0.9862756723640083,-2.2290322025637495,0.9808919540260022,110000.0
ID_1032,2.4134026683287213,2.455014547181653,4.893179419455191,1.3847437555789985,5.033906973624536,2.068053319636291,1.4303813893323656,1.4418094584216736,1.443526517765285,-1.5114339660212976,-2.752675497455958,4.374089489280064,1.414753553583822,-0.450342474184647,1.559088200292738,-0.453044055557465,9.0
ID_1033,-0.6302675150142374,-1.2105851160545795,0.2782647963819663,1.3847437555789985,-0.15105779189909693,1.1437501490243154,1.4303813893323656,1.4418094584216736,1.443526517765285,0.5849202654881185,-0.9606310395327731,-1.3767310278071516,1.414753553583822,0.6989520430542773,-0.2903308516068944,0.7039184788112444,89000.0
ID_1034,0.751150649136185,-1.2105851160545795,0.2782647963819663,1.3847437555789985,-0.15105779189909693,0.21944697841233984,1.4303813893323656,1.4418094584216736,1.443526517765285,0.5849202654881185,0.24537153993183092,0.060974101464652264,1.414753553583822,0.6989520430542773,-0.2903308516068944,0.7029991601506415,88000.0
ID_1035,0.631562746555693,0.6222147155635368,-0.3810087211999231,-0.6061199692561582,-0.15105779189909693,0.21944697841233984,-0.6725966413608725,-0.6506586471853965,-0.62655831935096,0.5849202654881185,0.810685249055864,0.060974101464652264,-0.31596357808214603,-0.450342474184647,-0.47686708356573715,-0.4513203330688347,140000.0
ID_1036,0.832186681123353,0.6222147155635368,0.2782647963819663,1.3847437555789985,-0.15105779189909693,0.21944697841233984,1.4303813893323656,1.4418094584216736,1.443526517765285,0.5849202654881185,0.056933636890486534,0.060974101464652264,1.414753553583822,-0.16301884487491597,-0.08306837165262702,-0.1594653870355679,79000.0
ID_1037,0.631562746555693,-1.2105851160545795,0.2782647963819663,1.3847437555789985,-0.15105779189909693,0.21944697841233984,1.4303813893323656,1.4418094584216736,1.443526517765285,0.5849202654881185,0.24537153993183092,0.060974101464652264,1.414753553583822,-0.450342474184647,-0.47686708356573715,-0.44703975555540254,190000.0
ID_1038,-0.6609933558771169,-1.2105851160545795,-0.3810087211999231,-1.2697412108678772,-0.15105779189909693,1.1437501490243154,-0.9354688951975273,-0.9122171603862802,-0.62655831935096,0.5849202654881185,0.24537153993183092,0.060974101464652264,-0.8928692886374687,-1.3123133621138403,-0.020889627666346104,-1.309504302741612,120000.0
ID_1039,-0.4528462991336738,-1.2105851160545795,-0.3810087211999231,-0.6061199692561582,-0.15105779189909693,-0.7048561921996358,-0.6725966413608725,-0.6506586471853965,-0.3308319140486392,-1.5114339660212976,-0.5083800722335465,0.060974101464652264,-0.8928692886374687,0.1243047844348151,5.06660709182652,0.11868596521308734,63000.0
ID_1040,-0.5980932252990657,0.6222147155635368,-0.3810087211999231,-0.6061199692561582,-0.15105779189909693,1.1437501490243154,-0.6725966413608725,-0.6506586471853965,-0.62655831935096,0.5849202654881185,0.43380944297317525,0.060974101464652264,-0.8928692886374687,0.4116284137445462,0.5291531075969093,0.4093343055043128,120000.0
ID_1041,2.098301707739227,-1.2105851160545795,0.2782647963819663,1.3847437555789985,-0.15105779189909693,0.21944697841233984,1.4303813893323656,1.4418094584216736,1.443526517765285,-1.5114339660212976,-0.696817975274891,-1.3767310278071516,1.414753553583822,-1.3123133621138403,-0.10220029287917282,-1.315422416619243,73000.0
ID_1042,2.098301707739227,0.6222147155635368,-0.3810087211999231,0.05750127235556074,-0.15105779189909693,0.21944697841233984,-0.6725966413608725,-0.6506586471853965,-0.62655831935096,-1.5114339660212976,-1.0360062007493107,0.060974101464652264,-0.31596357808214603,-1.3123133621138403,-0.10220029287917282,-1.3163417352798457,50000.0
ID_1043,-0.8015644908805469,0.6222147155635368,-0.3810087211999231,-0.6061199692561582,-0.8917670441167587,-0.7048561921996358,-0.6725966413608725,-0.6506586471853965,-0.62655831935096,0.5849202654881185,0.24537153993183092,0.060974101464652264,-0.8928692886374687,0.1243047844348151,-1.1560502871081872,0.12365603172197161,9.0
ID_1044,-0.7422331620374208,0.6222147155635368,-0.3810087211999231,-0.6061199692561582,-0.15105779189909693,-0.7048561921996358,-0.6725966413608725,-0.3891001339845127,-0.62655831935096,0.5849202654881185,0.9991231520972084,0.060974101464652264,-0.8928692886374687,1.2735993016737392,0.22623102150989877,1.2738385909687349,210000.0
ID_1045,0.6223158050233801,0.6222147155635368,-0.3810087211999231,-0.6061199692561582,-0.15105779189909693,0.21944697841233984,-0.6725966413608725,-0.6506586471853965,-0.62655831935096,0.5849202654881185,2.1297505703452746,0.060974101464652264,-0.31596357808214603,-1.5996369914235713,0.3856636983977981,-1.600382472697988,150000.0
ID_1046,-0.7094420423927561,0.6222147155635368,-0.3810087211999231,-1.2697412108678772,-0.15105779189909693,-0.7048561921996358,-0.9354688951975273,-0.9122171603862802,-0.9222847246532806,0.5849202654881185,1.5644368612212416,0.060974101464652264,-0.31596357808214603,0.6989520430542773,-0.2903308516068944,0.7011892515375796,150000.0
ID_1047,-0.6546157749989641,0.6222147155635368,-0.3810087211999231,-0.6061199692561582,-0.15105779189909693,1.1437501490243154,-0.6725966413608725,-0.3891001339845127,-0.62655831935096,0.5849202654881185,0.056933636890486534,0.060974101464652264,-0.8928692886374687,1.5609229309834705,-0.2393123950027652,1.5620162623595901,100000.0
ID_1048,0.7381696835664046,-1.2105851160545795,0.2782647963819663,1.3847437555789985,-0.15105779189909693,0.21944697841233984,1.4303813893323656,1.4418094584216736,1.443526517765285,0.5849202654881185,0.810685249055864,0.060974101464652264,1.414753553583822,0.4116284137445462,0.5291531075969093,0.41556843517152603,130000.0
ID_1049,-0.25707990026077276,0.6222147155635368,-0.3810087211999231,-0.6061199692561582,-0.15105779189909693,-0.7048561921996358,-0.6725966413608725,-0.6506586471853965,-0.62655831935096,-1.5114339660212976,-0.5083800722335465,0.060974101464652264,-0.8928692886374687,0.4116284137445462,-1.5466603454835397,0.40677745047951114,90000.0
ID_1050,-0.603887020708234,-1.2105851160545795,-0.3810087211999231,-0.2743093484502987,-0.15105779189909693,1.1437501490243154,-0.6725966413608725,-0.6506586471853965,-0.62655831935096,0.5849202654881185,0.056933636890486534,-1.3767310278071516,-0.8928692886374687,-0.16301884487491597,-0.08306837165262702,-0.16219461430923265,140000.0
ID_1051,-0.05749686619913237,-1.2105851160545795,0.2782647963819663,1.3847437555789985,-0.15105779189909693,1.1437501490243154,1.4303813893323656,1.4418094584216736,1.443526517765285,-1.5114339660212976,-0.5083800722335465,0.060974101464652264,1.414753553583822,-0.16301884487491597,0.46538003684174956,-0.16644646311452094,76000.0
ID_1052,3.0160730464939918,-1.2105851160545795,0.2782647963819663,1.3847437555789985,-0.15105779189909693,0.21944697841233984,1.4303813893323656,1.4418094584216736,1.443526517765285,-1.5114339660212976,-0.696817975274891,-1.3767310278071516,1.414753553583822,-1.024989732804109,0.19912746643895535,-1.028221521305278,65000.0
ID_1053,0.833563533644543,0.6222147155635368,-0.3810087211999231,-0.2743093484502987,-0.15105779189909693,0.21944697841233984,-0.6725966413608725,-0.6506586471853965,-0.62655831935096,0.5849202654881185,0.810685249055864,0.060974101464652264,-0.31596357808214603,-0.7376661034943781,0.3617487968646123,-0.7368836920186005,110000.0
ID_1054,0.751150649136185,0.6222147155635368,-0.3810087211999231,-0.6061199692561582,-0.15105779189909693,0.21944697841233984,-0.6725966413608725,-0.6506586471853965,-0.62655831935096,0.5849202654881185,0.056933636890486534,0.060974101464652264,-0.31596357808214603,0.6989520430542773,-0.2903308516068944,0.6999826457955384,130000.0
ID_1055,0.4740122662609459,-1.2105851160545795,0.2782647963819663,1.3847437555789985,-0.15105779189909693,0.21944697841233984,1.4303813893323656,1.4418094584216736,1.443526517765285,0.5849202654881185,1.752874764262586,0.060974101464652264,1.414753553583822,-1.3123133621138403,-0.020889627666346104,-1.3083838831240022,66000.0
ID_1056,0.832186681123353,0.6222147155635368,-0.3810087211999231,0.05750127235556074,-0.15105779189909693,0.21944697841233984,-0.6725966413608725,-0.6506586471853965,-0.62655831935096,0.5849202654881185,0.056933636890486534,0.060974101464652264,-0.31596357808214603,-0.16301884487491597,-0.08306837165262702,-0.16124656694048595,120000.0
ID_1057,-0.4528462991336738,0.6222147155635368,-0.3810087211999231,-0.6061199692561582,-0.15105779189909693,-0.7048561921996358,-0.6725966413608725,-0.6506586471853965,-0.62655831935096,-1.5114339660212976,-0.5083800722335465,0.060974101464652264,-0.8928692886374687,0.1243047844348151,5.06660709182652,0.11897325229452575,83000.0
ID_1058,-0.6662088732273852,0.6222147155635368,-0.3810087211999231,-0.6061199692561582,-0.15105779189909693,1.1437501490243154,-0.6725966413608725,-0.6506586471853965,-0.62655831935096,0.5849202654881185,0.43380944297317525,0.060974101464652264,-0.8928692886374687,0.1243047844348151,-1.1560502871081872,0.12178866569262203,150000.0
ID_1059,-0.8221346675471279,-1.2105851160545795,0.2782647963819663,1.3847437555789985,-0.15105779189909693,-1.6291593628116114,1.4303813893323656,1.4418094584216736,1.443526517765285,0.5849202654881185,-0.13150426615085783,-1.3767310278071516,1.414753553583822,0.9862756723640083,0.9341121068921712,0.9896829387180172,240000.0
ID_1060,-0.6904139405499081,-1.2105851160545795,0.2782647963819663,1.3847437555789985,-0.15105779189909693,-0.7048561921996358,1.4303813893323656,1.4418094584216736,1.443526517765285,0.5849202654881185,-0.3199421691922022,0.060974101464652264,1.414753553583822,-1.024989732804109,-0.06871943073271414,-1.0194305366132632,71000.0
ID_1061,2.098301707739227,-1.2105851160545795,0.2782647963819663,1.3847437555789985,-0.15105779189909693,0.21944697841233984,1.4303813893323656,1.4418094584216736,1.443526517765285,-1.5114339660212976,-0.5083800722335465,0.060974101464652264,1.414753553583822,-1.3123133621138403,-0.10220029287917282,-1.315048943413373,67000.0
ID_1062,-0.8083661423352263,-1.2105851160545795,0.2782647963819663,1.3847437555789985,-0.15105779189909693,-1.6291593628116114,1.4303813893323656,1.4418094584216736,1.443526517765285,0.5849202654881185,0.6222473460145197,0.060974101464652264,1.414753553583822,0.4116284137445462,0.5291531075969093,0.41674631220542346,140000.0
ID_1063,-0.8879812625205259,0.6222147155635368,-0.3810087211999231,-0.9379305900620176,-0.15105779189909693,-1.6291593628116114,-0.9354688951975273,-0.9122171603862802,-0.62655831935096,0.5849202654881185,-0.13150426615085783,0.060974101464652264,-0.31596357808214603,0.1243047844348151,-1.1560502871081872,0.1269023757422255,110000.0
ID_1064,-0.3341836414474214,-1.2105851160545795,-0.3810087211999231,-0.6061199692561582,-0.15105779189909693,-0.7048561921996358,-0.6725966413608725,-0.6506586471853965,-0.62655831935096,-1.5114339660212976,-0.696817975274891,0.060974101464652264,-0.8928692886374687,1.2735993016737392,-0.7128274453598268,1.268437593837693,83000.0
ID_1065,0.833563533644543,0.6222147155635368,0.2782647963819663,1.3847437555789985,-0.15105779189909693,0.21944697841233984,1.4303813893323656,1.4418094584216736,1.443526517765285,0.5849202654881185,1.375998958179897,0.060974101464652264,1.414753553583822,-0.7376661034943781,0.3617487968646123,-0.733924635079785,150000.0
ID_1066,0.7381696835664046,-1.2105851160545795,0.2782647963819663,1.3847437555789985,-0.15105779189909693,0.21944697841233984,1.4303813893323656,1.4418094584216736,1.443526517765285,0.5849202654881185,0.24537153993183092,0.060974101464652264,1.414753553583822,0.4116284137445462,0.5291531075969093,0.41571207871224525,130000.0
ID_1067,-0.7104388836180978,0.6222147155635368,-0.3810087211999231,-0.6061199692561582,-0.15105779189909693,-0.7048561921996358,-0.6725966413608725,-0.6506586471853965,-0.62655831935096,0.5849202654881185,-0.3199421691922022,0.060974101464652264,-0.8928692886374687,-0.16301884487491597,-0.08306837165262702,-0.16386087938157537,86000.0
ID_1068,-0.8015644908805469,0.6222147155635368,-0.3810087211999231,-0.6061199692561582,-0.15105779189909693,-0.7048561921996358,-0.6725966413608725,-0.6506586471853965,-0.62655831935096,0.5849202654881185,-0.5083800722335465,0.060974101464652264,-0.8928692886374687,0.1243047844348151,-1.1560502871081872,0.1234262020568209,120000.0
ID_1069,-0.27060059201886,0.6222147155635368,-0.3810087211999231,-0.6061199692561582,-0.15105779189909693,-0.7048561921996358,-0.6725966413608725,-0.6506586471853965,-0.3308319140486392,-1.5114339660212976,-0.9229434589245042,0.060974101464652264,-0.8928692886374687,-0.16301884487491597,0.46538003684174956,-0.16840001526830203,65000.0
ID_1070,-0.8478322430026209,-1.2105851160545795,0.2782647963819663,1.3847437555789985,-0.15105779189909693,-1.6291593628116114,1.4303813893323656,1.4418094584216736,1.443526517765285,0.5849202654881185,0.056933636890486534,0.060974101464652264,1.414753553583822,-1.3123133621138403,-0.020889627666346104,-1.3076369367122624,83000.0
ID_1071,-0.8905146711595159,0.6222147155635368,-0.3810087211999231,-0.9379305900620176,-0.15105779189909693,-1.6291593628116114,-0.9354688951975273,-0.9122171603862802,-0.62655831935096,0.5849202654881185,-0.3199421691922022,0.060974101464652264,-0.31596357808214603,1.5609229309834705,-0.2393123950027652,1.564199644178522,92000.0
ID_1072,-0.7422331620374208,-1.2105851160545795,-0.3810087211999231,-0.6061199692561582,-0.15105779189909693,-0.7048561921996358,-0.6725966413608725,-0.6506586471853965,-0.62655831935096,0.5849202654881185,0.24537153993183092,0.060974101464652264,-0.8928692886374687,1.2735993016737392,0.22623102150989877,1.2733502029302897,120000.0
ID_1073,-0.31916493414627917,0.6222147155635368,-0.3810087211999231,-0.6061199692561582,-0.15105779189909693,-0.7048561921996358,-0.6725966413608725,-0.6506586471853965,-0.9222847246532806,-1.5114339660212976,-0.8852558783162353,0.060974101464652264,-0.8928692886374687,-1.3123133621138403,-0.10220029287917282,-1.3175770697300309,62000.0
ID_1074,-0.6543238822644718,0.6222147155635368,-0.3810087211999231,-0.6061199692561582,-0.15105779189909693,1.1437501490243154,-0.6725966413608725,-0.6506586471853965,-0.9222847246532806,0.5849202654881185,0.6222473460145197,0.060974101464652264,-0.31596357808214603,-1.5996369914235713,0.3856636983977981,-1.6017901793970364,130000.0
ID_1075,-0.3341836414474214,0.6222147155635368,-0.3810087211999231,-0.6061199692561582,-0.15105779189909693,-0.7048561921996358,-0.6725966413608725,-0.6506586471853965,-0.62655831935096,-1.5114339660212976,-0.5083800722335465,-1.3767310278071516,-0.31596357808214603,1.2735993016737392,-0.7128274453598268,1.268954710584282,80000.0
ID_1076,-0.6012820157381421,0.6222147155635368,-0.3810087211999231,-0.6061199692561582,-0.15105779189909693,1.1437501490243154,-0.14685213368756297,-0.3891001339845127,-0.62655831935096,0.5849202654881185,1.752874764262586,0.060974101464652264,-0.8928692886374687,1.2735993016737392,0.22623102150989877,1.2722872407289676,190000.0
ID_1077,-0.010540687816463355,-1.2105851160545795,-0.3810087211999231,-0.6061199692561582,-0.15105779189909693,1.1437501490243154,-0.6725966413608725,-0.6506586471853965,-0.62655831935096,-1.5114339660212976,-1.1867565231823862,-1.3767310278071516,-0.8928692886374687,-1.024989732804109,0.19912746643895535,-1.0305485466649291,61000.0
ID_1078,-0.7389782826773273,0.6222147155635368,-0.3810087211999231,-0.2743093484502987,-0.15105779189909693,-0.7048561921996358,-0.6725966413608725,-0.6506586471853965,-0.62655831935096,0.5849202654881185,0.24537153993183092,0.060974101464652264,-0.31596357808214603,-0.7376661034943781,0.3617487968646123,-0.7381190264687856,110000.0
ID_1079,0.833563533644543,0.6222147155635368,-0.3810087211999231,0.05750127235556074,-0.15105779189909693,0.21944697841233984,-0.6725966413608725,-0.6506586471853965,-0.62655831935096,0.5849202654881185,0.24537153993183092,0.060974101464652264,-0.31596357808214603,-0.7376661034943781,0.3617487968646123,-0.7387223293398063,66000.0
ID_1080,-0.603887020708234,-1.2105851160545795,-0.3810087211999231,-0.2743093484502987,-0.15105779189909693,1.1437501490243154,-0.14685213368756297,-0.6506586471853965,-0.62655831935096,0.5849202654881185,1.1875610551385527,0.060974101464652264,-0.8928692886374687,-0.16301884487491597,-0.08306837165262702,-0.1654122296213427,140000.0
ID_1081,-0.5812791023102916,-1.2105851160545795,0.2782647963819663,1.3847437555789985,-0.15105779189909693,1.1437501490243154,1.4303813893323656,1.4418094584216736,1.443526517765285,0.5849202654881185,-0.3199421691922022,0.060974101464652264,1.414753553583822,-0.7376661034943781,0.3617487968646123,-0.7331776886680452,100000.0
ID_1082,2.4134026683287213,0.6222147155635368,-0.3810087211999231,-0.6061199692561582,-0.15105779189909693,0.21944697841233984,-0.6725966413608725,-0.6506586471853965,-0.62655831935096,-1.5114339660212976,-0.696817975274891,0.060974101464652264,-0.31596357808214603,-0.450342474184647,1.559088200292738,-0.4557158254148421,62000.0
ID_1083,-0.7479939129860804,0.6222147155635368,-0.3810087211999231,-0.6061199692561582,-0.15105779189909693,-0.7048561921996358,-0.6725966413608725,-0.6506586471853965,-0.62655831935096,0.5849202654881185,0.9991231520972084,0.060974101464652264,-0.8928692886374687,-0.450342474184647,-0.47686708356573715,-0.4512054182362593,140000.0
ID_1084,-0.8905146711595159,0.6222147155635368,-0.3810087211999231,-0.6061199692561582,-0.15105779189909693,-1.6291593628116114,-0.6725966413608725,-0.6506586471853965,-0.62655831935096,0.5849202654881185,-0.5083800722335465,0.060974101464652264,-0.8928692886374687,1.5609229309834705,-0.2393123950027652,1.562562107814323,100000.0
ID_1085,0.6223158050233801,2.455014547181653,4.893179419455191,1.3847437555789985,5.033906973624536,2.068053319636291,1.4303813893323656,1.4418094584216736,1.443526517765285,0.5849202654881185,-2.752675497455958,4.374089489280064,1.414753553583822,-1.5996369914235713,0.3856636983977981,-1.5938610559493365,9.0
ID_1086,-0.603887020708234,0.6222147155635368,-0.3810087211999231,-1.2697412108678772,-0.15105779189909693,1.1437501490243154,-0.9354688951975273,-0.9122171603862802,-0.62655831935096,0.5849202654881185,-0.9606310395327731,-1.3767310278071516,-0.31596357808214603,-0.16301884487491597,-0.08306837165262702,-0.1607581789020407,74000.0
ID_1087,-0.23054519847239607,0.6222147155635368,-0.3810087211999231,-1.2697412108678772,-0.15105779189909693,-0.7048561921996358,-0.9354688951975273,-0.9122171603862802,-0.62655831935096,-1.5114339660212976,-1.5071009583526718,-1.3767310278071516,-0.8928692886374687,-1.024989732804109,0.19912746643895535,-1.0287386380518673,43600.0
ID_1088,-0.8376104898853053,-1.2105851160545795,0.2782647963819663,1.3847437555789985,-0.15105779189909693,-0.7048561921996358,1.4303813893323656,1.4418094584216736,1.443526517765285,0.5849202654881185,0.9991231520972084,0.060974101464652264,1.414753553583822,1.5609229309834705,-0.2393123950027652,1.5669863288684744,170000.0
ID_1089,0.4625183014140505,-1.2105851160545795,0.2782647963819663,1.3847437555789985,-0.15105779189909693,0.21944697841233984,1.4303813893323656,1.4418094584216736,1.443526517765285,0.5849202654881185,1.1875610551385527,0.060974101464652264,1.414753553583822,0.1243047844348151,-1.1560502871081872,0.12963160301589025,150000.0
ID_1090,-0.5812791023102916,0.6222147155635368,-0.3810087211999231,-0.6061199692561582,-0.15105779189909693,1.1437501490243154,-0.6725966413608725,-0.6506586471853965,-0.62655831935096,0.5849202654881185,0.810685249055864,0.060974101464652264,-0.8928692886374687,-0.7376661034943781,0.3617487968646123,-0.7395841905841215,140000.0
ID_1091,2.753683507825741,0.6222147155635368,-0.3810087211999231,-0.6061199692561582,-0.15105779189909693,0.21944697841233984,-0.6725966413608725,-0.6506586471853965,-0.62655831935096,-1.5114339660212976,-0.696817975274891,-1.3767310278071516,-0.31596357808214603,0.9862756723640083,-2.2290322025637495,0.9819549162273242,110000.0
ID_1092,-0.15894886737050795,-1.2105851160545795,-0.3810087211999231,-0.6061199692561582,-0.8917670441167587,1.1437501490243154,-0.6725966413608725,-0.6506586471853965,-0.9222847246532806,-1.5114339660212976,-0.9606310395327731,-1.3767310278071516,-0.8928692886374687,1.5609229309834705,0.48929493837493176,1.5550926436969248,9.0
ID_1093,-0.27060059201886,-1.2105851160545795,0.2782647963819663,1.3847437555789985,-0.15105779189909693,-0.7048561921996358,1.4303813893323656,1.4418094584216736,1.443526517765285,-1.5114339660212976,-0.696817975274891,0.060974101464652264,1.414753553583822,-0.16301884487491597,0.46538003684174956,-0.16592934636793183,70000.0
ID_1094,-0.6904139405499081,0.6222147155635368,-0.3810087211999231,-0.6061199692561582,-0.15105779189909693,-0.7048561921996358,-0.6725966413608725,-0.6506586471853965,-0.9222847246532806,0.5849202654881185,1.375998958179897,0.060974101464652264,-0.31596357808214603,-1.024989732804109,-0.06871943073271414,-1.0258657672374834,130000.0
ID_1095,-0.5453873107879066,0.6222147155635368,-0.3810087211999231,-0.6061199692561582,-0.15105779189909693,-1.6291593628116114,-0.6725966413608725,-0.6506586471853965,-0.3308319140486392,-1.5114339660212976,-1.0736937813575798,-1.3767310278071516,-0.8928692886374687,-1.3123133621138403,-0.10220029287917282,-1.3165715649449965,75000.0
ID_1096,-0.7094420423927561,0.6222147155635368,-0.3810087211999231,-0.6061199692561582,-0.15105779189909693,-0.7048561921996358,-0.6725966413608725,-0.6506586471853965,-0.62655831935096,0.5849202654881185,0.810685249055864,0.060974101464652264,-0.8928692886374687,0.6989520430542773,-0.2903308516068944,0.698776040053497,160000.0
ID_1097,-0.7702713867789371,-1.2105851160545795,-0.3810087211999231,-1.2697412108678772,-0.15105779189909693,-1.6291593628116114,-0.9354688951975273,-0.9122171603862802,-0.9222847246532806,0.5849202654881185,0.24537153993183092,-1.3767310278071516,-0.8928692886374687,-1.024989732804109,-0.06871943073271414,-1.0230790825475309,240000.0
ID_1098,0.631562746555693,-1.2105851160545795,0.2782647963819663,1.3847437555789985,-0.15105779189909693,0.21944697841233984,1.4303813893323656,1.4418094584216736,1.443526517765285,0.5849202654881185,1.375998958179897,0.060974101464652264,1.414753553583822,-0.450342474184647,-0.47686708356573715,-0.44675246847396416,170000.0
ID_1099,-0.7422331620374208,0.6222147155635368,-0.3810087211999231,-0.6061199692561582,-0.15105779189909693,-0.7048561921996358,-0.6725966413608725,-0.3891001339845127,-0.62655831935096,0.5849202654881185,-0.5083800722335465,0.060974101464652264,-0.31596357808214603,1.2735993016737392,0.22623102150989877,1.273292745514002,100000.0
ID_1100,-0.7347210546818074,0.6222147155635368,-0.3810087211999231,-0.9379305900620176,-0.15105779189909693,-0.7048561921996358,-0.9354688951975273,-0.9122171603862802,-0.62655831935096,0.5849202654881185,0.056933636890486534,0.060974101464652264,-0.8928692886374687,-1.3123133621138403,-0.020889627666346104,-1.3098777759474818,98000.0
ID_1101,-0.7104388836180978,0.6222147155635368,0.2782647963819663,1.3847437555789985,-0.15105779189909693,-0.7048561921996358,1.4303813893323656,1.4418094584216736,1.443526517765285,0.5849202654881185,0.24537153993183092,0.060974101464652264,1.414753553583822,-0.16301884487491597,-0.08306837165262702,-0.15733946263292378,140000.0
ID_1102,-0.6609933558771169,0.6222147155635368,-0.3810087211999231,-0.6061199692561582,-0.15105779189909693,1.1437501490243154,-0.6725966413608725,-0.6506586471853965,-0.62655831935096,0.5849202654881185,0.24537153993183092,0.060974101464652264,-0.8928692886374687,-1.3123133621138403,-0.020889627666346104,-1.3112567539383861,110000.0
ID_1103,-0.7104388836180978,0.6222147155635368,0.2782647963819663,1.3847437555789985,-0.15105779189909693,-0.7048561921996358,1.4303813893323656,1.4418094584216736,1.443526517765285,0.5849202654881185,0.24537153993183092,0.060974101464652264,1.414753553583822,-0.16301884487491597,-0.08306837165262702,-0.15840242483424583,120000.0
ID_1104,0.631562746555693,-1.2105851160545795,0.2782647963819663,1.3847437555789985,-0.15105779189909693,0.21944697841233984,1.4303813893323656,1.4418094584216736,1.443526517765285,0.5849202654881185,0.24537153993183092,0.060974101464652264,1.414753553583822,-0.450342474184647,-0.47686708356573715,-0.44666628234953265,150000.0
ID_1105,0.7456432390514247,-1.2105851160545795,0.2782647963819663,1.3847437555789985,-0.15105779189909693,0.21944697841233984,1.4303813893323656,1.4418094584216736,1.443526517765285,0.5849202654881185,0.43380944297317525,0.060974101464652264,1.414753553583822,1.2735993016737392,0.22623102150989877,1.27791806752516,160000.0
ID_1106,-0.8905146711595159,-1.2105851160545795,-0.3810087211999231,-1.2697412108678772,-0.15105779189909693,-1.6291593628116114,-0.9354688951975273,-0.9122171603862802,-0.62655831935096,0.5849202654881185,0.43380944297317525,0.060974101464652264,-0.31596357808214603,1.5609229309834705,-0.2393123950027652,1.5641421867622343,140000.0
ID_1107,2.65258398089979,-1.2105851160545795,0.2782647963819663,1.3847437555789985,-0.15105779189909693,0.21944697841233984,1.4303813893323656,1.4418094584216736,1.443526517765285,-1.5114339660212976,-1.1867565231823862,-1.3767310278071516,1.414753553583822,0.6989520430542773,0.5769829106632773,0.6960468127798323,55000.0
ID_1108,-0.2685958947480072,0.6222147155635368,-0.3810087211999231,-0.6061199692561582,-0.15105779189909693,-0.7048561921996358,-0.6725966413608725,-0.6506586471853965,-0.9222847246532806,-1.5114339660212976,-0.696817975274891,0.060974101464652264,-0.8928692886374687,0.6989520430542773,0.5769829106632773,0.6933463142143114,80000.0
ID_1109,0.5676382377018765,0.6222147155635368,-0.3810087211999231,-0.6061199692561582,-0.15105779189909693,0.21944697841233984,-0.6725966413608725,-0.6506586471853965,-0.62655831935096,0.5849202654881185,-0.3199421691922022,0.060974101464652264,-0.8928692886374687,1.5609229309834705,-0.2393123950027652,1.5612118585315626,110000.0
ID_1110,-0.04590376797071128,0.6222147155635368,-0.3810087211999231,-0.6061199692561582,-0.15105779189909693,-0.7048561921996358,-0.6725966413608725,-0.6506586471853965,-0.62655831935096,-1.5114339660212976,-1.0736937813575798,-1.3767310278071516,-0.8928692886374687,0.4116284137445462,-1.5466603454835397,0.40628906244106583,70000.0
ID_1111,-0.6082378746751949,0.6222147155635368,-0.3810087211999231,-0.9379305900620176,-0.15105779189909693,1.1437501490243154,-0.9354688951975273,-0.9122171603862802,-0.9222847246532806,0.5849202654881185,1.752874764262586,0.060974101464652264,-0.31596357808214603,-0.450342474184647,-0.47686708356573715,-0.4486485632114576,180000.0
ID_1112,-0.8574702106509521,-1.2105851160545795,0.2782647963819663,1.3847437555789985,-0.15105779189909693,-1.6291593628116114,1.4303813893323656,1.4418094584216736,1.443526517765285,0.5849202654881185,0.43380944297317525,0.060974101464652264,1.414753553583822,-1.5996369914235713,0.3856636983977981,-1.594148343030775,67000.0
ID_1113,2.075313778045436,0.6222147155635368,-0.3810087211999231,-0.9379305900620176,-0.15105779189909693,0.21944697841233984,-0.9354688951975273,-0.9122171603862802,-0.62655831935096,-1.5114339660212976,-1.0360062007493107,0.060974101464652264,-0.8928692886374687,0.1243047844348151,5.06660709182652,0.12017985803656701,64000.0
ID_1114,0.7381696835664046,0.6222147155635368,-0.3810087211999231,-0.6061199692561582,-0.15105779189909693,0.21944697841233984,-0.6725966413608725,-0.6506586471853965,-0.62655831935096,0.5849202654881185,0.6222473460145197,0.060974101464652264,-0.31596357808214603,0.4116284137445462,0.5291531075969093,0.4115176873232447,91000.0
ID_1115,0.4625183014140505,-1.2105851160545795,0.2782647963819663,1.3847437555789985,-0.15105779189909693,0.21944697841233984,1.4303813893323656,1.4418094584216736,1.443526517765285,0.5849202654881185,0.9991231520972084,0.060974101464652264,1.414753553583822,0.1243047844348151,-1.1560502871081872,0.1294592307670272,150000.0
ID_1116,-0.23054519847239607,0.6222147155635368,-0.3810087211999231,-0.6061199692561582,-0.15105779189909693,-0.7048561921996358,-0.6725966413608725,-0.6506586471853965,-0.62655831935096,-1.5114339660212976,-0.696817975274891,0.060974101464652264,-0.8928692886374687,-1.024989732804109,0.19912746643895535,-1.0298016002531893,64000.0
ID_1117,-0.6609933558771169,0.6222147155635368,-0.3810087211999231,-0.6061199692561582,-0.15105779189909693,1.1437501490243154,-0.14685213368756297,-0.6506586471853965,-0.9222847246532806,0.5849202654881185,0.24537153993183092,0.060974101464652264,-0.8928692886374687,-1.3123133621138403,-0.020889627666346104,-1.3141008960446263,120000.0
ID_1118,2.3949142926741804,-1.2105851160545795,0.2782647963819663,1.3847437555789985,-0.15105779189909693,0.21944697841233984,1.4303813893323656,1.4418094584216736,1.443526517765285,-1.5114339660212976,-0.696817975274891,0.060974101464652264,1.414753553583822,-1.5996369914235713,-1.1464843264949127,-1.602709498057639,49900.0
ID_1119,0.801703166304203,0.6222147155635368,-0.3810087211999231,-0.6061199692561582,-0.15105779189909693,0.21944697841233984,-0.6725966413608725,-0.3891001339845127,-0.62655831935096,0.5849202654881185,2.1297505703452746,0.060974101464652264,-0.8928692886374687,0.9862756723640083,0.9341121068921712,0.9843968564195507,170000.0
ID_1120,0.631562746555693,-1.2105851160545795,0.2782647963819663,1.3847437555789985,-0.15105779189909693,0.21944697841233984,1.4303813893323656,1.4418094584216736,1.443526517765285,0.5849202654881185,0.24537153993183092,0.060974101464652264,1.414753553583822,-0.450342474184647,-0.47686708356573715,-0.4459193359377928,120000.0
ID_1121,-0.5249438045532752,0.6222147155635368,-0.3810087211999231,-0.6061199692561582,-0.15105779189909693,-0.7048561921996358,-0.6725966413608725,-0.6506586471853965,-0.62655831935096,-1.5114339660212976,-0.696817975274891,0.060974101464652264,-0.8928692886374687,1.5609229309834705,0.48929493837493176,1.5551501011132125,83000.0
ID_1122,-0.5951963275944817,-1.2105851160545795,0.2782647963819663,1.3847437555789985,-0.15105779189909693,1.1437501490243154,1.4303813893323656,1.4418094584216736,1.443526517765285,0.5849202654881185,0.6222473460145197,0.060974101464652264,1.414753553583822,0.9862756723640083,0.9341121068921712,0.9897978535505925,150000.0
ID_1123,-0.8376104898853053,-1.2105851160545795,0.2782647963819663,1.3847437555789985,-0.15105779189909693,-0.7048561921996358,1.4303813893323656,1.4418094584216736,1.443526517765285,0.5849202654881185,0.6222473460145197,0.060974101464652264,1.414753553583822,1.5609229309834705,-0.2393123950027652,1.567216158533625,130000.0
ID_1124,-0.6662088732273852,0.6222147155635368,-0.3810087211999231,-0.6061199692561582,-0.15105779189909693,1.1437501490243154,-0.6725966413608725,-0.6506586471853965,-0.62655831935096,0.5849202654881185,-0.3199421691922022,-1.3767310278071516,-0.31596357808214603,0.1243047844348151,-1.1560502871081872,0.1211853628216014,160000.0
ID_1125,-0.06619306672296948,0.6222147155635368,-0.3810087211999231,-0.6061199692561582,-0.8917670441167587,0.21944697841233984,-0.6725966413608725,-0.6506586471853965,-0.62655831935096,-1.5114339660212976,-0.5083800722335465,0.060974101464652264,-0.8928692886374687,-0.450342474184647,1.559088200292738,-0.4546241345053762,9.0
ID_1126,0.9328951819332859,0.6222147155635368,-0.3810087211999231,-0.6061199692561582,-0.15105779189909693,0.21944697841233984,-0.6725966413608725,-0.6506586471853965,-0.62655831935096,0.5849202654881185,0.810685249055864,0.060974101464652264,-0.31596357808214603,-1.024989732804109,-0.06871943073271414,-1.0239696724999898,140000.0
ID_1127,0.631562746555693,-1.2105851160545795,0.2782647963819663,1.3847437555789985,-0.15105779189909693,0.21944697841233984,1.4303813893323656,1.4418094584216736,1.443526517765285,0.5849202654881185,0.6222473460145197,0.060974101464652264,1.414753553583822,-0.450342474184647,-0.47686708356573715,-0.4464651813925258,110000.0
ID_1128,-0.6662088732273852,0.6222147155635368,-0.3810087211999231,-0.6061199692561582,-0.15105779189909693,1.1437501490243154,-0.6725966413608725,-0.6506586471853965,-0.9222847246532806,0.5849202654881185,-0.696817975274891,0.060974101464652264,-0.31596357808214603,0.1243047844348151,-1.1560502871081872,0.12121409152974523,110000.0
ID_1129,-0.30013683230343124,-1.2105851160545795,-0.3810087211999231,-0.6061199692561582,-0.15105779189909693,-0.7048561921996358,-0.6725966413608725,-0.6506586471853965,-0.62655831935096,-1.5114339660212976,-0.696817975274891,0.060974101464652264,-0.8928692886374687,0.9862756723640083,-2.2290322025637495,0.9812366985237283,90000.0
ID_1130,-0.8574702106509521,0.6222147155635368,-0.3810087211999231,-0.6061199692561582,-0.15105779189909693,-1.6291593628116114,-0.6725966413608725,-0.3891001339845127,-0.62655831935096,0.5849202654881185,-0.5083800722335465,0.060974101464652264,-0.8928692886374687,-1.5996369914235713,0.3856636983977981,-1.5985151066686385,67000.0
ID_1131,-0.46644409463294784,0.6222147155635368,-0.3810087211999231,-0.6061199692561582,-0.15105779189909693,-1.6291593628116114,-0.6725966413608725,-0.6506586471853965,-0.62655831935096,-1.5114339660212976,-1.0360062007493107,-1.3767310278071516,-0.8928692886374687,0.4116284137445462,-1.5466603454835397,0.40723710980981254,71000.0
ID_1132,-0.7094420423927561,0.6222147155635368,-0.3810087211999231,-0.6061199692561582,-0.15105779189909693,-0.7048561921996358,-0.6725966413608725,-0.6506586471853965,-0.62655831935096,0.5849202654881185,1.9413126673039303,0.060974101464652264,-0.31596357808214603,0.6989520430542773,-0.2903308516068944,0.6975407056033119,210000.0
ID_1133,0.9328951819332859,0.6222147155635368,0.2782647963819663,1.3847437555789985,-0.15105779189909693,0.21944697841233984,1.4303813893323656,1.4418094584216736,1.443526517765285,0.5849202654881185,1.5644368612212416,0.060974101464652264,1.414753553583822,-1.024989732804109,-0.06871943073271414,-1.0215277323077636,170000.0
ID_1134,-0.7479939129860804,0.6222147155635368,-0.3810087211999231,-0.6061199692561582,-0.15105779189909693,-0.7048561921996358,-0.6725966413608725,-0.6506586471853965,-0.62655831935096,0.5849202654881185,1.375998958179897,0.060974101464652264,-0.8928692886374687,-0.450342474184647,-0.47686708356573715,-0.4509181311548209,140000.0
ID_1135,-0.3341836414474214,-1.2105851160545795,-0.3810087211999231,-0.6061199692561582,-0.15105779189909693,-0.7048561921996358,-0.6725966413608725,-0.6506586471853965,-0.9222847246532806,-1.5114339660212976,-0.5083800722335465,0.060974101464652264,-0.8928692886374687,1.2735993016737392,-0.7128274453598268,1.267920477091104,85000.0
ID_1136,0.6223158050233801,0.6222147155635368,-0.3810087211999231,-0.6061199692561582,-0.15105779189909693,0.21944697841233984,-0.6725966413608725,-0.6506586471853965,-0.62655831935096,0.5849202654881185,0.810685249055864,0.060974101464652264,-0.31596357808214603,-1.5996369914235713,0.3856636983977981,-1.6006410310712826,120000.0
ID_1137,-0.7094420423927561,0.6222147155635368,-0.3810087211999231,-0.6061199692561582,-0.15105779189909693,-0.7048561921996358,-0.6725966413608725,-0.6506586471853965,-0.9222847246532806,0.5849202654881185,0.43380944297317525,0.060974101464652264,-0.31596357808214603,0.6989520430542773,-0.2903308516068944,0.6976556204358874,130000.0
ID_1138,-1.095208581779814,2.455014547181653,4.893179419455191,1.3847437555789985,5.033906973624536,2.068053319636291,1.4303813893323656,1.4418094584216736,1.443526517765285,-1.5114339660212976,-2.752675497455958,4.374089489280064,1.414753553583822,1.5609229309834705,0.48929493837493176,1.5596030508755077,9.0
ID_1139,-0.11025234740105451,0.6222147155635368,-0.3810087211999231,-0.6061199692561582,-0.15105779189909693,-0.7048561921996358,-0.6725966413608725,-0.6506586471853965,-0.9222847246532806,-1.5114339660212976,-0.5083800722335465,0.060974101464652264,-0.8928692886374687,0.6989520430542773,0.5769829106632773,0.6935474151713182,85000.0
ID_1140,-0.6302675150142374,0.6222147155635368,-0.3810087211999231,-0.6061199692561582,-0.15105779189909693,1.1437501490243154,-0.6725966413608725,-0.3891001339845127,-0.9222847246532806,0.5849202654881185,0.43380944297317525,0.060974101464652264,-0.31596357808214603,0.6989520430542773,-0.2903308516068944,0.6965639295264214,140000.0
ID_1141,-0.7036812914440965,-1.2105851160545795,-0.3810087211999231,-1.2697412108678772,-0.15105779189909693,-0.7048561921996358,-0.9354688951975273,-0.9122171603862802,-0.62655831935096,0.5849202654881185,0.24537153993183092,0.060974101464652264,-0.8928692886374687,0.4116284137445462,0.5291531075969093,0.41384471268289563,71000.0
ID_1142,0.751150649136185,0.6222147155635368,-0.3810087211999231,-1.2697412108678772,-0.15105779189909693,0.21944697841233984,-0.9354688951975273,-0.9122171603862802,-0.9222847246532806,0.5849202654881185,0.24537153993183092,0.060974101464652264,-0.8928692886374687,0.6989520430542773,-0.2903308516068944,0.7017063682841687,130000.0
ID_1143,-0.7252097574654258,0.6222147155635368,-0.3810087211999231,-0.6061199692561582,-0.15105779189909693,-0.7048561921996358,-0.6725966413608725,-0.6506586471853965,-0.62655831935096,0.5849202654881185,1.1875610551385527,0.060974101464652264,-0.8928692886374687,0.9862756723640083,0.9341121068921712,0.9858045631185988,170000.0
ID_1144,0.631562746555693,0.6222147155635368,-0.3810087211999231,-0.6061199692561582,-0.15105779189909693,0.21944697841233984,-0.6725966413608725,-0.6506586471853965,-0.62655831935096,0.5849202654881185,0.810685249055864,0.060974101464652264,-0.8928692886374687,-0.450342474184647,-0.47686708356573715,-0.45074575890595786,140000.0
ID_1145,0.7456432390514247,0.6222147155635368,-0.3810087211999231,0.05750127235556074,-0.15105779189909693,0.21944697841233984,-0.6725966413608725,-0.6506586471853965,-0.62655831935096,0.5849202654881185,-0.3199421691922022,0.060974101464652264,-0.31596357808214603,1.2735993016737392,0.22623102150989877,1.2743844364234678,110000.0
ID_1146,-0.5249438045532752,0.6222147155635368,-0.3810087211999231,-0.6061199692561582,-0.8917670441167587,-0.7048561921996358,-0.6725966413608725,-0.6506586471853965,-0.62655831935096,-1.5114339660212976,-0.696817975274891,0.060974101464652264,-0.8928692886374687,1.5609229309834705,0.48929493837493176,1.555609760443514,9.0
ID_1147,-0.7389782826773273,0.6222147155635368,-0.3810087211999231,-0.6061199692561582,-0.15105779189909693,-0.7048561921996358,-0.6725966413608725,-0.6506586471853965,-0.62655831935096,0.5849202654881185,0.056933636890486534,0.060974101464652264,-0.8928692886374687,-0.7376661034943781,0.3617487968646123,-0.7374008087651897,92000.0
ID_1148,0.751150649136185,0.6222147155635368,-0.3810087211999231,-0.9379305900620176,-0.15105779189909693,0.21944697841233984,-0.9354688951975273,-0.9122171603862802,-0.9222847246532806,0.5849202654881185,0.810685249055864,0.060974101464652264,-0.8928692886374687,0.6989520430542773,-0.2903308516068944,0.701103065413148,84000.0
ID_1149,0.4625183014140505,0.6222147155635368,-0.3810087211999231,-1.2697412108678772,-0.15105779189909693,0.21944697841233984,-0.9354688951975273,-0.9122171603862802,-0.62655831935096,0.5849202654881185,0.056933636890486534,0.060974101464652264,-0.8928692886374687,0.1243047844348151,-1.1560502871081872,0.12681618961779395,180000.0
ID_1150,0.801703166304203,0.6222147155635368,-0.3810087211999231,-0.6061199692561582,-0.15105779189909693,0.21944697841233984,-0.6725966413608725,-0.6506586471853965,-0.62655831935096,0.5849202654881185,1.752874764262586,0.060974101464652264,-0.8928692886374687,0.9862756723640083,0.9341121068921712,0.9865227808221948,180000.0
ID_1151,-0.6012820157381421,-1.2105851160545795,0.2782647963819663,1.3847437555789985,-0.15105779189909693,1.1437501490243154,1.4303813893323656,1.4418094584216736,1.443526517765285,0.5849202654881185,0.24537153993183092,0.060974101464652264,1.414753553583822,1.2735993016737392,0.22623102150989877,1.2774009507785709,130000.0
ID_1152,-0.6307521671016962,0.6222147155635368,0.2782647963819663,1.3847437555789985,-0.15105779189909693,-1.6291593628116114,1.4303813893323656,1.4418094584216736,1.443526517765285,-1.5114339660212976,-0.9229434589245042,-1.3767310278071516,1.414753553583822,1.5609229309834705,0.48929493837493176,1.5578793283868773,78000.0
ID_1153,0.4625183014140505,-1.2105851160545795,0.2782647963819663,1.3847437555789985,-0.15105779189909693,0.21944697841233984,1.4303813893323656,1.4418094584216736,1.443526517765285,0.5849202654881185,0.24537153993183092,0.060974101464652264,1.414753553583822,0.1243047844348151,-1.1560502871081872,0.1274194924888146,120000.0
ID_1154,-0.7389782826773273,0.6222147155635368,-0.3810087211999231,-0.6061199692561582,-0.15105779189909693,-0.7048561921996358,-0.6725966413608725,-0.6506586471853965,-0.62655831935096,0.5849202654881185,0.056933636890486534,0.060974101464652264,-0.31596357808214603,-0.7376661034943781,0.3617487968646123,-0.7367113197697375,71000.0
ID_1155,-0.7347210546818074,-1.2105851160545795,-0.3810087211999231,-0.6061199692561582,-0.15105779189909693,-0.7048561921996358,-0.6725966413608725,-0.6506586471853965,-0.62655831935096,0.5849202654881185,0.24537153993183092,0.060974101464652264,-0.8928692886374687,-1.3123133621138403,-0.020889627666346104,-1.3126357319292905,71000.0
ID_1156,-0.34419611298151626,-1.2105851160545795,-0.3810087211999231,-0.6061199692561582,-0.15105779189909693,-0.7048561921996358,-0.6725966413608725,-0.6506586471853965,-0.62655831935096,-1.5114339660212976,-0.8852558783162353,-1.3767310278071516,-0.8928692886374687,-1.5996369914235713,-1.1464843264949127,-1.6041459334648311,63000.0
ID_1157,-0.8478322430026209,0.6222147155635368,-0.3810087211999231,-0.6061199692561582,-0.15105779189909693,-1.6291593628116114,-0.6725966413608725,-0.6506586471853965,-0.3308319140486392,0.5849202654881185,0.24537153993183092,0.060974101464652264,-0.31596357808214603,-1.3123133621138403,-0.020889627666346104,-1.3135837792980372,98000.0
ID_1158,-0.7252097574654258,0.6222147155635368,-0.3810087211999231,-0.6061199692561582,-0.8917670441167587,-0.7048561921996358,-0.6725966413608725,-0.6506586471853965,-0.62655831935096,0.5849202654881185,0.24537153993183092,0.060974101464652264,-0.8928692886374687,0.9862756723640083,0.9341121068921712,0.986120578908181,9.0
ID_1159,-0.5980932252990657,0.6222147155635368,-0.3810087211999231,0.05750127235556074,-0.15105779189909693,1.1437501490243154,-0.14685213368756297,-0.6506586471853965,-0.9222847246532806,0.5849202654881185,0.056933636890486534,0.060974101464652264,-0.31596357808214603,0.4116284137445462,0.5291531075969093,0.40939176292060053,130000.0
ID_1160,0.6223158050233801,0.6222147155635368,-0.3810087211999231,-0.6061199692561582,-0.15105779189909693,0.21944697841233984,-0.6725966413608725,-0.6506586471853965,-0.62655831935096,0.5849202654881185,1.752874764262586,0.060974101464652264,-0.31596357808214603,-1.5996369914235713,0.3856636983977981,-1.5983427344197756,150000.0
ID_1161,-0.5812791023102916,0.6222147155635368,-0.3810087211999231,-0.6061199692561582,-0.15105779189909693,1.1437501490243154,-0.6725966413608725,-0.3891001339845127,-0.9222847246532806,0.5849202654881185,-0.3199421691922022,0.060974101464652264,-0.31596357808214603,-0.7376661034943781,0.3617487968646123,-0.7399576637899914,74000.0
ID_1162,-0.8879812625205259,0.6222147155635368,-0.3810087211999231,-1.2697412108678772,-0.15105779189909693,-1.6291593628116114,-0.9354688951975273,-0.9122171603862802,-0.9222847246532806,0.5849202654881185,-0.3199421691922022,-1.3767310278071516,-0.8928692886374687,0.1243047844348151,-1.1560502871081872,0.12627034416306102,98000.0
ID_1163,-0.5980932252990657,-1.2105851160545795,-0.3810087211999231,0.05750127235556074,-0.15105779189909693,1.1437501490243154,-0.14685213368756297,-0.6506586471853965,-0.62655831935096,0.5849202654881185,-0.13150426615085783,0.060974101464652264,-0.8928692886374687,0.4116284137445462,0.5291531075969093,0.40956413516946355,160000.0
ID_1164,2.753683507825741,0.6222147155635368,-0.3810087211999231,-0.6061199692561582,-0.15105779189909693,0.21944697841233984,-0.6725966413608725,-0.6506586471853965,-0.62655831935096,-1.5114339660212976,-0.3199421691922022,0.060974101464652264,-0.8928692886374687,0.9862756723640083,-2.2290322025637495,0.9818687301028928,84000.0
ID_1165,-0.5812791023102916,0.6222147155635368,-0.3810087211999231,0.05750127235556074,-0.15105779189909693,1.1437501490243154,-0.6725966413608725,-0.6506586471853965,-0.62655831935096,0.5849202654881185,0.24537153993183092,0.060974101464652264,-0.8928692886374687,-0.7376661034943781,0.3617487968646123,-0.7369986068511759,130000.0
ID_1166,0.6223158050233801,-1.2105851160545795,-0.3810087211999231,-0.2743093484502987,-0.15105779189909693,0.21944697841233984,-0.6725966413608725,-0.6506586471853965,-0.62655831935096,0.5849202654881185,0.810685249055864,0.060974101464652264,-0.31596357808214603,-1.5996369914235713,0.3856636983977981,-1.5978256176731864,98000.0
ID_1167,-0.8707816208258186,-1.2105851160545795,-0.3810087211999231,-0.6061199692561582,-0.15105779189909693,-1.6291593628116114,-0.6725966413608725,-0.6506586471853965,-0.9222847246532806,0.5849202654881185,0.43380944297317525,0.060974101464652264,-0.31596357808214603,1.2735993016737392,0.22623102150989877,1.2749877392944884,180000.0
ID_1168,-0.06619306672296948,-1.2105851160545795,-0.3810087211999231,-1.2697412108678772,-0.15105779189909693,1.1437501490243154,-0.9354688951975273,-0.9122171603862802,-0.62655831935096,-1.5114339660212976,-1.2432878940947896,-1.3767310278071516,-0.31596357808214603,-0.450342474184647,1.559088200292738,-0.4542506612995063,58000.0
ID_1169,-0.34569963593465586,-1.2105851160545795,0.2782647963819663,1.3847437555789985,-0.15105779189909693,-0.7048561921996358,1.4303813893323656,1.4418094584216736,1.443526517765285,-1.5114339660212976,-0.5083800722335465,0.060974101464652264,1.414753553583822,-0.450342474184647,1.559088200292738,-0.4532164278063281,87000.0
ID_1170,0.801703166304203,0.6222147155635368,-0.3810087211999231,-1.2697412108678772,-0.15105779189909693,0.21944697841233984,-0.9354688951975273,-0.9122171603862802,-0.62655831935096,0.5849202654881185,1.1875610551385527,0.060974101464652264,-0.31596357808214603,0.9862756723640083,0.9341121068921712,0.9891945506795718,170000.0
ID_1171,-0.23054519847239607,-1.2105851160545795,-0.3810087211999231,-0.6061199692561582,-0.15105779189909693,-0.7048561921996358,-0.6725966413608725,-0.6506586471853965,-0.62655831935096,-1.5114339660212976,-0.696817975274891,0.060974101464652264,-0.8928692886374687,-1.024989732804109,0.19912746643895535,-1.0301176160427716,64000.0
ID_1172,0.631562746555693,0.6222147155635368,-0.3810087211999231,0.05750127235556074,-0.15105779189909693,0.21944697841233984,-0.6725966413608725,-0.6506586471853965,-0.62655831935096,0.5849202654881185,0.9991231520972084,0.060974101464652264,-0.8928692886374687,-0.450342474184647,-0.47686708356573715,-0.4491656799580467,93000.0
ID_1173,-0.4528462991336738,0.6222147155635368,-0.3810087211999231,-1.2697412108678772,-0.15105779189909693,-0.7048561921996358,-0.9354688951975273,-0.9122171603862802,-0.62655831935096,-1.5114339660212976,-0.9040996686203697,0.060974101464652264,-0.8928692886374687,0.1243047844348151,5.06660709182652,0.1202373154528547,76000.0
ID_1174,-0.6082378746751949,2.455014547181653,4.893179419455191,1.3847437555789985,5.033906973624536,2.068053319636291,1.4303813893323656,1.4418094584216736,1.443526517765285,0.5849202654881185,-2.752675497455958,4.374089489280064,1.414753553583822,-0.450342474184647,-0.47686708356573715,-0.44502874598533376,9.0
ID_1175,0.6223158050233801,0.6222147155635368,0.2782647963819663,1.3847437555789985,-0.15105779189909693,0.21944697841233984,1.4303813893323656,1.4418094584216736,1.443526517765285,0.5849202654881185,1.752874764262586,0.060974101464652264,1.414753553583822,-1.5996369914235713,0.3856636983977981,-1.5955560497298231,180000.0
ID_1176,-0.8376104898853053,0.6222147155635368,-0.3810087211999231,-0.6061199692561582,-0.15105779189909693,-0.7048561921996358,-0.6725966413608725,-0.3891001339845127,-0.9222847246532806,0.5849202654881185,0.24537153993183092,0.060974101464652264,-0.8928692886374687,1.5609229309834705,-0.2393123950027652,1.5621886346084533,100000.0
ID_1177,-0.7389782826773273,0.6222147155635368,0.2782647963819663,1.3847437555789985,-0.15105779189909693,-0.7048561921996358,1.4303813893323656,1.4418094584216736,1.443526517765285,0.5849202654881185,0.6222473460145197,0.060974101464652264,1.414753553583822,-0.7376661034943781,0.3617487968646123,-0.7324307422563053,140000.0
ID_1178,-0.2685958947480072,0.6222147155635368,-0.3810087211999231,-1.2697412108678772,-0.15105779189909693,-0.7048561921996358,-0.9354688951975273,-0.9122171603862802,-0.62655831935096,-1.5114339660212976,-1.0736937813575798,-1.3767310278071516,-0.8928692886374687,0.6989520430542773,0.5769829106632773,0.6947827496215033,66000.0
ID_1179,-1.095208581779814,2.455014547181653,4.893179419455191,1.3847437555789985,5.033906973624536,2.068053319636291,1.4303813893323656,1.4418094584216736,1.443526517765285,-1.5114339660212976,-2.752675497455958,4.374089489280064,1.414753553583822,1.5609229309834705,0.48929493837493176,1.55917212025335,9.0
ID_1180,2.098301707739227,0.6222147155635368,-0.3810087211999231,-0.9379305900620176,-0.15105779189909693,0.21944697841233984,-0.9354688951975273,-0.9122171603862802,-0.62655831935096,-1.5114339660212976,-0.13150426615085783,0.060974101464652264,-0.31596357808214603,-1.3123133621138403,-0.10220029287917282,-1.3158820759495444,76000.0
ID_1181,-0.6662088732273852,-1.2105851160545795,0.2782647963819663,1.3847437555789985,-0.15105779189909693,1.1437501490243154,1.4303813893323656,1.4418094584216736,1.443526517765285,0.5849202654881185,0.056933636890486534,0.060974101464652264,1.414753553583822,0.1243047844348151,-1.1560502871081872,0.12756313602953379,160000.0
ID_1182,-0.5951963275944817,-1.2105851160545795,-0.3810087211999231,0.05750127235556074,-0.15105779189909693,1.1437501490243154,-0.14685213368756297,-0.6506586471853965,-0.62655831935096,0.5849202654881185,0.24537153993183092,0.060974101464652264,-0.8928692886374687,0.9862756723640083,0.9341121068921712,0.984684143500989,140000.0
ID_1183,-0.4848057998555397,0.6222147155635368,-0.3810087211999231,-1.2697412108678772,-0.15105779189909693,-1.6291593628116114,-0.9354688951975273,-0.9122171603862802,-0.62655831935096,-1.5114339660212976,-0.696817975274891,-1.3767310278071516,-0.8928692886374687,0.6989520430542773,0.5769829106632773,0.6949263931622226,75000.0
ID_1184,2.2855536506210883,-1.2105851160545795,0.2782647963819663,1.3847437555789985,-0.15105779189909693,0.21944697841233984,1.4303813893323656,1.4418094584216736,1.443526517765285,-1.5114339660212976,-0.3199421691922022,0.060974101464652264,1.414753553583822,1.5609229309834705,0.48929493837493176,1.557563312597295,89000.0
ID_1185,-0.7252097574654258,-1.2105851160545795,0.2782647963819663,1.3847437555789985,-0.15105779189909693,-0.7048561921996358,1.4303813893323656,1.4418094584216736,1.443526517765285,0.5849202654881185,-0.5083800722335465,0.060974101464652264,1.414753553583822,0.9862756723640083,0.9341121068921712,0.9899414970913116,120000.0
ID_1186,0.801703166304203,0.6222147155635368,-0.3810087211999231,-0.6061199692561582,-0.15105779189909693,0.21944697841233984,-0.6725966413608725,-0.6506586471853965,-0.62655831935096,0.5849202654881185,1.1875610551385527,0.060974101464652264,-0.8928692886374687,0.9862756723640083,0.9341121068921712,0.9872409985257907,170000.0
ID_1187,0.631562746555693,0.6222147155635368,-0.3810087211999231,0.05750127235556074,-0.15105779189909693,0.21944697841233984,-0.6725966413608725,-0.6506586471853965,-0.9222847246532806,0.5849202654881185,1.1875610551385527,0.060974101464652264,-0.31596357808214603,-0.450342474184647,-0.47686708356573715,-0.45203855077243066,140000.0
ID_1188,-0.6012820157381421,-1.2105851160545795,0.2782647963819663,1.3847437555789985,-0.15105779189909693,1.1437501490243154,1.4303813893323656,1.4418094584216736,1.443526517765285,0.5849202654881185,1.1875610551385527,0.060974101464652264,1.414753553583822,1.2735993016737392,0.22623102150989877,1.2777744239844409,260000.0
ID_1189,-0.4528462991336738,0.6222147155635368,-0.3810087211999231,-0.6061199692561582,-0.15105779189909693,-0.7048561921996358,-0.6725966413608725,-0.6506586471853965,-0.62655831935096,-1.5114339660212976,-0.5083800722335465,0.060974101464652264,-0.8928692886374687,0.1243047844348151,5.06660709182652,0.11900198100266958,83000.0
ID_1190,0.4625183014140505,-1.2105851160545795,0.2782647963819663,1.3847437555789985,-0.15105779189909693,0.21944697841233984,1.4303813893323656,1.4418094584216736,1.443526517765285,0.5849202654881185,0.6222473460145197,0.060974101464652264,1.414753553583822,0.1243047844348151,-1.1560502871081872,0.12905702885301346,99000.0
ID_1191,-0.30013683230343124,-1.2105851160545795,-0.3810087211999231,-1.2697412108678772,-0.15105779189909693,-0.7048561921996358,-0.9354688951975273,-0.9122171603862802,-0.62655831935096,-1.5114339660212976,-0.696817975274891,-1.3767310278071516,-0.8928692886374687,0.9862756723640083,-2.2290322025637495,0.9823283894331941,81000.0
ID_1192,-0.8221346675471279,0.6222147155635368,-0.3810087211999231,-1.2697412108678772,-0.15105779189909693,-1.6291593628116114,-0.9354688951975273,-0.9122171603862802,-0.62655831935096,0.5849202654881185,0.24537153993183092,0.060974101464652264,-0.31596357808214603,0.9862756723640083,0.9341121068921712,0.9879592162293868,160000.0
ID_1193,-1.095208581779814,2.455014547181653,4.893179419455191,1.3847437555789985,5.033906973624536,2.068053319636291,1.4303813893323656,1.4418094584216736,1.443526517765285,-1.5114339660212976,-2.752675497455958,4.374089489280064,1.414753553583822,1.5609229309834705,0.48929493837493176,1.5586837322149047,9.0
ID_1194,0.751150649136185,-1.2105851160545795,0.2782647963819663,1.3847437555789985,-0.15105779189909693,0.21944697841233984,1.4303813893323656,1.4418094584216736,1.443526517765285,0.5849202654881185,0.810685249055864,0.060974101464652264,1.414753553583822,0.6989520430542773,-0.2903308516068944,0.7029417027343539,98000.0
ID_1195,-0.32767388272723436,0.6222147155635368,-0.3810087211999231,-0.2743093484502987,-0.15105779189909693,-0.7048561921996358,-0.6725966413608725,-0.6506586471853965,-0.62655831935096,-1.5114339660212976,-0.9229434589245042,0.060974101464652264,-0.8928692886374687,-0.7376661034943781,-1.0014005905269243,-0.7419112159437725,57000.0
ID_1196,0.7381696835664046,0.6222147155635368,-0.3810087211999231,-0.6061199692561582,-0.15105779189909693,0.21944697841233984,-0.6725966413608725,-0.6506586471853965,-0.62655831935096,0.5849202654881185,0.24537153993183092,0.060974101464652264,-0.8928692886374687,0.4116284137445462,0.5291531075969093,0.41042599641377875,99000.0
ID_1197,-0.7422331620374208,-1.2105851160545795,0.2782647963819663,1.3847437555789985,-0.15105779189909693,-0.7048561921996358,1.4303813893323656,1.4418094584216736,1.443526517765285,0.5849202654881185,0.6222473460145197,0.060974101464652264,1.414753553583822,1.2735993016737392,0.22623102150989877,1.2785788278124683,120000.0
ID_1198,-0.8221346675471279,-1.2105851160545795,0.2782647963819663,1.3847437555789985,-0.15105779189909693,-1.6291593628116114,1.4303813893323656,1.4418094584216736,1.443526517765285,0.5849202654881185,0.43380944297317525,0.060974101464652264,1.414753553583822,0.9862756723640083,0.9341121068921712,0.9901425980483185,240000.0
ID_1199,-0.3341836414474214,-1.2105851160545795,-0.3810087211999231,-0.6061199692561582,-0.15105779189909693,-0.7048561921996358,-0.6725966413608725,-0.6506586471853965,-0.3308319140486392,-1.5114339660212976,-0.696817975274891,0.060974101464652264,-0.8928692886374687,1.2735993016737392,-0.7128274453598268,1.26789174838296,80000.0
ID_1200,-0.8574702106509521,-1.2105851160545795,0.2782647963819663,1.3847437555789985,-0.15105779189909693,-1.6291593628116114,1.4303813893323656,1.4418094584216736,1.443526517765285,0.5849202654881185,0.43380944297317525,0.060974101464652264,1.414753553583822,-1.5996369914235713,0.3856636983977981,-1.5953549487728163,67000.0
ID_1201,-0.5951963275944817,0.6222147155635368,-0.3810087211999231,-0.6061199692561582,-0.15105779189909693,1.1437501490243154,-0.6725966413608725,-0.6506586471853965,-0.62655831935096,0.5849202654881185,0.056933636890486534,-1.3767310278071516,-0.8928692886374687,0.9862756723640083,0.9341121068921712,0.9841670267543999,92000.0
ID_1202,2.2855536506210883,0.6222147155635368,-0.3810087211999231,-1.2697412108678772,-0.8917670441167587,0.21944697841233984,-0.9354688951975273,-0.9122171603862802,-0.62655831935096,-1.5114339660212976,-0.3199421691922022,0.060974101464652264,-0.8928692886374687,1.5609229309834705,0.48929493837493176,1.5571611106832812,9.0
ID_1203,-0.8879812625205259,-1.2105851160545795,-0.3810087211999231,-0.6061199692561582,-0.15105779189909693,-1.6291593628116114,0.11602012014909178,-0.6506586471853965,-0.62655831935096,0.5849202654881185,0.24537153993183092,0.060974101464652264,-0.8928692886374687,0.1243047844348151,-1.1560502871081872,0.12213341019034811,130000.0
ID_1204,-0.5249438045532752,-1.2105851160545795,-0.3810087211999231,-0.6061199692561582,-0.8917670441167587,-0.7048561921996358,-0.6725966413608725,-0.6506586471853965,-0.9222847246532806,-1.5114339660212976,-0.696817975274891,0.060974101464652264,-0.8928692886374687,1.5609229309834705,0.48929493837493176,1.5562417920226783,9.0
ID_1205,-0.7389782826773273,0.6222147155635368,-0.3810087211999231,-0.6061199692561582,-0.15105779189909693,-0.7048561921996358,-0.6725966413608725,-0.6506586471853965,-0.9222847246532806,0.5849202654881185,0.056933636890486534,0.060974101464652264,-0.8928692886374687,-0.7376661034943781,0.3617487968646123,-0.7375444523059088,110000.0
ID_1206,-0.8478322430026209,0.6222147155635368,-0.3810087211999231,-0.6061199692561582,-0.15105779189909693,-1.6291593628116114,-0.6725966413608725,-0.6506586471853965,-0.62655831935096,0.5849202654881185,0.43380944297317525,0.060974101464652264,-0.8928692886374687,-1.3123133621138403,-0.020889627666346104,-1.3108258233162287,110000.0
ID_1207,-0.27060059201886,-1.2105851160545795,-0.3810087211999231,-1.2697412108678772,-0.15105779189909693,-0.7048561921996358,-0.9354688951975273,-0.9122171603862802,-0.3308319140486392,-1.5114339660212976,-0.3199421691922022,0.060974101464652264,-0.8928692886374687,-0.16301884487491597,0.46538003684174956,-0.16673375019595932,110000.0
ID_1208,0.4740122662609459,0.6222147155635368,-0.3810087211999231,-0.6061199692561582,-0.15105779189909693,0.21944697841233984,-0.6725966413608725,-0.6506586471853965,-0.62655831935096,0.5849202654881185,0.24537153993183092,0.060974101464652264,-0.8928692886374687,-1.3123133621138403,-0.020889627666346104,-1.3115153123116807,120000.0
ID_1209,-0.4528462991336738,-1.2105851160545795,-0.3810087211999231,-1.2697412108678772,-0.15105779189909693,-0.7048561921996358,-0.9354688951975273,-0.9122171603862802,-0.62655831935096,-1.5114339660212976,-0.5083800722335465,0.060974101464652264,-0.8928692886374687,0.1243047844348151,5.06660709182652,0.12015112932842317,59000.0
ID_1210,0.4625183014140505,-1.2105851160545795,-0.3810087211999231,0.05750127235556074,-0.15105779189909693,0.21944697841233984,-0.6725966413608725,-0.6506586471853965,-0.62655831935096,0.5849202654881185,0.9991231520972084,0.060974101464652264,-0.31596357808214603,0.1243047844348151,-1.1560502871081872,0.12509246712916358,92000.0
ID_1211,-0.8083661423352263,0.6222147155635368,-0.3810087211999231,-1.2697412108678772,-0.15105779189909693,-1.6291593628116114,-0.9354688951975273,-0.9122171603862802,-0.62655831935096,0.5849202654881185,0.6222473460145197,0.060974101464652264,-0.8928692886374687,0.4116284137445462,0.5291531075969093,0.41427564330505323,140000.0
ID_1212,-0.8221346675471279,0.6222147155635368,-0.3810087211999231,-1.2697412108678772,-0.15105779189909693,-1.6291593628116114,-0.9354688951975273,-0.9122171603862802,-0.62655831935096,0.5849202654881185,0.6222473460145197,0.060974101464652264,-0.8928692886374687,0.9862756723640083,0.9341121068921712,0.9891370932632841,240000.0
ID_1213,2.65258398089979,0.6222147155635368,-0.3810087211999231,0.05750127235556074,-0.15105779189909693,0.21944697841233984,-0.6725966413608725,-0.6506586471853965,-0.62655831935096,-1.5114339660212976,-0.5083800722335465,0.060974101464652264,-0.8928692886374687,0.6989520430542773,0.5769829106632773,0.6936910587120374,62000.0
ID_1214,0.7381696835664046,0.6222147155635368,-0.3810087211999231,-0.6061199692561582,-0.15105779189909693,0.21944697841233984,-0.6725966413608725,-0.6506586471853965,-0.62655831935096,0.5849202654881185,0.6222473460145197,0.060974101464652264,-0.8928692886374687,0.4116284137445462,0.5291531075969093,0.410914384452224,140000.0
ID_1215,0.751150649136185,0.6222147155635368,-0.3810087211999231,-0.6061199692561582,-0.15105779189909693,0.21944697841233984,-0.6725966413608725,-0.6506586471853965,-0.62655831935096,0.5849202654881185,-0.3199421691922022,0.060974101464652264,-0.8928692886374687,0.6989520430542773,-0.2903308516068944,0.7005572199584151,66000.0
ID_1216,-0.6256798424136317,0.6222147155635368,-0.3810087211999231,-1.2697412108678772,-0.15105779189909693,-1.6291593628116114,-0.9354688951975273,-0.9122171603862802,-0.62655831935096,-1.5114339660212976,-1.130225152269983,-1.3767310278071516,-0.31596357808214603,0.1243047844348151,5.06660709182652,0.12035223028543005,57000.0
ID_1217,-0.8161646350152474,0.6222147155635368,-0.3810087211999231,0.05750127235556074,-0.15105779189909693,-1.6291593628116114,-0.6725966413608725,-0.6506586471853965,-0.62655831935096,0.5849202654881185,0.6222473460145197,0.060974101464652264,-0.8928692886374687,-0.7376661034943781,0.3617487968646123,-0.7363378465638676,180000.0
ID_1218,-0.8015644908805469,-1.2105851160545795,0.2782647963819663,1.3847437555789985,-0.15105779189909693,-0.7048561921996358,1.4303813893323656,1.4418094584216736,1.443526517765285,0.5849202654881185,0.810685249055864,0.060974101464652264,1.414753553583822,0.1243047844348151,-1.1560502871081872,0.1277929656946845,71000.0
ID_1219,-0.34419611298151626,2.455014547181653,4.893179419455191,1.3847437555789985,5.033906973624536,2.068053319636291,1.4303813893323656,1.4418094584216736,1.443526517765285,-1.5114339660212976,-2.752675497455958,4.374089489280064,1.414753553583822,-1.5996369914235713,-1.1464843264949127,-1.602020009062187,9.0
ID_1220,-0.7479939129860804,0.6222147155635368,-0.3810087211999231,-0.6061199692561582,-0.8917670441167587,-0.7048561921996358,-0.6725966413608725,-0.6506586471853965,-0.62655831935096,0.5849202654881185,0.056933636890486534,0.060974101464652264,-0.31596357808214603,-0.450342474184647,-0.47686708356573715,-0.4504584718245195,9.0
ID_1221,-0.5812791023102916,0.6222147155635368,-0.3810087211999231,-0.9379305900620176,-0.15105779189909693,1.1437501490243154,-0.9354688951975273,-0.9122171603862802,-0.9222847246532806,0.5849202654881185,0.24537153993183092,0.060974101464652264,-0.31596357808214603,-0.7376661034943781,0.3617487968646123,-0.7355047140276962,100000.0
ID_1222,-0.7104388836180978,-1.2105851160545795,0.2782647963819663,1.3847437555789985,-0.15105779189909693,-0.7048561921996358,1.4303813893323656,1.4418094584216736,1.443526517765285,0.5849202654881185,-0.13150426615085783,0.060974101464652264,1.414753553583822,-0.16301884487491597,-0.08306837165262702,-0.15814386646095127,120000.0
ID_1223,-0.32767388272723436,-1.2105851160545795,-0.3810087211999231,-0.6061199692561582,-0.15105779189909693,-0.7048561921996358,-0.6725966413608725,-0.6506586471853965,-0.9222847246532806,-1.5114339660212976,-0.3199421691922022,0.060974101464652264,-0.8928692886374687,-0.7376661034943781,-1.0014005905269243,-0.7430316355613822,78000.0
ID_1224,0.4625183014140505,0.6222147155635368,-0.3810087211999231,-0.6061199692561582,-0.15105779189909693,0.21944697841233984,-0.6725966413608725,-0.3891001339845127,-0.62655831935096,0.5849202654881185,0.43380944297317525,0.060974101464652264,-0.31596357808214603,0.1243047844348151,-1.1560502871081872,0.12497755229658823,140000.0
ID_1225,-0.05228134884886409,-1.2105851160545795,0.2782647963819663,1.3847437555789985,-0.15105779189909693,1.1437501490243154,1.4303813893323656,1.4418094584216736,1.443526517765285,-1.5114339660212976,-0.9606310395327731,-1.3767310278071516,1.414753553583822,1.2735993016737392,-0.7128274453598268,1.2705635182403372,100000.0
ID_1226,0.9328951819332859,0.6222147155635368,0.2782647963819663,1.3847437555789985,-0.15105779189909693,0.21944697841233984,1.4303813893323656,1.4418094584216736,1.443526517765285,0.5849202654881185,0.810685249055864,0.060974101464652264,1.414753553583822,-1.024989732804109,-0.06871943073271414,-1.0209531581448867,130000.0
ID_1227,-0.49398114505675095,-1.2105851160545795,0.2782647963819663,1.3847437555789985,-0.15105779189909693,-1.6291593628116114,1.4303813893323656,1.4418094584216736,1.443526517765285,-1.5114339660212976,-0.696817975274891,-1.3767310278071516,1.414753553583822,0.9862756723640083,-2.2290322025637495,0.983247708093797,77000.0
ID_1228,-0.5646632460845687,-1.2105851160545795,-0.3810087211999231,-0.6061199692561582,-0.8917670441167587,-1.6291593628116114,-0.6725966413608725,-0.6506586471853965,-0.62655831935096,-1.5114339660212976,-0.9229434589245042,0.060974101464652264,-0.8928692886374687,-1.5996369914235713,-1.1464843264949127,-1.6036862741345297,9.0
ID_1229,-0.4848057998555397,0.6222147155635368,-0.3810087211999231,-1.2697412108678772,-0.15105779189909693,-1.6291593628116114,-0.9354688951975273,-0.9122171603862802,-0.62655831935096,-1.5114339660212976,-0.5083800722335465,0.060974101464652264,-0.8928692886374687,0.6989520430542773,0.5769829106632773,0.6949551218703663,85000.0
ID_1230,0.7456432390514247,0.6222147155635368,-0.3810087211999231,-0.2743093484502987,-0.15105779189909693,0.21944697841233984,-0.6725966413608725,-0.3891001339845127,-0.62655831935096,0.5849202654881185,0.810685249055864,0.060974101464652264,-0.31596357808214603,1.2735993016737392,0.22623102150989877,1.272545799102262,120000.0
ID_1231,0.5676382377018765,-1.2105851160545795,0.2782647963819663,1.3847437555789985,-0.15105779189909693,0.21944697841233984,1.4303813893323656,1.4418094584216736,1.443526517765285,0.5849202654881185,0.6222473460145197,0.060974101464652264,1.414753553583822,1.5609229309834705,-0.2393123950027652,1.566181925040447,150000.0
ID_1232,0.631562746555693,0.6222147155635368,-0.3810087211999231,0.05750127235556074,-0.15105779189909693,0.21944697841233984,-0.6725966413608725,-0.6506586471853965,-0.62655831935096,0.5849202654881185,1.1875610551385527,0.060974101464652264,-0.31596357808214603,-0.450342474184647,-0.47686708356573715,-0.45292914072488966,150000.0
ID_1233,-0.7104388836180978,0.6222147155635368,-0.3810087211999231,-0.6061199692561582,-0.8917670441167587,-0.7048561921996358,-0.6725966413608725,-0.6506586471853965,-0.62655831935096,0.5849202654881185,0.056933636890486534,0.060974101464652264,-0.31596357808214603,-0.16301884487491597,-0.08306837165262702,-0.16403325163043841,9.0
ID_1234,-0.6302675150142374,0.6222147155635368,-0.3810087211999231,-0.6061199692561582,-0.15105779189909693,1.1437501490243154,-0.6725966413608725,-0.6506586471853965,-0.62655831935096,0.5849202654881185,0.24537153993183092,0.060974101464652264,-0.8928692886374687,0.6989520430542773,-0.2903308516068944,0.6994080716326615,260000.0
ID_1235,-0.6256798424136317,0.6222147155635368,-0.3810087211999231,-0.6061199692561582,-0.15105779189909693,-1.6291593628116114,-0.6725966413608725,-0.3891001339845127,-0.62655831935096,-1.5114339660212976,-1.4505695874402684,-1.3767310278071516,-0.31596357808214603,0.1243047844348151,5.06660709182652,0.11963401258183405,42400.0
ID_1236,0.4625183014140505,0.6222147155635368,-0.3810087211999231,0.05750127235556074,-0.15105779189909693,0.21944697841233984,-0.6725966413608725,-0.6506586471853965,-0.62655831935096,0.5849202654881185,0.056933636890486534,0.060974101464652264,-0.31596357808214603,0.1243047844348151,-1.1560502871081872,0.12219086760663578,130000.0
ID_1237,-0.8083661423352263,0.6222147155635368,-0.3810087211999231,-0.6061199692561582,-0.15105779189909693,-1.6291593628116114,-0.6725966413608725,-0.6506586471853965,-0.62655831935096,0.5849202654881185,0.43380944297317525,-1.3767310278071516,-0.8928692886374687,0.4116284137445462,0.5291531075969093,0.41266683564899825,140000.0
ID_1238,-0.5951963275944817,0.6222147155635368,-0.3810087211999231,-0.9379305900620176,-0.15105779189909693,1.1437501490243154,-0.9354688951975273,-0.9122171603862802,-0.9222847246532806,0.5849202654881185,-0.13150426615085783,0.060974101464652264,-0.8928692886374687,0.9862756723640083,0.9341121068921712,0.988447604267832,130000.0
ID_1239,-0.6302675150142374,-1.2105851160545795,0.2782647963819663,1.3847437555789985,-0.15105779189909693,1.1437501490243154,1.4303813893323656,1.4418094584216736,1.443526517765285,0.5849202654881185,0.056933636890486534,0.060974101464652264,1.414753553583822,0.6989520430542773,-0.2903308516068944,0.7023096711551894,190000.0
ID_1240,-0.8478322430026209,0.6222147155635368,-0.3810087211999231,-0.9379305900620176,-0.15105779189909693,-1.6291593628116114,-0.9354688951975273,-0.9122171603862802,-0.62655831935096,0.5849202654881185,-0.3199421691922022,0.060974101464652264,-0.31596357808214603,-1.3123133621138403,-0.020889627666346104,-1.3093606592008928,67000.0
ID_1241,-0.6012820157381421,-1.2105851160545795,-0.3810087211999231,-0.6061199692561582,-0.15105779189909693,1.1437501490243154,-0.14685213368756297,-0.6506586471853965,-0.9222847246532806,0.5849202654881185,1.752874764262586,0.060974101464652264,-0.31596357808214603,1.2735993016737392,0.22623102150989877,1.2723159694371113,260000.0
ID_1242,-0.7702713867789371,0.6222147155635368,-0.3810087211999231,-1.2697412108678772,-0.15105779189909693,-1.6291593628116114,-0.9354688951975273,-0.9122171603862802,-0.9222847246532806,0.5849202654881185,0.43380944297317525,0.060974101464652264,-0.31596357808214603,-1.024989732804109,-0.06871943073271414,-1.0226768806335171,120000.0
ID_1243,-0.49398114505675095,-1.2105851160545795,0.2782647963819663,1.3847437555789985,-0.15105779189909693,-1.6291593628116114,1.4303813893323656,1.4418094584216736,1.443526517765285,-1.5114339660212976,-0.696817975274891,0.060974101464652264,1.414753553583822,0.9862756723640083,-2.2290322025637495,0.9828455061797833,80000.0
ID_1244,-0.5812791023102916,-1.2105851160545795,-0.3810087211999231,-0.6061199692561582,-0.15105779189909693,1.1437501490243154,-0.6725966413608725,-0.6506586471853965,-0.62655831935096,0.5849202654881185,0.43380944297317525,0.060974101464652264,-0.8928692886374687,-0.7376661034943781,0.3617487968646123,-0.7388947015886693,120000.0
ID_1245,-0.8376104898853053,-1.2105851160545795,0.2782647963819663,1.3847437555789985,-0.15105779189909693,-0.7048561921996358,1.4303813893323656,1.4418094584216736,1.443526517765285,0.5849202654881185,-0.3199421691922022,0.060974101464652264,1.414753553583822,1.5609229309834705,-0.2393123950027652,1.5653487925042755,120000.0
ID_1246,-0.15837058931160805,-1.2105851160545795,-0.3810087211999231,-0.9379305900620176,-0.15105779189909693,1.1437501490243154,-0.9354688951975273,-0.9122171603862802,-0.62655831935096,-1.5114339660212976,-0.5083800722335465,0.060974101464652264,-0.8928692886374687,-1.5996369914235713,-1.1464843264949127,-1.6032553435123722,61000.0
ID_1247,-0.6082378746751949,0.6222147155635368,-0.3810087211999231,-1.2697412108678772,-0.15105779189909693,1.1437501490243154,-0.9354688951975273,-0.9122171603862802,-0.9222847246532806,0.5849202654881185,-0.5083800722335465,0.060974101464652264,-0.8928692886374687,-0.450342474184647,-0.47686708356573715,-0.44755687230199165,100000.0
ID_1248,-0.5951963275944817,-1.2105851160545795,-0.3810087211999231,0.05750127235556074,-0.15105779189909693,1.1437501490243154,-0.14685213368756297,-0.6506586471853965,-0.3308319140486392,0.5849202654881185,-0.13150426615085783,0.060974101464652264,-0.8928692886374687,0.9862756723640083,0.9341121068921712,0.9842819415869752,98000.0
ID_1249,0.631562746555693,0.6222147155635368,-0.3810087211999231,-0.2743093484502987,-0.15105779189909693,0.21944697841233984,-0.6725966413608725,-0.6506586471853965,-0.62655831935096,0.5849202654881185,0.810685249055864,0.060974101464652264,-0.31596357808214603,-0.450342474184647,-0.47686708356573715,-0.4520960081887183,140000.0
ID_1250,-0.6609933558771169,-1.2105851160545795,0.2782647963819663,1.3847437555789985,-0.15105779189909693,1.1437501490243154,1.4303813893323656,1.4418094584216736,1.443526517765285,0.5849202654881185,-0.3199421691922022,0.060974101464652264,1.414753553583822,-1.3123133621138403,-0.020889627666346104,-1.3083264257077145,110000.0
ID_1251,-0.8015644908805469,-1.2105851160545795,0.2782647963819663,1.3847437555789985,-0.15105779189909693,-0.7048561921996358,1.4303813893323656,1.4418094584216736,1.443526517765285,0.5849202654881185,0.43380944297317525,0.060974101464652264,1.414753553583822,0.1243047844348151,-1.1560502871081872,0.12908575756115728,150000.0
ID_1252,-0.6904139405499081,0.6222147155635368,-0.3810087211999231,-0.6061199692561582,-0.8917670441167587,-0.7048561921996358,-0.6725966413608725,-0.6506586471853965,-0.62655831935096,0.5849202654881185,-0.5083800722335465,-1.3767310278071516,-0.8928692886374687,-1.024989732804109,-0.06871943073271414,-1.025205006950175,9.0
ID_1253,0.4625183014140505,0.6222147155635368,-0.3810087211999231,-0.6061199692561582,-0.15105779189909693,0.21944697841233984,-0.6725966413608725,-0.3891001339845127,-0.62655831935096,0.5849202654881185,-0.3199421691922022,0.060974101464652264,-0.31596357808214603,0.1243047844348151,-1.1560502871081872,0.12517865325359512,110000.0
ID_1254,-0.7702713867789371,-1.2105851160545795,0.2782647963819663,1.3847437555789985,-0.15105779189909693,-1.6291593628116114,1.4303813893323656,1.4418094584216736,1.443526517765285,0.5849202654881185,0.43380944297317525,0.060974101464652264,1.414753553583822,-1.024989732804109,-0.06871943073271414,-1.0198901959435647,130000.0
ID_1255,0.751150649136185,-1.2105851160545795,0.2782647963819663,1.3847437555789985,-0.15105779189909693,0.21944697841233984,1.4303813893323656,1.4418094584216736,1.443526517765285,0.5849202654881185,1.1875610551385527,0.060974101464652264,1.414753553583822,0.6989520430542773,-0.2903308516068944,0.7021372989063263,160000.0
ID_1256,-0.8015644908805469,0.6222147155635368,-0.3810087211999231,-0.6061199692561582,-0.15105779189909693,-0.7048561921996358,-0.14685213368756297,-0.6506586471853965,-0.62655831935096,0.5849202654881185,0.056933636890486534,0.060974101464652264,-0.8928692886374687,0.1243047844348151,-1.1560502871081872,0.12325382980795785,71000.0
ID_1257,0.9328951819332859,-1.2105851160545795,0.2782647963819663,1.3847437555789985,-0.15105779189909693,0.21944697841233984,1.4303813893323656,1.4418094584216736,1.443526517765285,0.5849202654881185,0.43380944297317525,0.060974101464652264,1.414753553583822,-1.024989732804109,-0.06871943073271414,-1.0217575619729142,150000.0
ID_1258,-0.32767388272723436,-1.2105851160545795,-0.3810087211999231,-0.2743093484502987,-0.15105779189909693,-0.7048561921996358,-0.6725966413608725,-0.6506586471853965,-0.9222847246532806,-1.5114339660212976,-0.5083800722335465,0.060974101464652264,-0.8928692886374687,-0.7376661034943781,-1.0014005905269243,-0.7427730771880876,51000.0
ID_1259,-0.6662088732273852,-1.2105851160545795,0.2782647963819663,1.3847437555789985,-0.15105779189909693,1.1437501490243154,1.4303813893323656,1.4418094584216736,1.443526517765285,0.5849202654881185,0.9991231520972084,0.060974101464652264,1.414753553583822,0.1243047844348151,-1.1560502871081872,0.12825262502498594,150000.0
ID_1260,0.801703166304203,2.455014547181653,4.893179419455191,1.3847437555789985,5.033906973624536,2.068053319636291,1.4303813893323656,1.4418094584216736,1.443526517765285,0.5849202654881185,-2.752675497455958,4.374089489280064,1.414753553583822,0.9862756723640083,0.9341121068921712,0.9917801344125174,9.0
ID_1261,2.6415691607302696,0.6222147155635368,-0.3810087211999231,-0.2743093484502987,-0.15105779189909693,0.21944697841233984,-0.6725966413608725,-0.6506586471853965,-0.62655831935096,-1.5114339660212976,-1.1867565231823862,-1.3767310278071516,-0.31596357808214603,1.2735993016737392,-0.7128274453598268,1.267719376134097,60000.0
ID_1262,-0.6904139405499081,0.6222147155635368,-0.3810087211999231,-0.6061199692561582,-0.15105779189909693,-0.7048561921996358,-0.6725966413608725,-0.6506586471853965,-0.62655831935096,0.5849202654881185,0.6222473460145197,0.060974101464652264,-0.8928692886374687,-1.024989732804109,-0.06871943073271414,-1.025406107907182,84000.0
ID_1263,-0.7252097574654258,0.6222147155635368,-0.3810087211999231,-0.6061199692561582,-0.15105779189909693,-0.7048561921996358,-0.6725966413608725,-0.6506586471853965,-0.62655831935096,0.5849202654881185,1.1875610551385527,0.060974101464652264,-0.8928692886374687,0.9862756723640083,0.9341121068921712,0.986494052114051,170000.0
ID_1264,-0.6662088732273852,0.6222147155635368,-0.3810087211999231,-1.2697412108678772,-0.15105779189909693,1.1437501490243154,-0.9354688951975273,-0.9122171603862802,-0.62655831935096,0.5849202654881185,0.9991231520972084,0.060974101464652264,-0.8928692886374687,0.1243047844348151,-1.1560502871081872,0.12563831258389654,200000.0
ID_1265,-0.5812791023102916,-1.2105851160545795,0.2782647963819663,1.3847437555789985,-0.15105779189909693,1.1437501490243154,1.4303813893323656,1.4418094584216736,1.443526517765285,0.5849202654881185,0.24537153993183092,-1.3767310278071516,1.414753553583822,-0.7376661034943781,0.3617487968646123,-0.7331202312517575,120000.0
ID_1266,-0.8376104898853053,0.6222147155635368,-0.3810087211999231,-0.6061199692561582,-0.15105779189909693,-0.7048561921996358,-0.6725966413608725,-0.6506586471853965,-0.9222847246532806,0.5849202654881185,-0.3199421691922022,0.060974101464652264,-0.31596357808214603,1.5609229309834705,-0.2393123950027652,1.561872618818871,110000.0
ID_1267,-0.6082378746751949,-1.2105851160545795,-0.3810087211999231,-0.6061199692561582,-0.15105779189909693,1.1437501490243154,-0.6725966413608725,-0.6506586471853965,-0.9222847246532806,0.5849202654881185,-0.3199421691922022,0.060974101464652264,-0.31596357808214603,-0.450342474184647,-0.47686708356573715,-0.45031482828380026,110000.0
ID_1268,0.7381696835664046,-1.2105851160545795,0.2782647963819663,1.3847437555789985,-0.15105779189909693,0.21944697841233984,1.4303813893323656,1.4418094584216736,1.443526517765285,0.5849202654881185,0.24537153993183092,0.060974101464652264,1.414753553583822,0.4116284137445462,0.5291531075969093,0.41643029641584123,150000.0
ID_1269,0.5676382377018765,-1.2105851160545795,0.2782647963819663,1.3847437555789985,-0.15105779189909693,0.21944697841233984,1.4303813893323656,1.4418094584216736,1.443526517765285,0.5849202654881185,0.24537153993183092,0.060974101464652264,1.414753553583822,1.5609229309834705,-0.2393123950027652,1.567445988198776,84000.0
ID_1270,-0.8175414875364376,0.6222147155635368,-0.3810087211999231,-0.6061199692561582,-0.15105779189909693,-1.6291593628116114,-0.6725966413608725,-0.6506586471853965,-0.62655831935096,0.5849202654881185,0.6222473460145197,0.060974101464652264,-0.31596357808214603,0.6989520430542773,-0.2903308516068944,0.6989196835942163,140000.0
ID_1271,2.098301707739227,0.6222147155635368,-0.3810087211999231,-0.2743093484502987,-0.15105779189909693,0.21944697841233984,-0.6725966413608725,-0.3891001339845127,-0.62655831935096,-1.5114339660212976,-1.0360062007493107,-1.3767310278071516,-0.31596357808214603,-1.3123133621138403,-0.10220029287917282,-1.317031224275298,41700.0
ID_1272,-0.6546157749989641,0.6222147155635368,0.2782647963819663,1.3847437555789985,-0.15105779189909693,1.1437501490243154,1.4303813893323656,1.4418094584216736,1.443526517765285,0.5849202654881185,0.810685249055864,0.060974101464652264,1.414753553583822,1.5609229309834705,-0.2393123950027652,1.5663542972893099,140000.0
ID_1273,-0.7702713867789371,0.6222147155635368,-0.3810087211999231,-1.2697412108678772,-0.8917670441167587,-1.6291593628116114,-0.9354688951975273,-0.9122171603862802,-0.9222847246532806,0.5849202654881185,0.43380944297317525,0.060974101464652264,-0.31596357808214603,-1.024989732804109,-0.06871943073271414,-1.0224757796765103,9.0
ID_1274,-0.5951963275944817,0.6222147155635368,-0.3810087211999231,-1.2697412108678772,-0.15105779189909693,1.1437501490243154,-0.9354688951975273,-0.9122171603862802,-0.9222847246532806,0.5849202654881185,-0.13150426615085783,0.060974101464652264,-0.31596357808214603,0.9862756723640083,0.9341121068921712,0.9877868439805237,130000.0
ID_1275,-0.3341836414474214,-1.2105851160545795,-0.3810087211999231,-1.2697412108678772,-0.15105779189909693,-0.7048561921996358,-0.9354688951975273,-0.9122171603862802,-0.3308319140486392,-1.5114339660212976,-1.0736937813575798,-1.3767310278071516,-0.8928692886374687,1.2735993016737392,-0.7128274453598268,1.2695580134553028,67000.0
ID_1276,-0.6609933558771169,0.6222147155635368,-0.3810087211999231,-0.6061199692561582,-0.15105779189909693,1.1437501490243154,-0.6725966413608725,-0.6506586471853965,-0.62655831935096,0.5849202654881185,-0.3199421691922022,0.060974101464652264,-0.8928692886374687,-1.3123133621138403,-0.020889627666346104,-1.3110269242732355,100000.0
ID_1277,0.833563533644543,-1.2105851160545795,0.2782647963819663,1.3847437555789985,-0.15105779189909693,0.21944697841233984,1.4303813893323656,1.4418094584216736,1.443526517765285,0.5849202654881185,0.24537153993183092,0.060974101464652264,1.414753553583822,-0.7376661034943781,0.3617487968646123,-0.7340108212042166,66000.0
ID_1278,0.801703166304203,-1.2105851160545795,0.2782647963819663,1.3847437555789985,-0.15105779189909693,0.21944697841233984,1.4303813893323656,1.4418094584216736,1.443526517765285,0.5849202654881185,1.1875610551385527,0.060974101464652264,1.414753553583822,0.9862756723640083,0.9341121068921712,0.9909757305844898,170000.0
ID_1279,-0.8175414875364376,0.6222147155635368,-0.3810087211999231,-0.6061199692561582,-0.15105779189909693,-1.6291593628116114,-0.6725966413608725,-0.6506586471853965,-0.9222847246532806,0.5849202654881185,0.056933636890486534,0.060974101464652264,-0.8928692886374687,0.6989520430542773,-0.2903308516068944,0.6996091725896684,130000.0
ID_1280,-0.7821563777418505,0.6222147155635368,-0.3810087211999231,-1.2697412108678772,-0.15105779189909693,2.068053319636291,-0.9354688951975273,-0.9122171603862802,-0.9222847246532806,2.6812744969975344,2.5066263764279633,0.060974101464652264,-0.31596357808214603,0.4116284137445462,0.5291531075969093,0.41347123947702574,210000.0
ID_1281,0.751150649136185,-1.2105851160545795,0.2782647963819663,1.3847437555789985,-0.15105779189909693,0.21944697841233984,1.4303813893323656,1.4418094584216736,1.443526517765285,0.5849202654881185,0.24537153993183092,0.060974101464652264,1.414753553583822,0.6989520430542773,-0.2903308516068944,0.7046654252229841,130000.0
ID_1282,0.4740122662609459,0.6222147155635368,-0.3810087211999231,-0.6061199692561582,-0.15105779189909693,0.21944697841233984,-0.6725966413608725,-0.6506586471853965,-0.62655831935096,0.5849202654881185,0.24537153993183092,0.060974101464652264,-0.31596357808214603,-1.3123133621138403,-0.020889627666346104,-1.3115727697279684,130000.0
ID_1283,0.4740122662609459,0.6222147155635368,-0.3810087211999231,-0.2743093484502987,-0.15105779189909693,0.21944697841233984,-0.6725966413608725,-0.6506586471853965,-0.62655831935096,0.5849202654881185,1.5644368612212416,0.060974101464652264,-0.31596357808214603,-1.3123133621138403,-0.020889627666346104,-1.3103661639859272,160000.0
ID_1284,-0.32767388272723436,0.6222147155635368,-0.3810087211999231,-0.6061199692561582,-0.15105779189909693,-0.7048561921996358,-0.6725966413608725,-0.6506586471853965,-0.62655831935096,-1.5114339660212976,-0.8852558783162353,0.060974101464652264,-0.8928692886374687,-0.7376661034943781,-1.0014005905269243,-0.742543247522937,65000.0
ID_1285,-0.31916493414627917,0.6222147155635368,-0.3810087211999231,-1.2697412108678772,-0.15105779189909693,-0.7048561921996358,-0.9354688951975273,-0.9122171603862802,-0.9222847246532806,-1.5114339660212976,-0.5083800722335465,0.060974101464652264,-0.8928692886374687,-1.3123133621138403,-0.10220029287917282,-1.3158246185332567,56000.0
ID_1286,-0.7389782826773273,-1.2105851160545795,0.2782647963819663,1.3847437555789985,-0.15105779189909693,-0.7048561921996358,1.4303813893323656,1.4418094584216736,1.443526517765285,0.5849202654881185,0.6222473460145197,0.060974101464652264,1.414753553583822,-0.7376661034943781,0.3617487968646123,-0.7329191302947506,210000.0
ID_1287,0.7381696835664046,0.6222147155635368,-0.3810087211999231,-0.2743093484502987,-0.15105779189909693,0.21944697841233984,-0.6725966413608725,-0.6506586471853965,-0.9222847246532806,0.5849202654881185,-0.3199421691922022,0.060974101464652264,-0.31596357808214603,0.4116284137445462,0.5291531075969093,0.41033981028934724,110000.0
ID_1288,2.2855536506210883,0.6222147155635368,-0.3810087211999231,-1.2697412108678772,-0.15105779189909693,0.21944697841233984,-0.9354688951975273,-0.9122171603862802,-0.62655831935096,-1.5114339660212976,-1.5071009583526718,-1.3767310278071516,-0.31596357808214603,1.5609229309834705,0.48929493837493176,1.5572760255158566,56000.0
ID_1289,-0.5980932252990657,0.6222147155635368,-0.3810087211999231,-1.2697412108678772,-0.15105779189909693,1.1437501490243154,-0.9354688951975273,-0.9122171603862802,-0.9222847246532806,0.5849202654881185,0.6222473460145197,0.060974101464652264,-0.31596357808214603,0.4116284137445462,0.5291531075969093,0.4134999681851696,160000.0
ID_1290,-0.8161646350152474,-1.2105851160545795,-0.3810087211999231,-0.6061199692561582,-0.15105779189909693,-1.6291593628116114,-0.6725966413608725,-0.6506586471853965,-0.62655831935096,0.5849202654881185,0.056933636890486534,-1.3767310278071516,-0.8928692886374687,-0.7376661034943781,0.3617487968646123,-0.7364240326882991,120000.0
ID_1291,-0.7252097574654258,0.6222147155635368,-0.3810087211999231,-0.6061199692561582,-0.8917670441167587,-0.7048561921996358,-0.6725966413608725,-0.6506586471853965,-0.62655831935096,0.5849202654881185,-0.13150426615085783,0.060974101464652264,-0.8928692886374687,0.9862756723640083,0.9341121068921712,0.9855172760371603,9.0
ID_1292,-0.7252097574654258,-1.2105851160545795,0.2782647963819663,1.3847437555789985,-0.15105779189909693,-0.7048561921996358,1.4303813893323656,1.4418094584216736,1.443526517765285,0.5849202654881185,0.24537153993183092,0.060974101464652264,1.414753553583822,0.9862756723640083,0.9341121068921712,0.9913779324985037,210000.0
ID_1293,0.4625183014140505,0.6222147155635368,-0.3810087211999231,-0.2743093484502987,-0.15105779189909693,0.21944697841233984,-0.6725966413608725,-0.6506586471853965,-0.62655831935096,0.5849202654881185,1.752874764262586,0.060974101464652264,-0.8928692886374687,0.1243047844348151,-1.1560502871081872,0.12259306952064954,120000.0
ID_1294,2.753683507825741,0.6222147155635368,-0.3810087211999231,0.05750127235556074,-0.15105779189909693,0.21944697841233984,-0.6725966413608725,-0.6506586471853965,-0.62655831935096,-1.5114339660212976,-0.5083800722335465,0.060974101464652264,-0.31596357808214603,0.9862756723640083,-2.2290322025637495,0.9819261875191804,89000.0
ID_1295,-0.34419611298151626,0.6222147155635368,-0.3810087211999231,-0.6061199692561582,-0.15105779189909693,-0.7048561921996358,-0.6725966413608725,-0.6506586471853965,-0.62655831935096,-1.5114339660212976,-0.5083800722335465,0.060974101464652264,-0.8928692886374687,-1.5996369914235713,-1.1464843264949127,-1.6039161037996805,67000.0
ID_1296,0.7456432390514247,0.6222147155635368,-0.3810087211999231,-0.6061199692561582,-0.15105779189909693,0.21944697841233984,-0.6725966413608725,-0.6506586471853965,-0.62655831935096,0.5849202654881185,-0.3199421691922022,0.060974101464652264,-0.31596357808214603,1.2735993016737392,0.22623102150989877,1.272574527810406,93000.0
ID_1297,-0.5980932252990657,0.6222147155635368,-0.3810087211999231,-0.6061199692561582,-0.15105779189909693,1.1437501490243154,-0.6725966413608725,-0.6506586471853965,-0.62655831935096,0.5849202654881185,0.056933636890486534,-1.3767310278071516,-0.8928692886374687,0.4116284137445462,0.5291531075969093,0.41232209115127216,130000.0
ID_1298,-0.23054519847239607,-1.2105851160545795,-0.3810087211999231,-0.6061199692561582,-0.15105779189909693,-0.7048561921996358,-0.6725966413608725,-0.6506586471853965,-0.62655831935096,-1.5114339660212976,-0.696817975274891,0.060974101464652264,-0.8928692886374687,-1.024989732804109,0.19912746643895535,-1.0294281270473193,64000.0
ID_1299,-0.5804089315168994,0.6222147155635368,-0.3810087211999231,-1.2697412108678772,-0.15105779189909693,1.1437501490243154,-0.9354688951975273,-0.9122171603862802,-0.9222847246532806,0.5849202654881185,0.24537153993183092,0.060974101464652264,-0.31596357808214603,-1.024989732804109,-0.06871943073271414,-1.0232801835045378,140000.0
ID_1300,0.4740122662609459,0.6222147155635368,0.2782647963819663,1.3847437555789985,-0.15105779189909693,0.21944697841233984,1.4303813893323656,1.4418094584216736,1.443526517765285,0.5849202654881185,0.24537153993183092,0.060974101464652264,1.414753553583822,-1.3123133621138403,-0.020889627666346104,-1.3090159147031666,98000.0
ID_1301,-0.8083661423352263,0.6222147155635368,-0.3810087211999231,-0.6061199692561582,-0.15105779189909693,-1.6291593628116114,-0.6725966413608725,-0.6506586471853965,-0.62655831935096,0.5849202654881185,0.43380944297317525,0.060974101464652264,-0.31596357808214603,0.4116284137445462,0.5291531075969093,0.4126381069408544,100000.0
ID_1302,-0.8879812625205259,-1.2105851160545795,-0.3810087211999231,-0.6061199692561582,-0.15105779189909693,-1.6291593628116114,-0.6725966413608725,-0.6506586471853965,-0.62655831935096,0.5849202654881185,0.24537153993183092,-1.3767310278071516,-0.31596357808214603,0.1243047844348151,-1.1560502871081872,0.12411569105227303,130000.0
ID_1303,-0.8905146711595159,0.6222147155635368,-0.3810087211999231,-1.2697412108678772,-0.15105779189909693,-1.6291593628116114,-0.9354688951975273,-0.9122171603862802,-0.62655831935096,0.5849202654881185,0.056933636890486534,0.060974101464652264,-0.31596357808214603,1.5609229309834705,-0.2393123950027652,1.5642283728866657,130000.0
ID_1304,-0.34569963593465586,0.6222147155635368,-0.3810087211999231,-0.6061199692561582,-0.8917670441167587,-0.7048561921996358,-0.6725966413608725,-0.6506586471853965,-0.62655831935096,-1.5114339660212976,-0.9606310395327731,-1.3767310278071516,-0.8928692886374687,-0.450342474184647,1.559088200292738,-0.45508379383567765,9.0
ID_1305,-0.34569963593465586,0.6222147155635368,-0.3810087211999231,-0.6061199692561582,-0.15105779189909693,-0.7048561921996358,-0.6725966413608725,-0.6506586471853965,-0.9222847246532806,-1.5114339660212976,-1.0360062007493107,0.060974101464652264,-0.8928692886374687,-0.450342474184647,1.559088200292738,-0.455198708668253,64000.0
ID_1306,0.832186681123353,-1.2105851160545795,0.2782647963819663,1.3847437555789985,-0.15105779189909693,0.21944697841233984,1.4303813893323656,1.4418094584216736,1.443526517765285,0.5849202654881185,0.43380944297317525,0.060974101464652264,1.414753553583822,-0.16301884487491597,-0.08306837165262702,-0.15745437746549912,130000.0
ID_1307,-0.7094420423927561,0.6222147155635368,-0.3810087211999231,-0.6061199692561582,-0.15105779189909693,-0.7048561921996358,-0.6725966413608725,-0.6506586471853965,-0.62655831935096,0.5849202654881185,0.056933636890486534,0.060974101464652264,-0.31596357808214603,0.6989520430542773,-0.2903308516068944,0.6985749390964902,130000.0
ID_1308,2.6415691607302696,0.6222147155635368,0.2782647963819663,1.3847437555789985,-0.15105779189909693,0.21944697841233984,1.4303813893323656,1.4418094584216736,1.443526517765285,-1.5114339660212976,-0.5083800722335465,0.060974101464652264,1.414753553583822,1.2735993016737392,-0.7128274453598268,1.2708795340299193,66000.0
ID_1309,-0.8376104898853053,-1.2105851160545795,0.2782647963819663,1.3847437555789985,-0.15105779189909693,-0.7048561921996358,1.4303813893323656,1.4418094584216736,1.443526517765285,0.5849202654881185,0.6222473460145197,0.060974101464652264,1.414753553583822,1.5609229309834705,-0.2393123950027652,1.5670150575766182,210000.0
ID_1310,0.7381696835664046,-1.2105851160545795,0.2782647963819663,1.3847437555789985,-0.15105779189909693,0.21944697841233984,1.4303813893323656,1.4418094584216736,1.443526517765285,0.5849202654881185,0.810685249055864,0.060974101464652264,1.414753553583822,0.4116284137445462,0.5291531075969093,0.4169186844542865,99000.0
ID_1311,-0.6012820157381421,0.6222147155635368,0.2782647963819663,1.3847437555789985,-0.15105779189909693,1.1437501490243154,1.4303813893323656,1.4418094584216736,1.443526517765285,0.5849202654881185,0.24537153993183092,0.060974101464652264,1.414753553583822,1.2735993016737392,0.22623102150989877,1.2778606101088723,170000.0
ID_1312,0.7456432390514247,-1.2105851160545795,0.2782647963819663,1.3847437555789985,-0.15105779189909693,0.21944697841233984,1.4303813893323656,1.4418094584216736,1.443526517765285,0.5849202654881185,0.9991231520972084,0.060974101464652264,1.414753553583822,1.2735993016737392,0.22623102150989877,1.2791246732672013,160000.0
ID_1313,-0.6546157749989641,-1.2105851160545795,-0.3810087211999231,-0.6061199692561582,-0.15105779189909693,1.1437501490243154,-0.6725966413608725,-0.6506586471853965,-0.62655831935096,0.5849202654881185,-0.5083800722335465,0.060974101464652264,-0.8928692886374687,1.5609229309834705,-0.2393123950027652,1.560780927909405,100000.0
ID_1314,-0.6546157749989641,-1.2105851160545795,-0.3810087211999231,-0.2743093484502987,-0.15105779189909693,1.1437501490243154,-0.14685213368756297,-0.3891001339845127,-0.9222847246532806,0.5849202654881185,0.056933636890486534,0.060974101464652264,-0.31596357808214603,1.5609229309834705,-0.2393123950027652,1.560579826952398,220000.0
ID_1315,-0.8015644908805469,0.6222147155635368,-0.3810087211999231,-0.6061199692561582,-0.15105779189909693,-0.7048561921996358,-0.14685213368756297,-0.6506586471853965,-0.62655831935096,0.5849202654881185,0.24537153993183092,0.060974101464652264,-0.8928692886374687,0.1243047844348151,-1.1560502871081872,0.12339747334867705,71000.0
ID_1316,0.833563533644543,0.6222147155635368,-0.3810087211999231,0.05750127235556074,-0.15105779189909693,0.21944697841233984,-0.6725966413608725,-0.6506586471853965,-0.62655831935096,0.5849202654881185,0.9991231520972084,0.060974101464652264,-0.31596357808214603,-0.7376661034943781,0.3617487968646123,-0.7386361432153747,140000.0
ID_1317,-0.30013683230343124,-1.2105851160545795,0.2782647963819663,1.3847437555789985,-0.15105779189909693,-0.7048561921996358,1.4303813893323656,1.4418094584216736,1.443526517765285,-1.5114339660212976,-0.9040996686203697,-1.3767310278071516,1.414753553583822,0.9862756723640083,-2.2290322025637495,0.9828742348879271,70000.0
ID_1318,-0.7389782826773273,-1.2105851160545795,-0.3810087211999231,-0.6061199692561582,-0.15105779189909693,-0.7048561921996358,-0.6725966413608725,-0.6506586471853965,-0.62655831935096,0.5849202654881185,-0.696817975274891,0.060974101464652264,-0.8928692886374687,-0.7376661034943781,0.3617487968646123,-0.738233941301361,120000.0
ID_1319,-0.6904139405499081,-1.2105851160545795,0.2782647963819663,1.3847437555789985,-0.15105779189909693,-0.7048561921996358,1.4303813893323656,1.4418094584216736,1.443526517765285,0.5849202654881185,0.056933636890486534,0.060974101464652264,1.414753553583822,-1.024989732804109,-0.06871943073271414,-1.0197465524028455,99000.0
ID_1320,0.833563533644543,0.6222147155635368,-0.3810087211999231,-0.6061199692561582,-0.15105779189909693,0.21944697841233984,-0.6725966413608725,-0.6506586471853965,-0.62655831935096,0.5849202654881185,1.375998958179897,0.060974101464652264,-0.31596357808214603,-0.7376661034943781,0.3617487968646123,-0.7379753829280664,150000.0
ID_1321,-0.49398114505675095,0.6222147155635368,-0.3810087211999231,-1.2697412108678772,-0.8917670441167587,-1.6291593628116114,-0.9354688951975273,-0.9122171603862802,-0.9222847246532806,-1.5114339660212976,-0.9794748298369075,0.060974101464652264,-0.8928692886374687,0.9862756723640083,-2.2290322025637495,0.9825582190983448,9.0
ID_1322,-0.7479939129860804,-1.2105851160545795,-0.3810087211999231,-0.6061199692561582,-0.15105779189909693,-0.7048561921996358,-0.6725966413608725,-0.6506586471853965,-0.62655831935096,0.5849202654881185,0.43380944297317525,0.060974101464652264,-0.8928692886374687,-0.450342474184647,-0.47686708356573715,-0.45111923211182775,130000.0
ID_1323,0.833563533644543,0.6222147155635368,-0.3810087211999231,-0.6061199692561582,-0.15105779189909693,0.21944697841233984,-0.6725966413608725,-0.6506586471853965,-0.62655831935096,0.5849202654881185,2.1297505703452746,0.060974101464652264,-0.8928692886374687,-0.7376661034943781,0.3617487968646123,-0.7360505594824291,170000.0
ID_1324,-0.8083661423352263,0.6222147155635368,-0.3810087211999231,-1.2697412108678772,-0.15105779189909693,-1.6291593628116114,-0.9354688951975273,-0.9122171603862802,-0.9222847246532806,0.5849202654881185,0.6222473460145197,0.060974101464652264,-0.31596357808214603,0.4116284137445462,0.5291531075969093,0.4143043720131971,100000.0
ID_1325,2.3949142926741804,0.6222147155635368,-0.3810087211999231,-0.6061199692561582,-0.15105779189909693,0.21944697841233984,-0.6725966413608725,-0.6506586471853965,-0.62655831935096,-1.5114339660212976,-0.3199421691922022,0.060974101464652264,-0.8928692886374687,-1.5996369914235713,-1.1464843264949127,-1.6043183057136943,70000.0
ID_1326,0.801703166304203,0.6222147155635368,-0.3810087211999231,-0.6061199692561582,-0.15105779189909693,0.21944697841233984,-0.6725966413608725,-0.6506586471853965,-0.62655831935096,0.5849202654881185,0.9991231520972084,0.060974101464652264,-0.8928692886374687,0.9862756723640083,0.9341121068921712,0.9855460047453042,120000.0
ID_1327,0.832186681123353,0.6222147155635368,-0.3810087211999231,-1.2697412108678772,-0.15105779189909693,0.21944697841233984,-0.9354688951975273,-0.9122171603862802,-0.62655831935096,0.5849202654881185,0.43380944297317525,0.060974101464652264,-0.8928692886374687,-0.16301884487491597,-0.08306837165262702,-0.1597526741170063,170000.0
ID_1328,0.7381696835664046,0.6222147155635368,-0.3810087211999231,-0.6061199692561582,-0.15105779189909693,0.21944697841233984,-0.6725966413608725,-0.6506586471853965,-0.62655831935096,0.5849202654881185,1.5644368612212416,0.060974101464652264,-0.31596357808214603,0.4116284137445462,0.5291531075969093,0.41321268110373116,170000.0
ID_1329,0.832186681123353,-1.2105851160545795,0.2782647963819663,1.3847437555789985,-0.15105779189909693,0.21944697841233984,1.4303813893323656,1.4418094584216736,1.443526517765285,0.5849202654881185,2.1297505703452746,0.060974101464652264,1.414753553583822,-0.16301884487491597,-0.08306837165262702,-0.15935047220299253,140000.0
ID_1330,0.832186681123353,0.6222147155635368,-0.3810087211999231,-0.6061199692561582,-0.15105779189909693,0.21944697841233984,-0.6725966413608725,-0.6506586471853965,-0.62655831935096,0.5849202654881185,2.1297505703452746,0.060974101464652264,-0.8928692886374687,-0.16301884487491597,-0.08306837165262702,-0.163745964549,170000.0
ID_1331,2.2855536506210883,-1.2105851160545795,0.2782647963819663,1.3847437555789985,-0.15105779189909693,0.21944697841233984,1.4303813893323656,1.4418094584216736,1.443526517765285,-1.5114339660212976,-0.696817975274891,0.060974101464652264,1.414753553583822,1.5609229309834705,0.48929493837493176,1.5573909403484318,59000.0
ID_1332,2.817415257326591,-1.2105851160545795,-0.3810087211999231,-0.6061199692561582,-0.15105779189909693,0.21944697841233984,-0.6725966413608725,-0.3891001339845127,-0.62655831935096,-1.5114339660212976,-1.0360062007493107,0.060974101464652264,-0.31596357808214603,-0.7376661034943781,-1.0014005905269243,-0.7414802853216149,59000.0
ID_1333,-0.8574702106509521,-1.2105851160545795,0.2782647963819663,1.3847437555789985,-0.15105779189909693,-1.6291593628116114,1.4303813893323656,1.4418094584216736,1.443526517765285,0.5849202654881185,0.24537153993183092,0.060974101464652264,1.414753553583822,-1.5996369914235713,0.3856636983977981,-1.5952974913565285,110000.0
ID_1334,0.832186681123353,0.6222147155635368,-0.3810087211999231,0.05750127235556074,-0.15105779189909693,0.21944697841233984,0.11602012014909178,-0.6506586471853965,-0.62655831935096,0.5849202654881185,0.24537153993183092,0.060974101464652264,-0.31596357808214603,-0.16301884487491597,-0.08306837165262702,-0.16572824541092493,83000.0
ID_1335,-0.6662088732273852,0.6222147155635368,-0.3810087211999231,-1.2697412108678772,-0.15105779189909693,1.1437501490243154,-0.9354688951975273,-0.9122171603862802,-0.62655831935096,0.5849202654881185,-0.9606310395327731,-1.3767310278071516,-0.8928692886374687,0.1243047844348151,-1.1560502871081872,0.12583941354090342,110000.0
ID_1336,-0.25707990026077276,0.6222147155635368,-0.3810087211999231,-0.9379305900620176,-0.15105779189909693,-0.7048561921996358,-0.9354688951975273,-0.9122171603862802,-0.62655831935096,-1.5114339660212976,-0.5083800722335465,0.060974101464652264,-0.8928692886374687,0.4116284137445462,-1.5466603454835397,0.4076105830156825,90000.0
ID_1337,2.753683507825741,-1.2105851160545795,0.2782647963819663,1.3847437555789985,-0.15105779189909693,0.21944697841233984,1.4303813893323656,1.4418094584216736,1.443526517765285,-1.5114339660212976,-0.8852558783162353,0.060974101464652264,1.414753553583822,0.9862756723640083,-2.2290322025637495,0.9833913516345162,77000.0
ID_1338,-0.5004082926256666,0.6222147155635368,-0.3810087211999231,-0.6061199692561582,-0.15105779189909693,-1.6291593628116114,-0.6725966413608725,-0.6506586471853965,-0.9222847246532806,-1.5114339660212976,-1.6766950710898816,-1.3767310278071516,-0.8928692886374687,-0.450342474184647,1.559088200292738,-0.45448049096465704,62000.0
ID_1339,-0.8221346675471279,0.6222147155635368,-0.3810087211999231,-1.2697412108678772,-0.15105779189909693,-1.6291593628116114,-0.9354688951975273,-0.9122171603862802,-0.62655831935096,0.5849202654881185,-0.13150426615085783,0.060974101464652264,-0.8928692886374687,0.9862756723640083,0.9341121068921712,0.9881028597701059,120000.0
ID_1340,-0.8161646350152474,0.6222147155635368,-0.3810087211999231,-0.6061199692561582,-0.15105779189909693,-1.6291593628116114,-0.6725966413608725,-0.6506586471853965,-0.62655831935096,0.5849202654881185,-0.3199421691922022,0.060974101464652264,-0.31596357808214603,-0.7376661034943781,0.3617487968646123,-0.736969878143032,100000.0
ID_1341,0.7381696835664046,-1.2105851160545795,0.2782647963819663,1.3847437555789985,-0.15105779189909693,0.21944697841233984,1.4303813893323656,1.4418094584216736,1.443526517765285,0.5849202654881185,0.810685249055864,0.060974101464652264,1.414753553583822,0.4116284137445462,0.5291531075969093,0.4150800471330808,150000.0
ID_1342,-0.34569963593465586,-1.2105851160545795,-0.3810087211999231,0.05750127235556074,-0.15105779189909693,-0.7048561921996358,0.11602012014909178,-0.6506586471853965,-0.62655831935096,-1.5114339660212976,-0.9606310395327731,-1.3767310278071516,-0.8928692886374687,-0.450342474184647,1.559088200292738,-0.4547677780460954,63000.0
ID_1343,-0.25707990026077276,0.6222147155635368,-0.3810087211999231,-0.6061199692561582,-0.15105779189909693,-0.7048561921996358,-0.6725966413608725,-0.3891001339845127,-0.62655831935096,-1.5114339660212976,-0.5083800722335465,0.060974101464652264,-0.31596357808214603,0.4116284137445462,-1.5466603454835397,0.40686363660394265,66000.0
ID_1344,-0.5804089315168994,0.6222147155635368,0.2782647963819663,1.3847437555789985,-0.15105779189909693,1.1437501490243154,1.4303813893323656,1.4418094584216736,1.443526517765285,0.5849202654881185,-0.696817975274891,0.060974101464652264,1.414753553583822,-1.024989732804109,-0.06871943073271414,-1.020206211733147,100000.0
ID_1345,-0.8275704813007867,-1.2105851160545795,0.2782647963819663,1.3847437555789985,-0.15105779189909693,2.068053319636291,1.4303813893323656,1.4418094584216736,1.443526517765285,2.6812744969975344,2.883502182510652,0.060974101464652264,1.414753553583822,0.1243047844348151,-1.1560502871081872,0.12891338531229427,270000.0
ID_1346,-0.5004082926256666,-1.2105851160545795,-0.3810087211999231,-1.2697412108678772,-0.8917670441167587,-1.6291593628116114,-0.9354688951975273,-0.9122171603862802,-0.9222847246532806,-1.5114339660212976,-0.9229434589245042,0.060974101464652264,-0.8928692886374687,-0.450342474184647,1.559088200292738,-0.4541644751750748,9.0
ID_1347,-0.005005740681278914,0.6222147155635368,-0.3810087211999231,-0.2743093484502987,-0.15105779189909693,2.068053319636291,-0.6725966413608725,-0.3891001339845127,-0.3308319140486392,2.6812744969975344,-0.13150426615085783,0.060974101464652264,-0.8928692886374687,1.5609229309834705,-0.2393123950027652,1.5610107575745558,120000.0
ID_1348,-0.8196453181888161,-1.2105851160545795,0.2782647963819663,1.3847437555789985,-0.15105779189909693,2.068053319636291,1.4303813893323656,1.4418094584216736,1.443526517765285,2.6812744969975344,-0.5083800722335465,0.060974101464652264,1.414753553583822,-1.5996369914235713,0.3856636983977981,-1.5946367310692202,110000.0
ID_1349,-0.8175414875364376,0.6222147155635368,-0.3810087211999231,-1.2697412108678772,-0.15105779189909693,-1.6291593628116114,-0.9354688951975273,-0.9122171603862802,-0.9222847246532806,0.5849202654881185,0.43380944297317525,0.060974101464652264,-0.31596357808214603,0.6989520430542773,-0.2903308516068944,0.7010168792887166,110000.0
ID_1350,-0.8253454876265434,0.6222147155635368,-0.3810087211999231,-1.2697412108678772,-0.15105779189909693,-1.6291593628116114,-0.9354688951975273,-0.9122171603862802,-0.62655831935096,0.5849202654881185,1.1875610551385527,0.060974101464652264,-0.31596357808214603,-0.450342474184647,-0.47686708356573715,-0.4477292445508547,140000.0
ID_1351,-0.5812791023102916,0.6222147155635368,-0.3810087211999231,-0.6061199692561582,-0.15105779189909693,1.1437501490243154,-0.14685213368756297,-0.3891001339845127,-0.9222847246532806,0.5849202654881185,-0.13150426615085783,0.060974101464652264,-0.31596357808214603,-0.7376661034943781,0.3617487968646123,-0.7394405470434022,110000.0
ID_1352,-0.6082378746751949,-1.2105851160545795,-0.3810087211999231,-0.6061199692561582,-0.15105779189909693,1.1437501490243154,-0.14685213368756297,-0.6506586471853965,-0.9222847246532806,0.5849202654881185,0.056933636890486534,0.060974101464652264,-0.31596357808214603,-0.450342474184647,-0.47686708356573715,-0.4503435569919441,120000.0
ID_1353,0.4740122662609459,-1.2105851160545795,0.2782647963819663,1.3847437555789985,-0.15105779189909693,0.21944697841233984,1.4303813893323656,1.4418094584216736,1.443526517765285,0.5849202654881185,0.9991231520972084,0.060974101464652264,1.414753553583822,-1.3123133621138403,-0.020889627666346104,-1.3070910912575293,140000.0
ID_1354,2.098301707739227,0.6222147155635368,-0.3810087211999231,-0.6061199692561582,-0.15105779189909693,0.21944697841233984,-0.6725966413608725,-0.3891001339845127,-0.62655831935096,-1.5114339660212976,-0.13150426615085783,0.060974101464652264,-0.8928692886374687,-1.3123133621138403,-0.10220029287917282,-1.3161980917391265,80000.0
ID_1355,-0.6543238822644718,0.6222147155635368,-0.3810087211999231,-0.6061199692561582,-0.15105779189909693,1.1437501490243154,-0.6725966413608725,-0.6506586471853965,-0.62655831935096,0.5849202654881185,0.6222473460145197,-1.3767310278071516,-0.8928692886374687,-1.5996369914235713,0.3856636983977981,-1.601301791358591,140000.0
ID_1356,-0.7347210546818074,-1.2105851160545795,0.2782647963819663,1.3847437555789985,-0.15105779189909693,-0.7048561921996358,1.4303813893323656,1.4418094584216736,1.443526517765285,0.5849202654881185,0.24537153993183092,0.060974101464652264,1.414753553583822,-1.3123133621138403,-0.020889627666346104,-1.3070336338412418,100000.0
ID_1357,0.03144780666975162,-1.2105851160545795,0.2782647963819663,1.3847437555789985,-0.15105779189909693,2.068053319636291,1.4303813893323656,1.4418094584216736,1.443526517765285,2.6812744969975344,0.810685249055864,0.060974101464652264,1.414753553583822,-1.5996369914235713,0.3856636983977981,-1.5960444377682683,190000.0
ID_1358,-1.095208581779814,2.455014547181653,4.893179419455191,1.3847437555789985,5.033906973624536,2.068053319636291,1.4303813893323656,1.4418094584216736,1.443526517765285,-1.5114339660212976,-2.752675497455958,4.374089489280064,1.414753553583822,1.5609229309834705,0.48929493837493176,1.5587124609230485,9.0
ID_1359,-0.7347210546818074,0.6222147155635368,-0.3810087211999231,-1.2697412108678772,-0.8917670441167587,-0.7048561921996358,-0.9354688951975273,-0.9122171603862802,-0.62655831935096,0.5849202654881185,1.1875610551385527,0.060974101464652264,-0.31596357808214603,-1.3123133621138403,-0.020889627666346104,-1.309159558243886,9.0
ID_1360,0.7456432390514247,-1.2105851160545795,0.2782647963819663,1.3847437555789985,-0.15105779189909693,0.21944697841233984,1.4303813893323656,1.4418094584216736,1.443526517765285,0.5849202654881185,0.810685249055864,0.060974101464652264,1.414753553583822,1.2735993016737392,0.22623102150989877,1.2782053546065986,160000.0
ID_1361,-0.4528462991336738,-1.2105851160545795,-0.3810087211999231,-0.6061199692561582,-0.15105779189909693,-0.7048561921996358,-0.6725966413608725,-0.6506586471853965,-0.62655831935096,-1.5114339660212976,-0.5083800722335465,0.060974101464652264,-0.8928692886374687,0.1243047844348151,5.06660709182652,0.11880088004566271,83000.0
ID_1362,-0.6546157749989641,0.6222147155635368,-0.3810087211999231,-0.6061199692561582,-0.15105779189909693,1.1437501490243154,-0.6725966413608725,-0.6506586471853965,-0.62655831935096,0.5849202654881185,-0.3199421691922022,0.060974101464652264,-0.8928692886374687,1.5609229309834705,-0.2393123950027652,1.5625046503980353,120000.0
ID_1363,-0.8707816208258186,0.6222147155635368,-0.3810087211999231,-1.2697412108678772,-0.15105779189909693,-1.6291593628116114,-0.9354688951975273,-0.9122171603862802,-0.9222847246532806,0.5849202654881185,0.056933636890486534,0.060974101464652264,-0.31596357808214603,1.2735993016737392,0.22623102150989877,1.2762230737446736,100000.0
ID_1364,-0.6307521671016962,0.6222147155635368,-0.3810087211999231,-0.6061199692561582,-0.15105779189909693,-1.6291593628116114,-0.6725966413608725,-0.6506586471853965,-0.62655831935096,-1.5114339660212976,-1.299819265007193,-1.3767310278071516,-0.8928692886374687,1.5609229309834705,0.48929493837493176,1.5563854355633975,48200.0
ID_1365,-0.49398114505675095,0.6222147155635368,-0.3810087211999231,-1.2697412108678772,-0.15105779189909693,-1.6291593628116114,-0.9354688951975273,-0.9122171603862802,-0.9222847246532806,-1.5114339660212976,-0.696817975274891,-1.3767310278071516,-0.8928692886374687,0.9862756723640083,-2.2290322025637495,0.9822422033087627,80000.0
ID_1366,0.4625183014140505,-1.2105851160545795,-0.3810087211999231,-0.2743093484502987,-0.15105779189909693,0.21944697841233984,-0.6725966413608725,-0.6506586471853965,-0.62655831935096,0.5849202654881185,0.24537153993183092,0.060974101464652264,-0.31596357808214603,0.1243047844348151,-1.1560502871081872,0.12512119583730744,98000.0
ID_1367,2.098301707739227,0.6222147155635368,-0.3810087211999231,0.05750127235556074,-0.15105779189909693,0.21944697841233984,-0.6725966413608725,-0.6506586471853965,-0.62655831935096,-1.5114339660212976,-0.3199421691922022,0.060974101464652264,-0.8928692886374687,-1.3123133621138403,-0.10220029287917282,-1.3180080003521886,60000.0
ID_1368,-0.2685958947480072,0.6222147155635368,-0.3810087211999231,-0.6061199692561582,-0.15105779189909693,-0.7048561921996358,-0.6725966413608725,-0.6506586471853965,-0.62655831935096,-1.5114339660212976,-0.696817975274891,0.060974101464652264,-0.8928692886374687,0.6989520430542773,0.5769829106632773,0.6939783457934758,80000.0
ID_1369,-0.6904139405499081,0.6222147155635368,-0.3810087211999231,-0.6061199692561582,-0.15105779189909693,-0.7048561921996358,-0.6725966413608725,-0.6506586471853965,-0.62655831935096,0.5849202654881185,-0.13150426615085783,0.060974101464652264,-0.8928692886374687,-1.024989732804109,-0.06871943073271414,-1.0252337356583188,71000.0
ID_1370,-0.6546157749989641,0.6222147155635368,-0.3810087211999231,-0.6061199692561582,-0.15105779189909693,1.1437501490243154,-0.6725966413608725,-0.6506586471853965,-0.62655831935096,0.5849202654881185,-0.3199421691922022,0.060974101464652264,-0.31596357808214603,1.5609229309834705,-0.2393123950027652,1.5597754231243706,170000.0
ID_1371,-0.3902600909304541,-1.2105851160545795,-0.3810087211999231,-1.2697412108678772,-0.8917670441167587,-1.6291593628116114,-0.9354688951975273,-0.9122171603862802,-0.9222847246532806,-1.5114339660212976,-1.299819265007193,-1.3767310278071516,-0.31596357808214603,-1.024989732804109,0.19912746643895535,-1.0285088083867167,9.0
ID_1372,0.832186681123353,-1.2105851160545795,0.2782647963819663,1.3847437555789985,-0.15105779189909693,0.21944697841233984,1.4303813893323656,1.4418094584216736,1.443526517765285,0.5849202654881185,0.24537153993183092,0.060974101464652264,1.414753553583822,-0.16301884487491597,-0.08306837165262702,-0.1578565793795129,110000.0
ID_1373,-0.6662088732273852,0.6222147155635368,-0.3810087211999231,0.05750127235556074,-0.15105779189909693,1.1437501490243154,-0.40972438752421775,-0.3891001339845127,-0.9222847246532806,0.5849202654881185,-0.8852558783162353,0.060974101464652264,-0.8928692886374687,0.1243047844348151,-1.1560502871081872,0.12164502215190283,92000.0
ID_1374,-0.5249438045532752,0.6222147155635368,-0.3810087211999231,-0.6061199692561582,-0.15105779189909693,-0.7048561921996358,-0.6725966413608725,-0.6506586471853965,-0.62655831935096,-1.5114339660212976,-0.5083800722335465,0.060974101464652264,-0.8928692886374687,1.5609229309834705,0.48929493837493176,1.5552937446539317,110000.0
ID_1375,-0.603887020708234,0.6222147155635368,0.2782647963819663,1.3847437555789985,-0.15105779189909693,1.1437501490243154,1.4303813893323656,1.4418094584216736,1.443526517765285,0.5849202654881185,-0.5083800722335465,0.060974101464652264,1.414753553583822,-0.16301884487491597,-0.08306837165262702,-0.1584598822505335,110000.0
ID_1376,-0.7252097574654258,0.6222147155635368,-0.3810087211999231,-0.6061199692561582,-0.8917670441167587,-0.7048561921996358,-0.6725966413608725,-0.6506586471853965,-0.62655831935096,0.5849202654881185,-0.3199421691922022,0.060974101464652264,-0.8928692886374687,0.9862756723640083,0.9341121068921712,0.9858332918267426,9.0
ID_1377,-0.34419611298151626,0.6222147155635368,-0.3810087211999231,-0.6061199692561582,-0.15105779189909693,-0.7048561921996358,-0.6725966413608725,-0.6506586471853965,-0.62655831935096,-1.5114339660212976,-0.8852558783162353,-1.3767310278071516,-0.8928692886374687,-1.5996369914235713,-1.1464843264949127,-1.6041172047566874,70000.0
ID_1378,-0.8275704813007867,2.455014547181653,4.893179419455191,1.3847437555789985,5.033906973624536,2.068053319636291,1.4303813893323656,1.4418094584216736,1.443526517765285,2.6812744969975344,-2.752675497455958,4.374089489280064,1.414753553583822,0.1243047844348151,-1.1560502871081872,0.12983270397289712,9.0
ID_1379,-0.7036812914440965,-1.2105851160545795,0.2782647963819663,1.3847437555789985,-0.15105779189909693,0.21944697841233984,1.4303813893323656,1.4418094584216736,1.443526517765285,0.5849202654881185,0.43380944297317525,0.060974101464652264,1.414753553583822,0.4116284137445462,0.5291531075969093,0.41694741316243034,140000.0
ID_1380,-0.6543238822644718,0.6222147155635368,-0.3810087211999231,-1.2697412108678772,-0.15105779189909693,1.1437501490243154,-0.9354688951975273,-0.9122171603862802,-0.62655831935096,0.5849202654881185,-0.13150426615085783,-1.3767310278071516,-0.31596357808214603,-1.5996369914235713,0.3856636983977981,-1.5966190119311452,74000.0
ID_1381,-0.6307521671016962,-1.2105851160545795,-0.3810087211999231,-1.2697412108678772,-0.15105779189909693,-1.6291593628116114,-0.9354688951975273,-0.9122171603862802,-0.62655831935096,-1.5114339660212976,-0.9606310395327731,-1.3767310278071516,-0.8928692886374687,1.5609229309834705,0.48929493837493176,1.5567301800611237,120000.0
ID_1382,-0.04010446515145836,0.6222147155635368,-0.3810087211999231,-0.6061199692561582,-0.15105779189909693,1.1437501490243154,-0.6725966413608725,-0.6506586471853965,-0.62655831935096,-1.5114339660212976,-1.2809754747030584,-1.3767310278071516,-0.8928692886374687,0.9862756723640083,-2.2290322025637495,0.9803748372794131,65000.0
ID_1383,0.4740122662609459,0.6222147155635368,-0.3810087211999231,-0.2743093484502987,-0.15105779189909693,0.21944697841233984,-0.6725966413608725,-0.6506586471853965,-0.9222847246532806,0.5849202654881185,1.375998958179897,0.060974101464652264,-0.31596357808214603,-1.3123133621138403,-0.020889627666346104,-1.3105959936510778,96000.0
ID_1384,-0.5804089315168994,0.6222147155635368,0.2782647963819663,1.3847437555789985,-0.15105779189909693,1.1437501490243154,1.4303813893323656,1.4418094584216736,1.443526517765285,0.5849202654881185,0.24537153993183092,-1.3767310278071516,1.414753553583822,-1.024989732804109,-0.06871943073271414,-1.0202636691494347,170000.0
ID_1385,0.4625183014140505,0.6222147155635368,-0.3810087211999231,-0.6061199692561582,-0.15105779189909693,0.21944697841233984,-0.6725966413608725,-0.6506586471853965,-0.62655831935096,0.5849202654881185,0.810685249055864,0.060974101464652264,-0.31596357808214603,0.1243047844348151,-1.1560502871081872,0.12540848291874582,150000.0
ID_1386,0.631562746555693,-1.2105851160545795,0.2782647963819663,1.3847437555789985,-0.15105779189909693,0.21944697841233984,1.4303813893323656,1.4418094584216736,1.443526517765285,0.5849202654881185,1.752874764262586,0.060974101464652264,1.414753553583822,-0.450342474184647,-0.47686708356573715,-0.44683865459839567,160000.0
ID_1387,-0.6256798424136317,0.6222147155635368,-0.3810087211999231,-1.2697412108678772,-0.15105779189909693,-1.6291593628116114,-0.9354688951975273,-0.9122171603862802,-0.3308319140486392,-1.5114339660212976,-1.0360062007493107,0.060974101464652264,-0.31596357808214603,0.1243047844348151,5.06660709182652,0.12038095899357389,71000.0
ID_1388,-0.8161646350152474,0.6222147155635368,-0.3810087211999231,-0.6061199692561582,-0.15105779189909693,-1.6291593628116114,-0.6725966413608725,-0.6506586471853965,-0.9222847246532806,0.5849202654881185,1.1875610551385527,0.060974101464652264,-0.8928692886374687,-0.7376661034943781,0.3617487968646123,-0.7361080168987169,79000.0
ID_1389,-0.7094420423927561,0.6222147155635368,-0.3810087211999231,-1.2697412108678772,-0.15105779189909693,1.1437501490243154,-0.9354688951975273,-0.9122171603862802,-0.62655831935096,0.5849202654881185,0.43380944297317525,0.060974101464652264,-0.8928692886374687,0.6989520430542773,-0.2903308516068944,0.7008157783317097,200000.0
ID_1390,0.751150649136185,0.6222147155635368,-0.3810087211999231,-0.2743093484502987,-0.15105779189909693,0.21944697841233984,-0.6725966413608725,-0.3891001339845127,-0.62655831935096,0.5849202654881185,0.810685249055864,0.060974101464652264,-0.31596357808214603,0.6989520430542773,-0.2903308516068944,0.6984600242639148,150000.0
ID_1391,2.8146615522842113,-1.2105851160545795,0.2782647963819663,1.3847437555789985,-0.15105779189909693,0.21944697841233984,1.4303813893323656,1.4418094584216736,1.443526517765285,-1.5114339660212976,-1.0360062007493107,0.060974101464652264,1.414753553583822,-0.16301884487491597,0.46538003684174956,-0.16587188895164415,110000.0
ID_1392,-0.6904139405499081,0.6222147155635368,-0.3810087211999231,-0.6061199692561582,-0.8917670441167587,-0.7048561921996358,-0.6725966413608725,-0.6506586471853965,-0.62655831935096,0.5849202654881185,-0.13150426615085783,0.060974101464652264,-0.8928692886374687,-1.024989732804109,-0.06871943073271414,-1.0246017040791544,9.0
ID_1393,-0.5804089315168994,0.6222147155635368,-0.3810087211999231,-0.6061199692561582,-0.15105779189909693,1.1437501490243154,-0.6725966413608725,-0.6506586471853965,-0.9222847246532806,0.5849202654881185,1.375998958179897,0.060974101464652264,-0.31596357808214603,-1.024989732804109,-0.06871943073271414,-1.026469070108504,260000.0
ID_1394,-0.7479939129860804,-1.2105851160545795,0.2782647963819663,1.3847437555789985,-0.15105779189909693,-0.7048561921996358,1.4303813893323656,1.4418094584216736,1.443526517765285,0.5849202654881185,0.24537153993183092,-1.3767310278071516,1.414753553583822,-0.450342474184647,-0.47686708356573715,-0.4450574746934776,120000.0
ID_1395,-0.603887020708234,0.6222147155635368,-0.3810087211999231,-0.6061199692561582,-0.15105779189909693,1.1437501490243154,-0.14685213368756297,-0.6506586471853965,-0.62655831935096,0.5849202654881185,-0.5083800722335465,-1.3767310278071516,-0.8928692886374687,-0.16301884487491597,-0.08306837165262702,-0.16538350091319887,110000.0
ID_1396,2.65258398089979,0.6222147155635368,-0.3810087211999231,-0.2743093484502987,-0.15105779189909693,0.21944697841233984,-0.6725966413608725,-0.3891001339845127,-0.62655831935096,-1.5114339660212976,-0.3199421691922022,0.060974101464652264,-0.31596357808214603,0.6989520430542773,0.5769829106632773,0.6929728410084415,60000.0
ID_1397,-0.7679747967735919,0.6222147155635368,-0.3810087211999231,-1.2697412108678772,-0.15105779189909693,-1.6291593628116114,-0.9354688951975273,-0.9122171603862802,-0.62655831935096,0.5849202654881185,0.056933636890486534,0.060974101464652264,-0.31596357808214603,-0.16301884487491597,-0.08306837165262702,-0.15995377507401318,120000.0
ID_1398,0.5676382377018765,0.6222147155635368,-0.3810087211999231,0.05750127235556074,-0.15105779189909693,0.21944697841233984,-0.6725966413608725,-0.6506586471853965,-0.62655831935096,0.5849202654881185,1.1875610551385527,0.060974101464652264,-0.31596357808214603,1.5609229309834705,-0.2393123950027652,1.5609245714501243,210000.0
ID_1399,-0.8196453181888161,0.6222147155635368,-0.3810087211999231,-1.2697412108678772,-0.15105779189909693,2.068053319636291,-0.9354688951975273,-0.9122171603862802,-0.62655831935096,2.6812744969975344,1.9413126673039303,-1.3767310278071516,-0.8928692886374687,-1.5996369914235713,0.3856636983977981,-1.5965902832230012,180000.0
ID_1400,-0.5812791023102916,-1.2105851160545795,-0.3810087211999231,-0.6061199692561582,-0.15105779189909693,1.1437501490243154,-0.6725966413608725,-0.6506586471853965,-0.62655831935096,0.5849202654881185,0.6222473460145197,0.060974101464652264,-0.31596357808214603,-0.7376661034943781,0.3617487968646123,-0.7370560642674636,130000.0
ID_1401,-0.5812791023102916,0.6222147155635368,-0.3810087211999231,-1.2697412108678772,-0.15105779189909693,1.1437501490243154,-0.9354688951975273,-0.9122171603862802,-0.62655831935096,0.5849202654881185,-0.13150426615085783,-1.3767310278071516,-0.8928692886374687,-0.7376661034943781,0.3617487968646123,-0.7354472566114085,110000.0
ID_1402,-0.8879812625205259,0.6222147155635368,-0.3810087211999231,-0.6061199692561582,-0.15105779189909693,-1.6291593628116114,-0.6725966413608725,-0.6506586471853965,-0.9222847246532806,0.5849202654881185,0.6222473460145197,0.060974101464652264,-0.31596357808214603,0.1243047844348151,-1.1560502871081872,0.12471899392329368,110000.0
ID_1403,-0.25707990026077276,0.6222147155635368,-0.3810087211999231,-0.6061199692561582,-0.15105779189909693,-0.7048561921996358,-0.6725966413608725,-0.6506586471853965,-0.62655831935096,-1.5114339660212976,-0.696817975274891,0.060974101464652264,-0.8928692886374687,0.4116284137445462,-1.5466603454835397,0.4068349078957988,83000.0
ID_1404,3.0160730464939918,-1.2105851160545795,0.2782647963819663,1.3847437555789985,-0.15105779189909693,0.21944697841233984,1.4303813893323656,1.4418094584216736,1.443526517765285,-1.5114339660212976,-0.5083800722335465,0.060974101464652264,1.414753553583822,-1.024989732804109,0.19912746643895535,-1.0277618619749767,71000.0
ID_1405,-0.5912805590242168,0.6222147155635368,-0.3810087211999231,-1.2697412108678772,-0.15105779189909693,-1.6291593628116114,-0.9354688951975273,-0.9122171603862802,-0.9222847246532806,-1.5114339660212976,-0.8852558783162353,-1.3767310278071516,-0.8928692886374687,1.2735993016737392,-0.7128274453598268,1.2695292847471589,86000.0
ID_1406,2.753683507825741,0.6222147155635368,-0.3810087211999231,-0.9379305900620176,-0.15105779189909693,0.21944697841233984,-0.9354688951975273,-0.9122171603862802,-0.62655831935096,-1.5114339660212976,-0.696817975274891,0.060974101464652264,-0.31596357808214603,0.9862756723640083,-2.2290322025637495,0.9826731339309203,52000.0
ID_1407,-0.8015644908805469,-1.2105851160545795,0.2782647963819663,1.3847437555789985,-0.15105779189909693,-0.7048561921996358,1.4303813893323656,1.4418094584216736,1.443526517765285,0.5849202654881185,0.24537153993183092,0.060974101464652264,1.414753553583822,0.1243047844348151,-1.1560502871081872,0.12816643890055443,130000.0
ID_1408,-0.06619306672296948,0.6222147155635368,-0.3810087211999231,0.05750127235556074,-0.15105779189909693,1.1437501490243154,-0.6725966413608725,-0.6506586471853965,-0.62655831935096,-1.5114339660212976,-1.2432878940947896,-1.3767310278071516,-0.8928692886374687,-0.450342474184647,1.559088200292738,-0.45611802732885587,58000.0
ID_1409,2.753683507825741,0.6222147155635368,0.2782647963819663,1.3847437555789985,-0.15105779189909693,0.21944697841233984,1.4303813893323656,1.4418094584216736,1.443526517765285,-1.5114339660212976,-0.696817975274891,-1.3767310278071516,1.414753553583822,0.9862756723640083,-2.2290322025637495,0.9829316923042148,83000.0
ID_1410,3.0160730464939918,0.6222147155635368,-0.3810087211999231,0.05750127235556074,-0.15105779189909693,0.21944697841233984,-0.6725966413608725,-0.6506586471853965,-0.62655831935096,-1.5114339660212976,-0.8852558783162353,0.060974101464652264,-0.31596357808214603,-1.024989732804109,0.19912746643895535,-1.0304910892486414,62000.0
ID_1411,-0.05228134884886409,0.6222147155635368,-0.3810087211999231,-0.2743093484502987,-0.15105779189909693,0.21944697841233984,-0.6725966413608725,-0.6506586471853965,-0.62655831935096,-1.5114339660212976,-0.5083800722335465,0.060974101464652264,-0.8928692886374687,1.2735993016737392,-0.7128274453598268,1.26826522158883,85000.0
ID_1412,-0.5812791023102916,0.6222147155635368,-0.3810087211999231,-0.6061199692561582,-0.15105779189909693,1.1437501490243154,-0.14685213368756297,-0.6506586471853965,-0.3308319140486392,0.5849202654881185,0.6222473460145197,0.060974101464652264,-0.31596357808214603,-0.7376661034943781,0.3617487968646123,-0.7395267331678338,170000.0
ID_1413,0.7456432390514247,-1.2105851160545795,0.2782647963819663,1.3847437555789985,-0.15105779189909693,0.21944697841233984,1.4303813893323656,1.4418094584216736,1.443526517765285,0.5849202654881185,0.43380944297317525,0.060974101464652264,1.414753553583822,1.2735993016737392,0.22623102150989877,1.278463912979893,140000.0
ID_1414,-0.23054519847239607,0.6222147155635368,-0.3810087211999231,-0.6061199692561582,-0.15105779189909693,1.1437501490243154,-0.6725966413608725,-0.6506586471853965,-0.62655831935096,-1.5114339660212976,-0.5083800722335465,0.060974101464652264,-0.8928692886374687,-1.024989732804109,0.19912746643895535,-1.0296579567124702,89000.0
ID_1415,-0.6904139405499081,-1.2105851160545795,-0.3810087211999231,-0.6061199692561582,-0.15105779189909693,-0.7048561921996358,-0.6725966413608725,-0.6506586471853965,-0.9222847246532806,0.5849202654881185,0.6222473460145197,0.060974101464652264,-0.8928692886374687,-1.024989732804109,-0.06871943073271414,-1.0253486504908942,130000.0
ID_1416,2.65258398089979,0.6222147155635368,-0.3810087211999231,-0.2743093484502987,-0.8917670441167587,0.21944697841233984,-0.6725966413608725,-0.6506586471853965,-0.9222847246532806,-1.5114339660212976,-0.696817975274891,0.060974101464652264,-0.31596357808214603,0.6989520430542773,0.5769829106632773,0.6944667338319211,9.0
ID_1417,-0.34419611298151626,-1.2105851160545795,-0.3810087211999231,-0.6061199692561582,-0.15105779189909693,-0.7048561921996358,-0.6725966413608725,-0.6506586471853965,-0.9222847246532806,-1.5114339660212976,-0.3199421691922022,0.060974101464652264,-0.8928692886374687,-1.5996369914235713,-1.1464843264949127,-1.6048066937521395,72000.0
ID_1418,-0.5004082926256666,0.6222147155635368,-0.3810087211999231,0.05750127235556074,-0.15105779189909693,-1.6291593628116114,-0.6725966413608725,-0.6506586471853965,-0.9222847246532806,-1.5114339660212976,-1.6766950710898816,-1.3767310278071516,-0.8928692886374687,-0.450342474184647,1.559088200292738,-0.455744554122986,42400.0
ID_1419,2.4134026683287213,0.6222147155635368,-0.3810087211999231,0.05750127235556074,-0.15105779189909693,0.21944697841233984,-0.6725966413608725,-0.6506586471853965,-0.62655831935096,-1.5114339660212976,-0.5083800722335465,0.060974101464652264,-0.31596357808214603,-0.450342474184647,1.559088200292738,-0.4548826928786708,55000.0
ID_1420,-0.5453873107879066,-1.2105851160545795,0.2782647963819663,1.3847437555789985,-0.15105779189909693,-1.6291593628116114,1.4303813893323656,1.4418094584216736,1.443526517765285,-1.5114339660212976,-1.0360062007493107,-1.3767310278071516,1.414753553583822,-1.3123133621138403,-0.10220029287917282,-1.3155086027436744,57000.0
ID_1421,-0.8221346675471279,-1.2105851160545795,0.2782647963819663,1.3847437555789985,-0.15105779189909693,-1.6291593628116114,1.4303813893323656,1.4418094584216736,1.443526517765285,0.5849202654881185,0.056933636890486534,0.060974101464652264,1.414753553583822,0.9862756723640083,0.9341121068921712,0.9912630176659283,130000.0
ID_1422,-0.6302675150142374,2.455014547181653,4.893179419455191,1.3847437555789985,5.033906973624536,2.068053319636291,1.4303813893323656,1.4418094584216736,1.443526517765285,0.5849202654881185,-2.752675497455958,4.374089489280064,1.414753553583822,0.6989520430542773,-0.2903308516068944,0.7043206807252581,9.0
ID_1423,-0.7036812914440965,-1.2105851160545795,0.2782647963819663,1.3847437555789985,-0.15105779189909693,-0.7048561921996358,1.4303813893323656,1.4418094584216736,1.443526517765285,0.5849202654881185,0.9991231520972084,0.060974101464652264,1.414753553583822,0.4116284137445462,0.5291531075969093,0.41536733421451916,160000.0
ID_1424,-0.6302675150142374,0.6222147155635368,-0.3810087211999231,-1.2697412108678772,-0.15105779189909693,1.1437501490243154,-0.9354688951975273,-0.9122171603862802,-0.9222847246532806,0.5849202654881185,0.810685249055864,0.060974101464652264,-0.8928692886374687,0.6989520430542773,-0.2903308516068944,0.7011317941212919,150000.0
ID_1425,0.751150649136185,0.6222147155635368,-0.3810087211999231,0.05750127235556074,-0.15105779189909693,0.21944697841233984,-0.6725966413608725,-0.6506586471853965,-0.62655831935096,0.5849202654881185,0.24537153993183092,0.060974101464652264,-0.31596357808214603,0.6989520430542773,-0.2903308516068944,0.6973396046463051,66000.0
ID_1426,-0.8478322430026209,-1.2105851160545795,-0.3810087211999231,-1.2697412108678772,-0.15105779189909693,-1.6291593628116114,-0.9354688951975273,-0.9122171603862802,-0.9222847246532806,0.5849202654881185,-0.5083800722335465,-1.3767310278071516,-0.8928692886374687,-1.3123133621138403,-0.020889627666346104,-1.3099352333637695,170000.0
ID_1427,0.7456432390514247,-1.2105851160545795,0.2782647963819663,1.3847437555789985,-0.15105779189909693,0.21944697841233984,1.4303813893323656,1.4418094584216736,1.443526517765285,0.5849202654881185,0.9991231520972084,0.060974101464652264,1.414753553583822,1.2735993016737392,0.22623102150989877,1.2769412914482696,160000.0
ID_1428,0.833563533644543,-1.2105851160545795,0.2782647963819663,1.3847437555789985,-0.15105779189909693,0.21944697841233984,1.4303813893323656,1.4418094584216736,1.443526517765285,0.5849202654881185,0.24537153993183092,0.060974101464652264,1.414753553583822,-0.7376661034943781,0.3617487968646123,-0.7322296412992985,66000.0
ID_1429,-0.5951963275944817,-1.2105851160545795,0.2782647963819663,1.3847437555789985,-0.15105779189909693,1.1437501490243154,1.4303813893323656,1.4418094584216736,1.443526517765285,0.5849202654881185,-0.3199421691922022,0.060974101464652264,1.414753553583822,0.9862756723640083,0.9341121068921712,0.9898553109668802,110000.0
ID_1430,-0.2685958947480072,-1.2105851160545795,-0.3810087211999231,-1.2697412108678772,-0.8917670441167587,-0.7048561921996358,-0.9354688951975273,-0.9122171603862802,-0.62655831935096,-1.5114339660212976,-0.5083800722335465,0.060974101464652264,-0.31596357808214603,0.6989520430542773,0.5769829106632773,0.6951562228273732,9.0
ID_1431,-0.6904139405499081,0.6222147155635368,-0.3810087211999231,-0.6061199692561582,-0.8917670441167587,-0.7048561921996358,-0.6725966413608725,-0.6506586471853965,-0.62655831935096,0.5849202654881185,-0.3199421691922022,0.060974101464652264,-0.8928692886374687,-1.024989732804109,-0.06871943073271414,-1.0250900921175996,9.0
ID_1432,-0.7104388836180978,-1.2105851160545795,0.2782647963819663,1.3847437555789985,-0.15105779189909693,-0.7048561921996358,1.4303813893323656,1.4418094584216736,1.443526517765285,0.5849202654881185,0.24537153993183092,0.060974101464652264,1.414753553583822,-0.16301884487491597,-0.08306837165262702,-0.1579427655039444,120000.0
ID_1433,-0.5804089315168994,0.6222147155635368,-0.3810087211999231,-1.2697412108678772,-0.15105779189909693,1.1437501490243154,-0.9354688951975273,-0.9122171603862802,-0.62655831935096,0.5849202654881185,0.24537153993183092,-1.3767310278071516,-0.8928692886374687,-1.024989732804109,-0.06871943073271414,-1.0227056093416609,120000.0
ID_1434,2.817415257326591,-1.2105851160545795,0.2782647963819663,1.3847437555789985,-0.15105779189909693,0.21944697841233984,1.4303813893323656,1.4418094584216736,1.443526517765285,-1.5114339660212976,-0.3199421691922022,0.060974101464652264,1.414753553583822,-0.7376661034943781,-1.0014005905269243,-0.7403024082877174,78000.0
ID_1435,-0.06619306672296948,0.6222147155635368,-0.3810087211999231,-0.6061199692561582,-0.15105779189909693,1.1437501490243154,-0.6725966413608725,-0.6506586471853965,-0.62655831935096,-1.5114339660212976,-0.696817975274891,-1.3767310278071516,-0.8928692886374687,-0.450342474184647,1.559088200292738,-0.45459540579723234,78000.0
ID_1436,-0.6082378746751949,-1.2105851160545795,0.2782647963819663,1.3847437555789985,-0.15105779189909693,1.1437501490243154,1.4303813893323656,1.4418094584216736,1.443526517765285,0.5849202654881185,-0.696817975274891,0.060974101464652264,1.414753553583822,-0.450342474184647,-0.47686708356573715,-0.445344761774916,100000.0
ID_1437,-0.32767388272723436,0.6222147155635368,0.2782647963819663,1.3847437555789985,-0.15105779189909693,-0.7048561921996358,1.4303813893323656,1.4418094584216736,1.443526517765285,-1.5114339660212976,-1.5071009583526718,-1.3767310278071516,1.414753553583822,-0.7376661034943781,-1.0014005905269243,-0.7407907963261627,43600.0
ID_1438,-1.095208581779814,2.455014547181653,4.893179419455191,1.3847437555789985,5.033906973624536,2.068053319636291,1.4303813893323656,1.4418094584216736,1.443526517765285,-1.5114339660212976,-2.752675497455958,4.374089489280064,1.414753553583822,1.5609229309834705,0.48929493837493176,1.558971019296343,9.0
ID_1439,-0.7479939129860804,-1.2105851160545795,0.2782647963819663,1.3847437555789985,-0.15105779189909693,-0.7048561921996358,1.4303813893323656,1.4418094584216736,1.443526517765285,0.5849202654881185,0.24537153993183092,0.060974101464652264,1.414753553583822,-0.450342474184647,-0.47686708356573715,-0.4456895062726421,120000.0
ID_1440,0.751150649136185,-1.2105851160545795,0.2782647963819663,1.3847437555789985,-0.15105779189909693,0.21944697841233984,1.4303813893323656,1.4418094584216736,1.443526517765285,0.5849202654881185,0.810685249055864,0.060974101464652264,1.414753553583822,0.6989520430542773,-0.2903308516068944,0.7021085701981825,140000.0
ID_1441,-0.7472393978044682,-1.2105851160545795,0.2782647963819663,1.3847437555789985,-0.15105779189909693,-0.7048561921996358,1.4303813893323656,1.4418094584216736,1.443526517765285,0.5849202654881185,0.24537153993183092,0.060974101464652264,1.414753553583822,-1.5996369914235713,0.3856636983977981,-1.5954411348972477,87000.0
ID_1442,2.6415691607302696,-1.2105851160545795,0.2782647963819663,1.3847437555789985,-0.15105779189909693,0.21944697841233984,1.4303813893323656,1.4418094584216736,1.443526517765285,-1.5114339660212976,-0.5083800722335465,0.060974101464652264,1.414753553583822,1.2735993016737392,-0.7128274453598268,1.2703336885751864,75000.0
ID_1443,-0.6904139405499081,-1.2105851160545795,-0.3810087211999231,-0.6061199692561582,-0.15105779189909693,-0.7048561921996358,-0.6725966413608725,-0.6506586471853965,-0.62655831935096,0.5849202654881185,-0.3199421691922022,0.060974101464652264,-0.8928692886374687,-1.024989732804109,-0.06871943073271414,-1.025750852404908,71000.0
ID_1444,2.753683507825741,-1.2105851160545795,0.2782647963819663,1.3847437555789985,-0.15105779189909693,0.21944697841233984,1.4303813893323656,1.4418094584216736,1.443526517765285,-1.5114339660212976,-0.696817975274891,0.060974101464652264,1.414753553583822,0.9862756723640083,-2.2290322025637495,0.9833338942182286,80000.0
ID_1445,-0.49398114505675095,0.6222147155635368,-0.3810087211999231,-1.2697412108678772,-0.15105779189909693,-1.6291593628116114,-0.9354688951975273,-0.9122171603862802,-0.62655831935096,-1.5114339660212976,-1.299819265007193,-1.3767310278071516,-0.31596357808214603,0.9862756723640083,-2.2290322025637495,0.9820985597680435,65000.0
ID_1446,-0.7422331620374208,0.6222147155635368,-0.3810087211999231,0.05750127235556074,-0.15105779189909693,-0.7048561921996358,-0.14685213368756297,-0.3891001339845127,-0.9222847246532806,0.5849202654881185,-0.3199421691922022,0.060974101464652264,-0.8928692886374687,1.2735993016737392,0.22623102150989877,1.2732352880977142,110000.0
ID_1447,0.801703166304203,0.6222147155635368,-0.3810087211999231,-0.6061199692561582,-0.15105779189909693,0.21944697841233984,-0.40972438752421775,-0.6506586471853965,-0.62655831935096,0.5849202654881185,0.24537153993183092,0.060974101464652264,-0.31596357808214603,0.9862756723640083,0.9341121068921712,0.987557014315373,140000.0
ID_1448,-0.7036812914440965,0.6222147155635368,-0.3810087211999231,-0.6061199692561582,-0.15105779189909693,-0.7048561921996358,-0.6725966413608725,-0.6506586471853965,-0.9222847246532806,0.5849202654881185,1.375998958179897,0.060974101464652264,-0.31596357808214603,0.4116284137445462,0.5291531075969093,0.41079946961964864,210000.0
ID_1449,-0.04010446515145836,-1.2105851160545795,0.2782647963819663,1.3847437555789985,-0.15105779189909693,1.1437501490243154,1.4303813893323656,1.4418094584216736,1.443526517765285,-1.5114339660212976,-0.5083800722335465,0.060974101464652264,1.414753553583822,0.9862756723640083,-2.2290322025637495,0.982902963596071,89000.0
ID_1450,0.9328951819332859,-1.2105851160545795,0.2782647963819663,1.3847437555789985,-0.15105779189909693,0.21944697841233984,1.4303813893323656,1.4418094584216736,1.443526517765285,0.5849202654881185,0.9991231520972084,0.060974101464652264,1.414753553583822,-1.024989732804109,-0.06871943073271414,-1.021269173934469,210000.0
ID_1451,-0.603887020708234,0.6222147155635368,0.2782647963819663,1.3847437555789985,-0.15105779189909693,1.1437501490243154,1.4303813893323656,1.4418094584216736,1.443526517765285,0.5849202654881185,1.375998958179897,0.060974101464652264,1.414753553583822,-0.16301884487491597,-0.08306837165262702,-0.1593792009111364,140000.0
ID_1452,0.9328951819332859,-1.2105851160545795,0.2782647963819663,1.3847437555789985,-0.15105779189909693,0.21944697841233984,1.4303813893323656,1.4418094584216736,1.443526517765285,0.5849202654881185,0.24537153993183092,0.060974101464652264,1.414753553583822,-1.024989732804109,-0.06871943073271414,-1.019660366278414,120000.0
ID_1453,-0.34419611298151626,-1.2105851160545795,0.2782647963819663,1.3847437555789985,-0.15105779189909693,-0.7048561921996358,1.4303813893323656,1.4418094584216736,1.443526517765285,-1.5114339660212976,-1.0736937813575798,-1.3767310278071516,1.414753553583822,-1.5996369914235713,-1.1464843264949127,-1.6028818703065022,55000.0
ID_1454,0.833563533644543,0.6222147155635368,-0.3810087211999231,-1.2697412108678772,-0.15105779189909693,0.21944697841233984,-0.9354688951975273,-0.9122171603862802,-0.62655831935096,0.5849202654881185,0.24537153993183092,0.060974101464652264,-0.8928692886374687,-0.7376661034943781,0.3617487968646123,-0.7348152250322441,120000.0
ID_1455,-0.3341836414474214,0.6222147155635368,-0.3810087211999231,-0.6061199692561582,-0.15105779189909693,-0.7048561921996358,-0.6725966413608725,-0.6506586471853965,-0.62655831935096,-1.5114339660212976,-0.5083800722335465,0.060974101464652264,-0.31596357808214603,1.2735993016737392,-0.7128274453598268,1.2686386947947,83000.0
ID_1456,0.833563533644543,-1.2105851160545795,-0.3810087211999231,-0.6061199692561582,-0.15105779189909693,0.21944697841233984,-0.6725966413608725,-0.6506586471853965,-0.62655831935096,0.5849202654881185,1.1875610551385527,0.060974101464652264,-0.8928692886374687,-0.7376661034943781,0.3617487968646123,-0.73875105804795,120000.0
ID_1457,-0.8015644908805469,0.6222147155635368,-0.3810087211999231,-0.9379305900620176,-0.15105779189909693,-0.7048561921996358,-0.9354688951975273,-0.9122171603862802,-0.62655831935096,0.5849202654881185,0.43380944297317525,0.060974101464652264,-0.31596357808214603,0.1243047844348151,-1.1560502871081872,0.1265576312444994,140000.0
ID_1458,0.7381696835664046,0.6222147155635368,-0.3810087211999231,-0.6061199692561582,-0.15105779189909693,0.21944697841233984,-0.6725966413608725,-0.3891001339845127,-0.62655831935096,0.5849202654881185,0.24537153993183092,0.060974101464652264,-0.31596357808214603,0.4116284137445462,0.5291531075969093,0.41059836866264177,90000.0
ID_1459,-0.5804089315168994,-1.2105851160545795,-0.3810087211999231,-0.6061199692561582,-0.15105779189909693,1.1437501490243154,-0.6725966413608725,-0.6506586471853965,-0.9222847246532806,0.5849202654881185,-0.5083800722335465,0.060974101464652264,-0.31596357808214603,-1.024989732804109,-0.06871943073271414,-1.0249464485768804,74000.0
ID_1460,-0.6543238822644718,0.6222147155635368,-0.3810087211999231,-0.6061199692561582,-0.15105779189909693,1.1437501490243154,-0.14685213368756297,-0.3891001339845127,-0.9222847246532806,0.5849202654881185,-0.5083800722335465,-1.3767310278071516,-0.8928692886374687,-1.5996369914235713,0.3856636983977981,-1.601646535856317,120000.0
ID_1461,-0.5812791023102916,0.6222147155635368,-0.3810087211999231,0.05750127235556074,-0.15105779189909693,1.1437501490243154,-0.14685213368756297,-0.6506586471853965,-0.62655831935096,0.5849202654881185,-0.3199421691922022,0.060974101464652264,-0.8928692886374687,-0.7376661034943781,0.3617487968646123,-0.7392394460863954,150000.0
ID_1462,0.801703166304203,-1.2105851160545795,0.2782647963819663,1.3847437555789985,-0.15105779189909693,0.21944697841233984,1.4303813893323656,1.4418094584216736,1.443526517765285,0.5849202654881185,0.24537153993183092,0.060974101464652264,1.414753553583822,0.9862756723640083,0.9341121068921712,0.9908320870437707,110000.0
ID_1463,-0.7036812914440965,0.6222147155635368,-0.3810087211999231,-0.6061199692561582,-0.15105779189909693,-0.7048561921996358,-0.6725966413608725,-0.6506586471853965,-0.62655831935096,0.5849202654881185,1.5644368612212416,0.060974101464652264,-0.31596357808214603,0.4116284137445462,0.5291531075969093,0.4116900595721077,210000.0
ID_1464,-0.23054519847239607,-1.2105851160545795,-0.3810087211999231,-0.9379305900620176,-0.15105779189909693,-0.7048561921996358,-0.9354688951975273,-0.9122171603862802,-0.62655831935096,-1.5114339660212976,-1.130225152269983,-1.3767310278071516,-0.8928692886374687,-1.024989732804109,0.19912746643895535,-1.0284800796785727,56000.0
ID_1465,0.4625183014140505,-1.2105851160545795,0.2782647963819663,1.3847437555789985,-0.15105779189909693,0.21944697841233984,1.4303813893323656,1.4418094584216736,1.443526517765285,0.5849202654881185,0.6222473460145197,0.060974101464652264,1.414753553583822,0.1243047844348151,-1.1560502871081872,0.12876974177157505,140000.0
ID_1466,2.6415691607302696,-1.2105851160545795,0.2782647963819663,1.3847437555789985,-0.15105779189909693,0.21944697841233984,1.4303813893323656,1.4418094584216736,1.443526517765285,-1.5114339660212976,-0.3199421691922022,0.060974101464652264,1.414753553583822,1.2735993016737392,-0.7128274453598268,1.2702762311588986,70000.0
ID_1467,-0.5812791023102916,0.6222147155635368,-0.3810087211999231,-0.2743093484502987,-0.15105779189909693,1.1437501490243154,-0.14685213368756297,-0.6506586471853965,-0.62655831935096,0.5849202654881185,-0.9606310395327731,0.060974101464652264,-0.8928692886374687,-0.7376661034943781,0.3617487968646123,-0.7393830896271146,74000.0
ID_1468,-0.8574702106509521,0.6222147155635368,-0.3810087211999231,-1.2697412108678772,-0.8917670441167587,-1.6291593628116114,-0.9354688951975273,-0.9122171603862802,-0.9222847246532806,0.5849202654881185,-0.5083800722335465,0.060974101464652264,-0.8928692886374687,-1.5996369914235713,0.3856636983977981,-1.5965040970985698,9.0
ID_1469,-0.34569963593465586,-1.2105851160545795,-0.3810087211999231,-0.6061199692561582,-0.15105779189909693,-0.7048561921996358,-0.40972438752421775,-0.6506586471853965,-0.3308319140486392,-1.5114339660212976,-0.696817975274891,-1.3767310278071516,-0.8928692886374687,-0.450342474184647,1.559088200292738,-0.4550550651275338,72000.0
ID_1470,0.832186681123353,2.455014547181653,4.893179419455191,1.3847437555789985,5.033906973624536,2.068053319636291,1.4303813893323656,1.4418094584216736,1.443526517765285,0.5849202654881185,-2.752675497455958,4.374089489280064,1.414753553583822,-0.16301884487491597,-0.08306837165262702,-0.1572820052166361,9.0
ID_1471,-0.7252097574654258,0.6222147155635368,-0.3810087211999231,-0.6061199692561582,-0.15105779189909693,-0.7048561921996358,-0.6725966413608725,-0.6506586471853965,-0.3308319140486392,0.5849202654881185,0.056933636890486534,0.060974101464652264,-0.8928692886374687,0.9862756723640083,0.9341121068921712,0.9856609195778796,110000.0
ID_1472,2.817415257326591,-1.2105851160545795,0.2782647963819663,1.3847437555789985,-0.15105779189909693,0.21944697841233984,1.4303813893323656,1.4418094584216736,1.443526517765285,-1.5114339660212976,-0.3199421691922022,0.060974101464652264,1.414753553583822,-0.7376661034943781,-1.0014005905269243,-0.7405896953691559,78000.0
ID_1473,-0.7422331620374208,0.6222147155635368,-0.3810087211999231,-0.6061199692561582,-0.15105779189909693,-0.7048561921996358,-0.6725966413608725,-0.3891001339845127,-0.9222847246532806,0.5849202654881185,1.1875610551385527,0.060974101464652264,-0.8928692886374687,1.2735993016737392,0.22623102150989877,1.2729767297244197,140000.0
ID_1474,-0.6256798424136317,-1.2105851160545795,-0.3810087211999231,-0.6061199692561582,-0.15105779189909693,-1.6291593628116114,-0.6725966413608725,-0.6506586471853965,-0.62655831935096,-1.5114339660212976,-0.9606310395327731,-1.3767310278071516,-0.8928692886374687,0.1243047844348151,5.06660709182652,0.11960528387369022,73000.0
ID_1475,0.4625183014140505,0.6222147155635368,-0.3810087211999231,-0.6061199692561582,-0.15105779189909693,0.21944697841233984,-0.6725966413608725,-0.3891001339845127,-0.62655831935096,0.5849202654881185,0.9991231520972084,0.060974101464652264,-0.8928692886374687,0.1243047844348151,-1.1560502871081872,0.1215588360274713,140000.0
ID_1476,-0.32767388272723436,0.6222147155635368,-0.3810087211999231,-0.6061199692561582,-0.15105779189909693,-0.7048561921996358,-0.6725966413608725,-0.6506586471853965,-0.62655831935096,-1.5114339660212976,-0.8852558783162353,0.060974101464652264,-0.8928692886374687,-0.7376661034943781,-1.0014005905269243,-0.7426294336473684,65000.0
ID_1477,0.9328951819332859,-1.2105851160545795,0.2782647963819663,1.3847437555789985,-0.15105779189909693,0.21944697841233984,1.4303813893323656,1.4418094584216736,1.443526517765285,0.5849202654881185,0.810685249055864,0.060974101464652264,1.414753553583822,-1.024989732804109,-0.06871943073271414,-1.0193730791969755,95000.0
ID_1478,0.6223158050233801,0.6222147155635368,-0.3810087211999231,-0.6061199692561582,-0.15105779189909693,0.21944697841233984,-0.6725966413608725,-0.6506586471853965,-0.9222847246532806,0.5849202654881185,1.5644368612212416,0.060974101464652264,-0.8928692886374687,-1.5996369914235713,0.3856636983977981,-1.5991184095396591,100000.0
ID_1479,-0.6012820157381421,0.6222147155635368,-0.3810087211999231,-0.6061199692561582,-0.15105779189909693,1.1437501490243154,-0.14685213368756297,-0.6506586471853965,-0.62655831935096,0.5849202654881185,-0.696817975274891,-1.3767310278071516,-0.8928692886374687,1.2735993016737392,0.22623102150989877,1.2726607139348374,100000.0
ID_1480,-0.7821563777418505,0.6222147155635368,-0.3810087211999231,-0.2743093484502987,-0.15105779189909693,2.068053319636291,-0.40972438752421775,-0.6506586471853965,-0.9222847246532806,2.6812744969975344,1.752874764262586,0.060974101464652264,-0.8928692886374687,0.4116284137445462,0.5291531075969093,0.40999506579162115,200000.0
ID_1481,-0.32767388272723436,0.6222147155635368,-0.3810087211999231,-0.2743093484502987,-0.15105779189909693,-0.7048561921996358,-0.6725966413608725,-0.6506586471853965,-0.62655831935096,-1.5114339660212976,-0.696817975274891,-1.3767310278071516,-0.8928692886374687,-0.7376661034943781,-1.0014005905269243,-0.7428305346043753,43600.0
ID_1482,0.832186681123353,0.6222147155635368,-0.3810087211999231,-0.6061199692561582,-0.15105779189909693,0.21944697841233984,-0.6725966413608725,-0.6506586471853965,-0.62655831935096,0.5849202654881185,-0.13150426615085783,0.060974101464652264,-0.8928692886374687,-0.16301884487491597,-0.08306837165262702,-0.1613614817730613,140000.0
ID_1483,-0.6662088732273852,-1.2105851160545795,0.2782647963819663,1.3847437555789985,-0.15105779189909693,1.1437501490243154,1.4303813893323656,1.4418094584216736,1.443526517765285,0.5849202654881185,0.6222473460145197,0.060974101464652264,1.414753553583822,0.1243047844348151,-1.1560502871081872,0.12724712023995155,140000.0
ID_1484,-0.6543238822644718,0.6222147155635368,-0.3810087211999231,-1.2697412108678772,-0.8917670441167587,1.1437501490243154,-0.9354688951975273,-0.9122171603862802,-0.9222847246532806,0.5849202654881185,-0.9606310395327731,-1.3767310278071516,-0.8928692886374687,-1.5996369914235713,0.3856636983977981,-1.5974234157591727,9.0
ID_1485,-0.31916493414627917,-1.2105851160545795,0.2782647963819663,1.3847437555789985,-0.15105779189909693,-0.7048561921996358,1.4303813893323656,1.4418094584216736,1.443526517765285,-1.5114339660212976,-0.5083800722335465,0.060974101464652264,1.414753553583822,-1.3123133621138403,-0.10220029287917282,-1.3156235175762498,72000.0
ID_1486,-0.5804089315168994,-1.2105851160545795,-0.3810087211999231,-0.6061199692561582,-0.15105779189909693,1.1437501490243154,-0.6725966413608725,-0.6506586471853965,-0.62655831935096,0.5849202654881185,-0.13150426615085783,-1.3767310278071516,-0.8928692886374687,-1.024989732804109,-0.06871943073271414,-1.0243431457058598,220000.0
ID_1487,-0.32767388272723436,0.6222147155635368,-0.3810087211999231,-0.6061199692561582,-0.15105779189909693,-0.7048561921996358,-0.6725966413608725,-0.3891001339845127,-0.62655831935096,-1.5114339660212976,-0.8852558783162353,0.060974101464652264,-0.8928692886374687,-0.7376661034943781,-1.0014005905269243,-0.7431178216858138,65000.0
ID_1488,-0.15894886737050795,-1.2105851160545795,-0.3810087211999231,-0.2743093484502987,-0.15105779189909693,1.1437501490243154,-0.6725966413608725,-0.6506586471853965,-0.62655831935096,-1.5114339660212976,-0.5083800722335465,0.060974101464652264,-0.31596357808214603,1.5609229309834705,0.48929493837493176,1.5560981484819592,94000.0
ID_1489,-0.6904139405499081,0.6222147155635368,-0.3810087211999231,-0.6061199692561582,-0.15105779189909693,-0.7048561921996358,-0.6725966413608725,-0.3891001339845127,-0.9222847246532806,0.5849202654881185,0.24537153993183092,0.060974101464652264,-0.31596357808214603,-1.024989732804109,-0.06871943073271414,-1.0251188208257436,90000.0
ID_1490,-0.8221346675471279,0.6222147155635368,-0.3810087211999231,-1.2697412108678772,-0.15105779189909693,-1.6291593628116114,-0.9354688951975273,-0.9122171603862802,-0.62655831935096,0.5849202654881185,0.43380944297317525,0.060974101464652264,-0.8928692886374687,0.9862756723640083,0.9341121068921712,0.9890796358469964,150000.0
ID_1491,0.751150649136185,-1.2105851160545795,0.2782647963819663,1.3847437555789985,-0.15105779189909693,0.21944697841233984,1.4303813893323656,1.4418094584216736,1.443526517765285,0.5849202654881185,0.43380944297317525,0.060974101464652264,1.414753553583822,0.6989520430542773,-0.2903308516068944,0.703257718523936,170000.0
ID_1492,-0.5980932252990657,0.6222147155635368,-0.3810087211999231,-1.2697412108678772,-0.15105779189909693,1.1437501490243154,-0.9354688951975273,-0.9122171603862802,-0.9222847246532806,0.5849202654881185,0.6222473460145197,0.060974101464652264,-0.31596357808214603,0.4116284137445462,0.5291531075969093,0.4133563246444504,150000.0
ID_1493,-0.6662088732273852,0.6222147155635368,-0.3810087211999231,-0.6061199692561582,-0.15105779189909693,1.1437501490243154,-0.6725966413608725,-0.6506586471853965,-0.9222847246532806,0.5849202654881185,-0.13150426615085783,0.060974101464652264,-0.8928692886374687,0.1243047844348151,-1.1560502871081872,0.12127154894603291,130000.0
ID_1494,-0.5912805590242168,-1.2105851160545795,-0.3810087211999231,-0.6061199692561582,-0.15105779189909693,-1.6291593628116114,-0.6725966413608725,-0.6506586471853965,-0.62655831935096,-1.5114339660212976,-0.5083800722335465,0.060974101464652264,-0.8928692886374687,1.2735993016737392,-0.7128274453598268,1.2691558115412889,51000.0
ID_1495,0.9328951819332859,0.6222147155635368,-0.3810087211999231,-0.6061199692561582,-0.15105779189909693,0.21944697841233984,-0.6725966413608725,-0.6506586471853965,-0.62655831935096,0.5849202654881185,0.6222473460145197,0.060974101464652264,-0.8928692886374687,-1.024989732804109,-0.06871943073271414,-1.0236823854185515,130000.0
ID_1496,-0.603887020708234,0.6222147155635368,-0.3810087211999231,-0.6061199692561582,-0.15105779189909693,1.1437501490243154,-0.14685213368756297,-0.6506586471853965,-0.9222847246532806,0.5849202654881185,1.1875610551385527,-1.3767310278071516,-0.31596357808214603,-0.16301884487491597,-0.08306837165262702,-0.16489511287475359,160000.0
ID_1497,-0.4848057998555397,0.6222147155635368,-0.3810087211999231,-0.6061199692561582,-0.15105779189909693,-1.6291593628116114,-0.6725966413608725,-0.6506586471853965,-0.62655831935096,-1.5114339660212976,-1.6766950710898816,-1.3767310278071516,-0.31596357808214603,0.6989520430542773,0.5769829106632773,0.6943805477074896,51000.0
ID_1498,-0.8574702106509521,0.6222147155635368,-0.3810087211999231,-1.2697412108678772,-0.15105779189909693,-1.6291593628116114,-0.9354688951975273,-0.9122171603862802,-0.62655831935096,0.5849202654881185,0.24537153993183092,0.060974101464652264,-0.31596357808214603,-1.5996369914235713,0.3856636983977981,-1.5972510435103096,110000.0
ID_1499,0.7456432390514247,0.6222147155635368,-0.3810087211999231,-0.2743093484502987,-0.15105779189909693,0.21944697841233984,-0.6725966413608725,-0.6506586471853965,-0.62655831935096,0.5849202654881185,-0.3199421691922022,0.060974101464652264,-0.8928692886374687,1.2735993016737392,0.22623102150989877,1.272344698145255,120000.0
ID_1500,-0.32767388272723436,-1.2105851160545795,0.2782647963819663,1.3847437555789985,-0.15105779189909693,-0.7048561921996358,1.4303813893323656,1.4418094584216736,1.443526517765285,-1.5114339660212976,-0.8852558783162353,0.060974101464652264,1.414753553583822,-0.7376661034943781,-1.0014005905269243,-0.7406184240772997,65000.0
ID_1501,-0.8376104898853053,-1.2105851160545795,0.2782647963819663,1.3847437555789985,-0.15105779189909693,-0.7048561921996358,1.4303813893323656,1.4418094584216736,1.443526517765285,0.5849202654881185,-0.3199421691922022,0.060974101464652264,1.414753553583822,1.5609229309834705,-0.2393123950027652,1.5671299724091936,94000.0
ID_1502,-0.7702713867789371,0.6222147155635368,-0.3810087211999231,-0.6061199692561582,-0.15105779189909693,0.21944697841233984,-0.6725966413608725,-0.6506586471853965,-0.62655831935096,0.5849202654881185,0.43380944297317525,0.060974101464652264,-0.8928692886374687,-1.024989732804109,-0.06871943073271414,-1.026267969151497,130000.0
ID_1503,-0.7036812914440965,0.6222147155635368,-0.3810087211999231,-0.6061199692561582,-0.15105779189909693,-0.7048561921996358,0.11602012014909178,-0.6506586471853965,-0.62655831935096,0.5849202654881185,0.43380944297317525,0.060974101464652264,-0.31596357808214603,0.4116284137445462,0.5291531075969093,0.41174751698839535,140000.0
ID_1504,-0.7252097574654258,0.6222147155635368,-0.3810087211999231,-0.6061199692561582,-0.15105779189909693,-0.7048561921996358,-0.6725966413608725,-0.6506586471853965,-0.62655831935096,0.5849202654881185,-0.3199421691922022,0.060974101464652264,-0.31596357808214603,0.9862756723640083,0.9341121068921712,0.9852587176638659,71000.0
ID_1505,-0.7422331620374208,0.6222147155635368,-0.3810087211999231,-0.6061199692561582,-0.8917670441167587,-0.7048561921996358,-0.6725966413608725,-0.6506586471853965,-0.62655831935096,0.5849202654881185,-0.696817975274891,0.060974101464652264,-0.8928692886374687,1.2735993016737392,0.22623102150989877,1.2728330861837005,9.0
ID_1506,-0.8175414875364376,0.6222147155635368,-0.3810087211999231,-1.2697412108678772,-0.15105779189909693,-1.6291593628116114,-0.9354688951975273,-0.9122171603862802,-0.62655831935096,0.5849202654881185,0.43380944297317525,0.060974101464652264,-0.8928692886374687,0.6989520430542773,-0.2903308516068944,0.7016201821597372,110000.0
ID_1507,-0.6609933558771169,0.6222147155635368,-0.3810087211999231,-0.6061199692561582,-0.15105779189909693,1.1437501490243154,-0.6725966413608725,-0.6506586471853965,-0.9222847246532806,0.5849202654881185,1.1875610551385527,0.060974101464652264,-0.31596357808214603,-1.3123133621138403,-0.020889627666346104,-1.3118887855175507,180000.0
ID_1508,-0.7036812914440965,0.6222147155635368,-0.3810087211999231,-1.2697412108678772,-0.15105779189909693,-0.7048561921996358,-0.9354688951975273,-0.9122171603862802,-0.3308319140486392,0.5849202654881185,-0.696817975274891,-1.3767310278071516,-0.31596357808214603,0.4116284137445462,0.5291531075969093,0.4148214887597862,71000.0
ID_1509,-0.6082378746751949,0.6222147155635368,-0.3810087211999231,-0.6061199692561582,-0.15105779189909693,1.1437501490243154,-0.14685213368756297,-0.6506586471853965,-0.62655831935096,0.5849202654881185,0.24537153993183092,0.060974101464652264,-0.8928692886374687,-0.450342474184647,-0.47686708356573715,-0.4527280397678828,120000.0
ID_1510,0.833563533644543,0.6222147155635368,-0.3810087211999231,-0.6061199692561582,-0.15105779189909693,0.21944697841233984,-0.6725966413608725,-0.6506586471853965,-0.62655831935096,0.5849202654881185,0.6222473460145197,0.060974101464652264,-0.31596357808214603,-0.7376661034943781,0.3617487968646123,-0.7384924996746556,130000.0
ID_1511,-0.8221346675471279,0.6222147155635368,-0.3810087211999231,-1.2697412108678772,-0.15105779189909693,-1.6291593628116114,-0.9354688951975273,-0.9122171603862802,-0.3308319140486392,0.5849202654881185,-0.5083800722335465,0.060974101464652264,-0.31596357808214603,0.9862756723640083,0.9341121068921712,0.9888785348899896,120000.0
ID_1512,-0.8253454876265434,0.6222147155635368,-0.3810087211999231,-0.6061199692561582,-0.15105779189909693,-1.6291593628116114,-0.6725966413608725,-0.6506586471853965,-0.62655831935096,0.5849202654881185,0.43380944297317525,0.060974101464652264,-0.8928692886374687,-0.450342474184647,-0.47686708356573715,-0.44971152541277964,130000.0
ID_1513,-0.5812791023102916,0.6222147155635368,0.2782647963819663,1.3847437555789985,-0.15105779189909693,1.1437501490243154,1.4303813893323656,1.4418094584216736,1.443526517765285,0.5849202654881185,-0.696817975274891,-1.3767310278071516,1.414753553583822,-0.7376661034943781,0.3617487968646123,-0.7330627738354698,94000.0
ID_1514,2.4134026683287213,0.6222147155635368,-0.3810087211999231,0.05750127235556074,-0.15105779189909693,0.21944697841233984,-0.6725966413608725,-0.6506586471853965,-0.62655831935096,-1.5114339660212976,-0.3199421691922022,0.060974101464652264,-0.8928692886374687,-0.450342474184647,1.559088200292738,-0.45522743737639687,78000.0
ID_1515,-0.603887020708234,0.6222147155635368,0.2782647963819663,1.3847437555789985,-0.15105779189909693,1.1437501490243154,1.4303813893323656,1.4418094584216736,1.443526517765285,0.5849202654881185,0.056933636890486534,0.060974101464652264,1.414753553583822,-0.16301884487491597,-0.08306837165262702,-0.15955157315999943,120000.0
ID_1516,-0.7104388836180978,-1.2105851160545795,-0.3810087211999231,-0.6061199692561582,-0.15105779189909693,-0.7048561921996358,-0.6725966413608725,-0.6506586471853965,-0.9222847246532806,0.5849202654881185,-0.13150426615085783,0.060974101464652264,-0.8928692886374687,-0.16301884487491597,-0.08306837165262702,-0.16357359230013696,95000.0
ID_1517,0.631562746555693,2.455014547181653,4.893179419455191,1.3847437555789985,5.033906973624536,2.068053319636291,1.4303813893323656,1.4418094584216736,1.443526517765285,0.5849202654881185,-2.752675497455958,4.374089489280064,1.414753553583822,-0.450342474184647,-0.47686708356573715,-0.4447414589038954,9.0
ID_1518,-0.6546157749989641,-1.2105851160545795,0.2782647963819663,1.3847437555789985,-0.15105779189909693,1.1437501490243154,1.4303813893323656,1.4418094584216736,1.443526517765285,0.5849202654881185,0.43380944297317525,0.060974101464652264,1.414753553583822,1.5609229309834705,-0.2393123950027652,1.5669576001603305,160000.0
ID_1519,0.631562746555693,-1.2105851160545795,0.2782647963819663,1.3847437555789985,-0.15105779189909693,0.21944697841233984,1.4303813893323656,1.4418094584216736,1.443526517765285,0.5849202654881185,1.375998958179897,0.060974101464652264,1.414753553583822,-0.450342474184647,-0.47686708356573715,-0.44658009622510114,180000.0
ID_1520,-0.32767388272723436,0.6222147155635368,-0.3810087211999231,-1.2697412108678772,-0.15105779189909693,-0.7048561921996358,-0.9354688951975273,-0.9122171603862802,-0.62655831935096,-1.5114339660212976,-0.3199421691922022,0.060974101464652264,-0.31596357808214603,-0.7376661034943781,-1.0014005905269243,-0.7408769824505942,62000.0
ID_1521,-0.7479939129860804,-1.2105851160545795,0.2782647963819663,1.3847437555789985,-0.15105779189909693,-0.7048561921996358,1.4303813893323656,1.4418094584216736,1.443526517765285,0.5849202654881185,0.43380944297317525,0.060974101464652264,1.414753553583822,-0.450342474184647,-0.47686708356573715,-0.44522984694234063,120000.0
ID_1522,0.7456432390514247,-1.2105851160545795,0.2782647963819663,1.3847437555789985,-0.15105779189909693,0.21944697841233984,1.4303813893323656,1.4418094584216736,1.443526517765285,0.5849202654881185,0.43380944297317525,0.060974101464652264,1.414753553583822,1.2735993016737392,0.22623102150989877,1.2772573072378517,100000.0
ID_1523,-0.7347210546818074,0.6222147155635368,-0.3810087211999231,-0.6061199692561582,-0.15105779189909693,-0.7048561921996358,-0.6725966413608725,-0.6506586471853965,-0.62655831935096,0.5849202654881185,0.056933636890486534,0.060974101464652264,-0.8928692886374687,-1.3123133621138403,-0.020889627666346104,-1.3131528486758797,110000.0
ID_1524,-0.6546157749989641,-1.2105851160545795,-0.3810087211999231,-0.6061199692561582,-0.15105779189909693,1.1437501490243154,-0.14685213368756297,-0.6506586471853965,-0.9222847246532806,0.5849202654881185,1.752874764262586,0.060974101464652264,-0.31596357808214603,1.5609229309834705,-0.2393123950027652,1.5607521992012612,260000.0
ID_1525,2.6415691607302696,-1.2105851160545795,0.2782647963819663,1.3847437555789985,-0.15105779189909693,0.21944697841233984,1.4303813893323656,1.4418094584216736,1.443526517765285,-1.5114339660212976,-0.5083800722335465,0.060974101464652264,1.414753553583822,1.2735993016737392,-0.7128274453598268,1.2701038589100357,85000.0
ID_1526,-0.5004082926256666,-1.2105851160545795,0.2782647963819663,1.3847437555789985,-0.15105779189909693,-1.6291593628116114,1.4303813893323656,1.4418094584216736,1.443526517765285,-1.5114339660212976,-1.0360062007493107,-1.3767310278071516,1.414753553583822,-0.450342474184647,1.559088200292738,-0.453762273261061,73000.0
ID_1527,2.753683507825741,0.6222147155635368,-0.3810087211999231,-0.2743093484502987,-0.15105779189909693,0.21944697841233984,-0.6725966413608725,-0.6506586471853965,-0.62655831935096,-1.5114339660212976,-0.3199421691922022,-1.3767310278071516,-0.31596357808214603,0.9862756723640083,-2.2290322025637495,0.9802599224468377,93000.0
ID_1528,-0.6302675150142374,0.6222147155635368,-0.3810087211999231,-0.6061199692561582,-0.15105779189909693,1.1437501490243154,-0.6725966413608725,-0.6506586471853965,-0.62655831935096,0.5849202654881185,-0.5083800722335465,0.060974101464652264,-0.8928692886374687,0.6989520430542773,-0.2903308516068944,0.6970523175648666,110000.0
ID_1529,2.817415257326591,0.6222147155635368,-0.3810087211999231,-0.6061199692561582,-0.15105779189909693,0.21944697841233984,-0.6725966413608725,-0.3891001339845127,-0.62655831935096,-1.5114339660212976,-0.5083800722335465,0.060974101464652264,-0.8928692886374687,-0.7376661034943781,-1.0014005905269243,-0.7416526575704779,74000.0
ID_1530,3.0160730464939918,0.6222147155635368,-0.3810087211999231,-0.2743093484502987,-0.15105779189909693,0.21944697841233984,-0.6725966413608725,-0.3891001339845127,-0.62655831935096,-1.5114339660212976,-1.0360062007493107,0.060974101464652264,-0.8928692886374687,-1.024989732804109,0.19912746643895535,-1.0293419409228879,41700.0
ID_1531,-0.3341836414474214,0.6222147155635368,-0.3810087211999231,-0.6061199692561582,-0.15105779189909693,-0.7048561921996358,-0.6725966413608725,-0.6506586471853965,-0.62655831935096,-1.5114339660212976,-0.5083800722335465,0.060974101464652264,-0.8928692886374687,1.2735993016737392,-0.7128274453598268,1.2680353919236793,66000.0
ID_1532,-0.7479939129860804,-1.2105851160545795,-0.3810087211999231,-0.6061199692561582,-0.15105779189909693,-0.7048561921996358,-0.6725966413608725,-0.6506586471853965,-0.62655831935096,0.5849202654881185,0.6222473460145197,0.060974101464652264,-0.8928692886374687,-0.450342474184647,-0.47686708356573715,-0.45103304598739624,180000.0
ID_1533,-0.06619306672296948,-1.2105851160545795,-0.3810087211999231,-0.6061199692561582,-0.15105779189909693,1.1437501490243154,-0.6725966413608725,-0.6506586471853965,-0.62655831935096,-1.5114339660212976,-0.696817975274891,0.060974101464652264,-0.8928692886374687,-0.450342474184647,1.559088200292738,-0.4560031124962805,62000.0
ID_1534,0.631562746555693,-1.2105851160545795,0.2782647963819663,1.3847437555789985,-0.15105779189909693,0.21944697841233984,1.4303813893323656,1.4418094584216736,1.443526517765285,0.5849202654881185,1.5644368612212416,0.060974101464652264,1.414753553583822,-0.450342474184647,-0.47686708356573715,-0.44551713402377907,150000.0
ID_1535,0.4625183014140505,0.6222147155635368,-0.3810087211999231,-0.6061199692561582,-0.15105779189909693,0.21944697841233984,-0.6725966413608725,-0.6506586471853965,-0.62655831935096,0.5849202654881185,0.810685249055864,0.060974101464652264,-0.8928692886374687,0.1243047844348151,-1.1560502871081872,0.12434552071742376,110000.0
ID_1536,-0.6543238822644718,0.6222147155635368,-0.3810087211999231,-1.2697412108678772,-0.15105779189909693,1.1437501490243154,-0.9354688951975273,-0.9122171603862802,-0.62655831935096,0.5849202654881185,0.810685249055864,0.060974101464652264,-0.8928692886374687,-1.5996369914235713,0.3856636983977981,-1.5975957880080356,130000.0
ID_1537,0.4740122662609459,0.6222147155635368,-0.3810087211999231,-0.6061199692561582,-0.15105779189909693,0.21944697841233984,-0.6725966413608725,-0.6506586471853965,-0.62655831935096,0.5849202654881185,-0.3199421691922022,0.060974101464652264,-0.31596357808214603,-1.3123133621138403,-0.020889627666346104,-1.3116014984361122,94000.0
ID_1538,-0.7679747967735919,0.6222147155635368,-0.3810087211999231,-1.2697412108678772,-0.15105779189909693,-1.6291593628116114,-0.9354688951975273,-0.9122171603862802,-0.62655831935096,0.5849202654881185,0.24537153993183092,0.060974101464652264,-0.8928692886374687,-0.16301884487491597,-0.08306837165262702,-0.16006868990658854,90000.0
ID_1539,-0.5980932252990657,-1.2105851160545795,-0.3810087211999231,-0.2743093484502987,-0.15105779189909693,1.1437501490243154,-0.14685213368756297,-0.6506586471853965,-0.62655831935096,0.5849202654881185,0.056933636890486534,0.060974101464652264,-0.8928692886374687,0.4116284137445462,0.5291531075969093,0.4094492203368882,120000.0
ID_1540,-0.8574702106509521,0.6222147155635368,-0.3810087211999231,-1.2697412108678772,-0.15105779189909693,-1.6291593628116114,-0.9354688951975273,-0.9122171603862802,-0.62655831935096,0.5849202654881185,1.1875610551385527,0.060974101464652264,-0.8928692886374687,-1.5996369914235713,0.3856636983977981,-1.5967051980555766,120000.0
ID_1541,-0.5453873107879066,0.6222147155635368,-0.3810087211999231,-0.6061199692561582,-0.15105779189909693,-1.6291593628116114,-0.6725966413608725,-0.3891001339845127,-0.62655831935096,-1.5114339660212976,-0.5083800722335465,0.060974101464652264,-0.8928692886374687,-1.3123133621138403,-0.10220029287917282,-1.316485378820565,72000.0
ID_1542,0.833563533644543,0.6222147155635368,-0.3810087211999231,-0.6061199692561582,-0.15105779189909693,0.21944697841233984,-0.6725966413608725,-0.6506586471853965,-0.9222847246532806,0.5849202654881185,1.1875610551385527,0.060974101464652264,-0.31596357808214603,-0.7376661034943781,0.3617487968646123,-0.7368549633104566,140000.0
ID_1543,-0.8161646350152474,0.6222147155635368,-0.3810087211999231,-0.6061199692561582,-0.15105779189909693,-1.6291593628116114,-0.6725966413608725,-0.6506586471853965,-0.62655831935096,0.5849202654881185,1.1875610551385527,0.060974101464652264,-0.8928692886374687,-0.7376661034943781,0.3617487968646123,-0.7361367456068607,150000.0
ID_1544,-0.27060059201886,0.6222147155635368,-0.3810087211999231,-0.6061199692561582,-0.8917670441167587,-0.7048561921996358,-0.6725966413608725,-0.6506586471853965,-0.62655831935096,-1.5114339660212976,-0.5083800722335465,0.060974101464652264,-0.8928692886374687,-0.16301884487491597,0.46538003684174956,-0.16834255785201435,9.0
ID_1545,-0.8707816208258186,2.455014547181653,4.893179419455191,1.3847437555789985,5.033906973624536,2.068053319636291,1.4303813893323656,1.4418094584216736,1.443526517765285,0.5849202654881185,-2.752675497455958,4.374089489280064,1.414753553583822,1.2735993016737392,0.22623102150989877,1.2794406890567835,9.0
ID_1546,-0.30013683230343124,-1.2105851160545795,-0.3810087211999231,-0.6061199692561582,-0.15105779189909693,-0.7048561921996358,-0.6725966413608725,-0.6506586471853965,-0.62655831935096,-1.5114339660212976,-0.5083800722335465,0.060974101464652264,-0.8928692886374687,0.9862756723640083,-2.2290322025637495,0.9808632253178583,110000.0
ID_1547,-0.27060059201886,-1.2105851160545795,0.2782647963819663,1.3847437555789985,-0.15105779189909693,-0.7048561921996358,1.4303813893323656,1.4418094584216736,1.443526517765285,-1.5114339660212976,-0.3199421691922022,-1.3767310278071516,1.414753553583822,-0.16301884487491597,0.46538003684174956,-0.16641773440637708,79000.0
ID_1548,-0.34419611298151626,0.6222147155635368,-0.3810087211999231,-0.6061199692561582,-0.15105779189909693,-0.7048561921996358,-0.6725966413608725,-0.3891001339845127,-0.62655831935096,-1.5114339660212976,-0.5083800722335465,0.060974101464652264,-0.8928692886374687,-1.5996369914235713,-1.1464843264949127,-1.6045481353788449,70000.0
ID_1549,-0.6546157749989641,0.6222147155635368,-0.3810087211999231,-1.2697412108678772,-0.15105779189909693,1.1437501490243154,-0.9354688951975273,-0.9122171603862802,-0.62655831935096,0.5849202654881185,-0.5083800722335465,-1.3767310278071516,-0.8928692886374687,1.5609229309834705,-0.2393123950027652,1.5635388838912136,110000.0
ID_1550,0.7456432390514247,-1.2105851160545795,0.2782647963819663,1.3847437555789985,-0.15105779189909693,0.21944697841233984,1.4303813893323656,1.4418094584216736,1.443526517765285,0.5849202654881185,-0.3199421691922022,0.060974101464652264,1.414753553583822,1.2735993016737392,0.22623102150989877,1.279182130683489,120000.0
ID_1551,3.0160730464939918,0.6222147155635368,-0.3810087211999231,0.05750127235556074,-0.15105779189909693,0.21944697841233984,-0.6725966413608725,-0.6506586471853965,-0.62655831935096,-1.5114339660212976,-0.5083800722335465,0.060974101464652264,-0.31596357808214603,-1.024989732804109,0.19912746643895535,-1.03003142991834,71000.0
ID_1552,2.2855536506210883,0.6222147155635368,-0.3810087211999231,0.05750127235556074,-0.15105779189909693,0.21944697841233984,-0.6725966413608725,-0.6506586471853965,-0.62655831935096,-1.5114339660212976,-0.13150426615085783,0.060974101464652264,-0.31596357808214603,1.5609229309834705,0.48929493837493176,1.5566152652285483,110000.0
ID_1553,-0.7479939129860804,-1.2105851160545795,0.2782647963819663,1.3847437555789985,-0.15105779189909693,-0.7048561921996358,1.4303813893323656,1.4418094584216736,1.443526517765285,0.5849202654881185,0.43380944297317525,0.060974101464652264,1.414753553583822,-0.450342474184647,-0.47686708356573715,-0.44508620340162147,130000.0
ID_1554,0.5676382377018765,-1.2105851160545795,0.2782647963819663,1.3847437555789985,-0.15105779189909693,0.21944697841233984,1.4303813893323656,1.4418094584216736,1.443526517765285,0.5849202654881185,0.810685249055864,0.060974101464652264,1.414753553583822,1.5609229309834705,-0.2393123950027652,1.5651764202554124,150000.0
ID_1555,-0.31916493414627917,-1.2105851160545795,0.2782647963819663,1.3847437555789985,-0.15105779189909693,-0.7048561921996358,1.4303813893323656,1.4418094584216736,1.443526517765285,-1.5114339660212976,-1.5071009583526718,-1.3767310278071516,1.414753553583822,-1.3123133621138403,-0.10220029287917282,-1.315221315662236,55000.0
ID_1556,-0.8083661423352263,0.6222147155635368,-0.3810087211999231,-1.2697412108678772,-0.15105779189909693,-1.6291593628116114,-0.9354688951975273,-0.9122171603862802,-0.9222847246532806,0.5849202654881185,-0.5083800722335465,-1.3767310278071516,-0.31596357808214603,0.4116284137445462,0.5291531075969093,0.41404581363990256,100000.0
ID_1557,-0.7422331620374208,-1.2105851160545795,-0.3810087211999231,-0.6061199692561582,-0.15105779189909693,-0.7048561921996358,-0.6725966413608725,-0.6506586471853965,-0.62655831935096,0.5849202654881185,0.9991231520972084,0.060974101464652264,-0.8928692886374687,1.2735993016737392,0.22623102150989877,1.2730054584325634,160000.0
ID_1558,-0.6543238822644718,-1.2105851160545795,0.2782647963819663,1.3847437555789985,-0.15105779189909693,1.1437501490243154,1.4303813893323656,1.4418094584216736,1.443526517765285,0.5849202654881185,-0.696817975274891,0.060974101464652264,1.414753553583822,-1.5996369914235713,0.3856636983977981,-1.5944069014040696,92000.0
ID_1559,-0.8253454876265434,0.6222147155635368,-0.3810087211999231,-0.6061199692561582,-0.15105779189909693,-1.6291593628116114,-0.6725966413608725,-0.6506586471853965,-0.9222847246532806,0.5849202654881185,0.24537153993183092,-1.3767310278071516,-0.8928692886374687,-0.450342474184647,-0.47686708356573715,-0.4495966105802043,120000.0
ID_1560,0.833563533644543,0.6222147155635368,-0.3810087211999231,-1.2697412108678772,-0.15105779189909693,0.21944697841233984,-0.9354688951975273,-0.9122171603862802,-0.62655831935096,0.5849202654881185,0.24537153993183092,0.060974101464652264,-0.31596357808214603,-0.7376661034943781,0.3617487968646123,-0.7346141240752372,120000.0
ID_1561,0.832186681123353,0.6222147155635368,0.2782647963819663,1.3847437555789985,-0.15105779189909693,0.21944697841233984,1.4303813893323656,1.4418094584216736,1.443526517765285,0.5849202654881185,-0.3199421691922022,0.060974101464652264,1.414753553583822,-0.16301884487491597,-0.08306837165262702,-0.15917809995412951,93000.0
ID_1562,-0.6307521671016962,0.6222147155635368,-0.3810087211999231,-1.2697412108678772,-0.15105779189909693,-1.6291593628116114,-0.9354688951975273,-0.9122171603862802,-0.62655831935096,-1.5114339660212976,-0.8852558783162353,0.060974101464652264,-0.8928692886374687,1.5609229309834705,0.48929493837493176,1.557218568099569,80000.0
ID_1563,-0.25707990026077276,0.6222147155635368,-0.3810087211999231,-0.6061199692561582,-0.15105779189909693,-0.7048561921996358,-0.6725966413608725,-0.6506586471853965,-0.9222847246532806,-1.5114339660212976,-0.696817975274891,0.060974101464652264,-0.8928692886374687,0.4116284137445462,-1.5466603454835397,0.4070934662690934,82000.0
ID_1564,-0.7679747967735919,0.6222147155635368,-0.3810087211999231,-0.9379305900620176,-0.15105779189909693,-1.6291593628116114,-0.9354688951975273,-0.9122171603862802,-0.9222847246532806,0.5849202654881185,0.24537153993183092,0.060974101464652264,-0.31596357808214603,-0.16301884487491597,-0.08306837165262702,-0.1598963176577255,89000.0
ID_1565,-0.8574702106509521,-1.2105851160545795,0.2782647963819663,1.3847437555789985,-0.15105779189909693,-1.6291593628116114,1.4303813893323656,1.4418094584216736,1.443526517765285,0.5849202654881185,0.43380944297317525,0.060974101464652264,1.414753553583822,-1.5996369914235713,0.3856636983977981,-1.5945792736529325,130000.0
ID_1566,0.801703166304203,-1.2105851160545795,0.2782647963819663,1.3847437555789985,-0.15105779189909693,0.21944697841233984,1.4303813893323656,1.4418094584216736,1.443526517765285,0.5849202654881185,0.9991231520972084,0.060974101464652264,1.414753553583822,0.9862756723640083,0.9341121068921712,0.9910906454170653,160000.0
ID_1567,0.832186681123353,-1.2105851160545795,0.2782647963819663,1.3847437555789985,-0.15105779189909693,0.21944697841233984,1.4303813893323656,1.4418094584216736,1.443526517765285,0.5849202654881185,1.375998958179897,0.060974101464652264,1.414753553583822,-0.16301884487491597,-0.08306837165262702,-0.15871844062382806,150000.0
ID_1568,0.7456432390514247,0.6222147155635368,-0.3810087211999231,0.05750127235556074,-0.15105779189909693,0.21944697841233984,-0.6725966413608725,-0.6506586471853965,-0.62655831935096,0.5849202654881185,0.6222473460145197,0.060974101464652264,-0.31596357808214603,1.2735993016737392,0.22623102150989877,1.2731491019732828,150000.0
ID_1569,-0.5804089315168994,0.6222147155635368,-0.3810087211999231,-0.6061199692561582,-0.15105779189909693,1.1437501490243154,-0.14685213368756297,-0.6506586471853965,-0.62655831935096,0.5849202654881185,-0.13150426615085783,-1.3767310278071516,-0.8928692886374687,-1.024989732804109,-0.06871943073271414,-1.0271011016876683,110000.0
ID_1570,-0.30013683230343124,-1.2105851160545795,0.2782647963819663,1.3847437555789985,-0.15105779189909693,-0.7048561921996358,1.4303813893323656,1.4418094584216736,1.443526517765285,-1.5114339660212976,-0.696817975274891,0.060974101464652264,1.414753553583822,0.9862756723640083,-2.2290322025637495,0.9833051655100847,71000.0
ID_1571,-0.05228134884886409,0.6222147155635368,-0.3810087211999231,-0.6061199692561582,-0.8917670441167587,1.1437501490243154,-0.6725966413608725,-0.6506586471853965,-0.9222847246532806,-1.5114339660212976,-1.394038216527865,-1.3767310278071516,-0.8928692886374687,1.2735993016737392,-0.7128274453598268,1.2690408967087137,9.0
ID_1572,-0.8879812625205259,-1.2105851160545795,0.2782647963819663,1.3847437555789985,-0.15105779189909693,-1.6291593628116114,1.4303813893323656,1.4418094584216736,1.443526517765285,0.5849202654881185,0.43380944297317525,0.060974101464652264,1.414753553583822,0.1243047844348151,-1.1560502871081872,0.1289421140204381,140000.0
ID_1573,-0.603887020708234,-1.2105851160545795,-0.3810087211999231,-0.2743093484502987,-0.15105779189909693,1.1437501490243154,-0.14685213368756297,-0.6506586471853965,-0.62655831935096,0.5849202654881185,0.24537153993183092,-1.3767310278071516,-0.8928692886374687,-0.16301884487491597,-0.08306837165262702,-0.16544095832948655,170000.0
ID_1574,-0.30013683230343124,-1.2105851160545795,-0.3810087211999231,-1.2697412108678772,-0.15105779189909693,-0.7048561921996358,-0.9354688951975273,-0.9122171603862802,-0.62655831935096,-1.5114339660212976,-0.696817975274891,0.060974101464652264,-0.8928692886374687,0.9862756723640083,-2.2290322025637495,0.9823858468494818,50000.0
ID_1575,-0.8707816208258186,2.455014547181653,4.893179419455191,1.3847437555789985,5.033906973624536,2.068053319636291,1.4303813893323656,1.4418094584216736,1.443526517765285,0.5849202654881185,-2.752675497455958,4.374089489280064,1.414753553583822,1.2735993016737392,0.22623102150989877,1.2796417900137904,9.0
ID_1576,2.6415691607302696,-1.2105851160545795,0.2782647963819663,1.3847437555789985,-0.15105779189909693,0.21944697841233984,1.4303813893323656,1.4418094584216736,1.443526517765285,-1.5114339660212976,-0.9040996686203697,-1.3767310278071516,1.414753553583822,1.2735993016737392,-0.7128274453598268,1.2705060608240495,72000.0
ID_1577,-0.27060059201886,0.6222147155635368,-0.3810087211999231,-0.6061199692561582,-0.15105779189909693,-0.7048561921996358,-0.6725966413608725,-0.3891001339845127,-0.62655831935096,-1.5114339660212976,-0.3199421691922022,0.060974101464652264,-0.31596357808214603,-0.16301884487491597,0.46538003684174956,-0.16771052627284988,79000.0
ID_1578,-0.6609933558771169,0.6222147155635368,-0.3810087211999231,-0.6061199692561582,-0.15105779189909693,1.1437501490243154,-0.14685213368756297,-0.6506586471853965,-0.9222847246532806,0.5849202654881185,0.24537153993183092,0.060974101464652264,-0.8928692886374687,-1.3123133621138403,-0.020889627666346104,-1.314474369250496,120000.0
ID_1579,-0.6012820157381421,0.6222147155635368,-0.3810087211999231,-1.2697412108678772,-0.15105779189909693,1.1437501490243154,-0.9354688951975273,-0.9122171603862802,-0.62655831935096,0.5849202654881185,0.6222473460145197,0.060974101464652264,-0.31596357808214603,1.2735993016737392,0.22623102150989877,1.275591042165509,150000.0
ID_1580,-0.7347210546818074,0.6222147155635368,-0.3810087211999231,-0.6061199692561582,-0.15105779189909693,-0.7048561921996358,-0.6725966413608725,-0.6506586471853965,-0.9222847246532806,0.5849202654881185,1.375998958179897,0.060974101464652264,-0.31596357808214603,-1.3123133621138403,-0.020889627666346104,-1.3114003974791053,150000.0
ID_1581,-0.32767388272723436,0.6222147155635368,-0.3810087211999231,-0.6061199692561582,-0.15105779189909693,-0.7048561921996358,-0.6725966413608725,-0.6506586471853965,-0.62655831935096,-1.5114339660212976,-0.5083800722335465,0.060974101464652264,-0.8928692886374687,-0.7376661034943781,-1.0014005905269243,-0.7419686733600601,74000.0
ID_1582,-0.7472393978044682,-1.2105851160545795,-0.3810087211999231,-0.6061199692561582,-0.15105779189909693,-0.7048561921996358,-0.6725966413608725,-0.6506586471853965,-0.62655831935096,0.5849202654881185,0.24537153993183092,0.060974101464652264,-0.8928692886374687,-1.5996369914235713,0.3856636983977981,-1.6000089994921183,71000.0
ID_1583,-0.8376104898853053,0.6222147155635368,-0.3810087211999231,-0.6061199692561582,-0.15105779189909693,-0.7048561921996358,-0.6725966413608725,-0.3891001339845127,-0.62655831935096,0.5849202654881185,-0.3199421691922022,0.060974101464652264,-0.31596357808214603,1.5609229309834705,-0.2393123950027652,1.5617289752781518,97000.0
ID_1584,0.5676382377018765,-1.2105851160545795,0.2782647963819663,1.3847437555789985,-0.15105779189909693,0.21944697841233984,1.4303813893323656,1.4418094584216736,1.443526517765285,0.5849202654881185,1.9413126673039303,0.060974101464652264,1.414753553583822,1.5609229309834705,-0.2393123950027652,1.5651476915472686,210000.0
ID_1585,-0.6302675150142374,0.6222147155635368,-0.3810087211999231,-0.6061199692561582,-0.15105779189909693,1.1437501490243154,-0.14685213368756297,-0.6506586471853965,-0.62655831935096,0.5849202654881185,0.24537153993183092,0.060974101464652264,-0.8928692886374687,0.6989520430542773,-0.2903308516068944,0.6965926582345653,130000.0
ID_1586,-0.7479939129860804,0.6222147155635368,-0.3810087211999231,-0.6061199692561582,-0.15105779189909693,-0.7048561921996358,-0.6725966413608725,-0.6506586471853965,-0.62655831935096,0.5849202654881185,0.43380944297317525,0.060974101464652264,-0.8928692886374687,-0.450342474184647,-0.47686708356573715,-0.4511479608199716,130000.0
ID_1587,-0.5980932252990657,0.6222147155635368,-0.3810087211999231,-0.6061199692561582,-0.15105779189909693,1.1437501490243154,-0.6725966413608725,-0.6506586471853965,-0.62655831935096,0.5849202654881185,-0.9606310395327731,-1.3767310278071516,-0.8928692886374687,0.4116284137445462,0.5291531075969093,0.40982269354275813,110000.0
ID_1588,-0.5812791023102916,0.6222147155635368,-0.3810087211999231,-0.6061199692561582,-0.15105779189909693,1.1437501490243154,-0.6725966413608725,-0.6506586471853965,-0.62655831935096,0.5849202654881185,0.43380944297317525,0.060974101464652264,-0.8928692886374687,-0.7376661034943781,0.3617487968646123,-0.7370273355593198,110000.0
ID_1589,2.65258398089979,-1.2105851160545795,0.2782647963819663,1.3847437555789985,-0.15105779189909693,0.21944697841233984,1.4303813893323656,1.4418094584216736,1.443526517765285,-1.5114339660212976,-0.5083800722335465,0.060974101464652264,1.414753553583822,0.6989520430542773,0.5769829106632773,0.6958169831146815,110000.0
ID_1590,-0.8905146711595159,0.6222147155635368,-0.3810087211999231,-1.2697412108678772,-0.15105779189909693,-1.6291593628116114,-0.9354688951975273,-0.9122171603862802,-0.62655831935096,0.5849202654881185,-0.3199421691922022,0.060974101464652264,-0.31596357808214603,1.5609229309834705,-0.2393123950027652,1.5642571015948097,82000.0
ID_1591,0.833563533644543,-1.2105851160545795,0.2782647963819663,1.3847437555789985,-0.15105779189909693,0.21944697841233984,1.4303813893323656,1.4418094584216736,1.443526517765285,0.5849202654881185,1.1875610551385527,0.060974101464652264,1.414753553583822,-0.7376661034943781,0.3617487968646123,-0.7343268369937987,160000.0
ID_1592,-0.6302675150142374,0.6222147155635368,-0.3810087211999231,-0.6061199692561582,-0.15105779189909693,1.1437501490243154,-0.14685213368756297,-0.6506586471853965,-0.9222847246532806,0.5849202654881185,1.1875610551385527,0.060974101464652264,-0.8928692886374687,0.6989520430542773,-0.2903308516068944,0.696276642444983,150000.0
ID_1593,2.817415257326591,0.6222147155635368,-0.3810087211999231,-0.6061199692561582,-0.15105779189909693,0.21944697841233984,-0.6725966413608725,-0.6506586471853965,-0.62655831935096,-1.5114339660212976,-0.5083800722335465,0.060974101464652264,-0.8928692886374687,-0.7376661034943781,-1.0014005905269243,-0.7418537585274848,80000.0
ID_1594,-0.8221346675471279,0.6222147155635368,0.2782647963819663,1.3847437555789985,-0.15105779189909693,-1.6291593628116114,1.4303813893323656,1.4418094584216736,1.443526517765285,0.5849202654881185,0.056933636890486534,0.060974101464652264,1.414753553583822,0.9862756723640083,0.9341121068921712,0.9904873425460446,130000.0
ID_1595,0.4740122662609459,-1.2105851160545795,-0.3810087211999231,-0.6061199692561582,-0.15105779189909693,0.21944697841233984,-0.6725966413608725,-0.3891001339845127,-0.62655831935096,0.5849202654881185,0.6222473460145197,0.060974101464652264,-0.31596357808214603,-1.3123133621138403,-0.020889627666346104,-1.3122335300152768,110000.0
ID_1596,-0.8707816208258186,-1.2105851160545795,0.2782647963819663,1.3847437555789985,-0.15105779189909693,-1.6291593628116114,1.4303813893323656,1.4418094584216736,1.443526517765285,0.5849202654881185,-0.13150426615085783,-1.3767310278071516,1.414753553583822,1.2735993016737392,0.22623102150989877,1.2787512000613315,130000.0
ID_1597,-0.34569963593465586,-1.2105851160545795,0.2782647963819663,1.3847437555789985,-0.15105779189909693,-0.7048561921996358,1.4303813893323656,1.4418094584216736,1.443526517765285,-1.5114339660212976,-0.5083800722335465,0.060974101464652264,1.414753553583822,-0.450342474184647,1.559088200292738,-0.453589901012198,77000.0
ID_1598,-0.7104388836180978,0.6222147155635368,-0.3810087211999231,-0.6061199692561582,-0.15105779189909693,-0.7048561921996358,-0.6725966413608725,-0.6506586471853965,-0.62655831935096,0.5849202654881185,0.056933636890486534,0.060974101464652264,-0.8928692886374687,-0.16301884487491597,-0.08306837165262702,-0.16394706550600688,120000.0
ID_1599,-0.5804089315168994,-1.2105851160545795,-0.3810087211999231,-0.2743093484502987,-0.15105779189909693,1.1437501490243154,-0.6725966413608725,-0.3891001339845127,-0.3308319140486392,0.5849202654881185,-0.696817975274891,0.060974101464652264,-0.8928692886374687,-1.024989732804109,-0.06871943073271414,-1.026641442357367,100000.0
ID_1600,-0.6662088732273852,0.6222147155635368,-0.3810087211999231,-0.6061199692561582,-0.15105779189909693,-0.7048561921996358,-0.6725966413608725,-0.6506586471853965,-0.62655831935096,0.5849202654881185,-0.3199421691922022,0.060974101464652264,-0.8928692886374687,0.1243047844348151,-1.1560502871081872,0.12262179822879338,120000.0
ID_1601,-0.5951963275944817,0.6222147155635368,-0.3810087211999231,-0.2743093484502987,-0.15105779189909693,1.1437501490243154,-0.14685213368756297,-0.6506586471853965,-0.62655831935096,0.5849202654881185,-0.13150426615085783,0.060974101464652264,-0.8928692886374687,0.9862756723640083,0.9341121068921712,0.9845979573765575,260000.0
ID_1602,-0.5249438045532752,-1.2105851160545795,0.2782647963819663,1.3847437555789985,-0.15105779189909693,-0.7048561921996358,1.4303813893323656,1.4418094584216736,1.443526517765285,-1.5114339660212976,-0.5083800722335465,0.060974101464652264,1.414753553583822,1.5609229309834705,0.48929493837493176,1.5579655145113087,91000.0
ID_1603,2.65258398089979,0.6222147155635368,-0.3810087211999231,-0.6061199692561582,-0.15105779189909693,0.21944697841233984,-0.6725966413608725,-0.127541620783629,-0.62655831935096,-1.5114339660212976,-0.13150426615085783,0.060974101464652264,-0.31596357808214603,0.6989520430542773,0.5769829106632773,0.6945529199563526,95000.0
ID_1604,-0.3341836414474214,-1.2105851160545795,-0.3810087211999231,-0.6061199692561582,-0.15105779189909693,-0.7048561921996358,-0.6725966413608725,-0.6506586471853965,-0.62655831935096,-1.5114339660212976,-0.5083800722335465,0.060974101464652264,-0.31596357808214603,1.2735993016737392,-0.7128274453598268,1.2686674235028437,85000.0
ID_1605,-0.7472393978044682,2.455014547181653,4.893179419455191,1.3847437555789985,5.033906973624536,2.068053319636291,1.4303813893323656,1.4418094584216736,1.443526517765285,0.5849202654881185,-2.752675497455958,4.374089489280064,1.414753553583822,-1.5996369914235713,0.3856636983977981,-1.5937461411167613,9.0
ID_1606,-0.27060059201886,0.6222147155635368,-0.3810087211999231,-0.6061199692561582,-0.15105779189909693,-0.7048561921996358,-0.6725966413608725,-0.6506586471853965,-0.62655831935096,-1.5114339660212976,-1.0736937813575798,-1.3767310278071516,-0.8928692886374687,-0.16301884487491597,0.46538003684174956,-0.16762434014841834,49300.0
ID_1607,-0.8905146711595159,0.6222147155635368,-0.3810087211999231,-0.6061199692561582,-0.15105779189909693,-1.6291593628116114,-0.6725966413608725,-0.6506586471853965,-0.3308319140486392,0.5849202654881185,0.24537153993183092,-1.3767310278071516,-0.31596357808214603,1.5609229309834705,-0.2393123950027652,1.5608958427419803,130000.0
ID_1608,0.631562746555693,-1.2105851160545795,0.2782647963819663,1.3847437555789985,-0.15105779189909693,0.21944697841233984,1.4303813893323656,1.4418094584216736,1.443526517765285,0.5849202654881185,0.24537153993183092,0.060974101464652264,1.414753553583822,-0.450342474184647,-0.47686708356573715,-0.44597679335408047,110000.0
ID_1609,0.6223158050233801,0.6222147155635368,-0.3810087211999231,-0.2743093484502987,-0.15105779189909693,0.21944697841233984,-0.6725966413608725,-0.6506586471853965,-0.3308319140486392,0.5849202654881185,0.24537153993183092,0.060974101464652264,-0.8928692886374687,-1.5996369914235713,0.3856636983977981,-1.6007846746120018,120000.0
ID_1610,0.631562746555693,0.6222147155635368,-0.3810087211999231,0.05750127235556074,-0.15105779189909693,0.21944697841233984,-0.6725966413608725,-0.6506586471853965,-0.62655831935096,0.5849202654881185,0.24537153993183092,0.060974101464652264,-0.31596357808214603,-0.450342474184647,-0.47686708356573715,-0.45255566751901977,95000.0
ID_1611,-0.46644409463294784,0.6222147155635368,-0.3810087211999231,-1.2697412108678772,-0.8917670441167587,-1.6291593628116114,-0.9354688951975273,-0.9122171603862802,-0.9222847246532806,-1.5114339660212976,-0.696817975274891,0.060974101464652264,-0.8928692886374687,0.4116284137445462,-1.5466603454835397,0.40781168397268935,9.0
ID_1612,0.7456432390514247,0.6222147155635368,0.2782647963819663,1.3847437555789985,-0.15105779189909693,0.21944697841233984,1.4303813893323656,1.4418094584216736,1.443526517765285,0.5849202654881185,1.375998958179897,0.060974101464652264,1.414753553583822,1.2735993016737392,0.22623102150989877,1.2776020517355777,170000.0
ID_1613,-0.23054519847239607,-1.2105851160545795,0.2782647963819663,1.3847437555789985,-0.15105779189909693,-0.7048561921996358,1.4303813893323656,1.4418094584216736,1.443526517765285,-1.5114339660212976,-1.1867565231823862,-1.3767310278071516,1.414753553583822,-1.024989732804109,0.19912746643895535,-1.0281640638889904,55000.0
ID_1614,-0.6543238822644718,0.6222147155635368,0.2782647963819663,1.3847437555789985,-0.15105779189909693,1.1437501490243154,1.4303813893323656,1.4418094584216736,1.443526517765285,0.5849202654881185,0.24537153993183092,0.060974101464652264,1.414753553583822,-1.5996369914235713,0.3856636983977981,-1.595211305232097,120000.0
ID_1615,-0.32767388272723436,-1.2105851160545795,-0.3810087211999231,-0.6061199692561582,-0.15105779189909693,-0.7048561921996358,-0.6725966413608725,-0.6506586471853965,-0.62655831935096,-1.5114339660212976,-0.8852558783162353,-1.3767310278071516,-0.8928692886374687,-0.7376661034943781,-1.0014005905269243,-0.7430890929776699,64000.0
ID_1616,-1.095208581779814,2.455014547181653,4.893179419455191,1.3847437555789985,5.033906973624536,2.068053319636291,1.4303813893323656,1.4418094584216736,1.443526517765285,-1.5114339660212976,-2.752675497455958,4.374089489280064,1.414753553583822,1.5609229309834705,0.48929493837493176,1.5584826312578979,9.0
ID_1617,-0.603887020708234,-1.2105851160545795,-0.3810087211999231,-0.6061199692561582,-0.15105779189909693,1.1437501490243154,-0.6725966413608725,-0.6506586471853965,-0.62655831935096,0.5849202654881185,0.9991231520972084,0.060974101464652264,-0.31596357808214603,-0.16301884487491597,-0.08306837165262702,-0.16564205928649342,140000.0
ID_1618,-0.17170402912681357,0.6222147155635368,-0.3810087211999231,0.05750127235556074,-0.15105779189909693,1.1437501490243154,-0.6725966413608725,-0.6506586471853965,-0.62655831935096,-1.5114339660212976,-1.1867565231823862,-1.3767310278071516,-0.8928692886374687,-1.3123133621138403,-0.10220029287917282,-1.3169163094427225,52000.0
ID_1619,-0.6546157749989641,-1.2105851160545795,0.2782647963819663,1.3847437555789985,-0.15105779189909693,1.1437501490243154,1.4303813893323656,1.4418094584216736,1.443526517765285,0.5849202654881185,0.43380944297317525,0.060974101464652264,1.414753553583822,1.5609229309834705,-0.2393123950027652,1.5662681111648784,140000.0
ID_1620,-0.7347210546818074,-1.2105851160545795,0.2782647963819663,1.3847437555789985,-0.15105779189909693,-0.7048561921996358,1.4303813893323656,1.4418094584216736,1.443526517765285,0.5849202654881185,0.24537153993183092,0.060974101464652264,1.414753553583822,-1.3123133621138403,-0.020889627666346104,-1.3080104099181322,120000.0
ID_1621,-0.6082378746751949,0.6222147155635368,-0.3810087211999231,-0.6061199692561582,-0.15105779189909693,1.1437501490243154,-0.6725966413608725,-0.6506586471853965,-0.62655831935096,0.5849202654881185,1.752874764262586,0.060974101464652264,-0.31596357808214603,-0.450342474184647,-0.47686708356573715,-0.452871683308602,170000.0
ID_1622,-0.5980932252990657,0.6222147155635368,-0.3810087211999231,0.05750127235556074,-0.15105779189909693,1.1437501490243154,-0.14685213368756297,-0.6506586471853965,-0.9222847246532806,0.5849202654881185,0.056933636890486534,0.060974101464652264,-0.8928692886374687,0.4116284137445462,0.5291531075969093,0.4095928638776074,130000.0
ID_1623,-0.8905146711595159,-1.2105851160545795,0.2782647963819663,1.3847437555789985,-0.15105779189909693,-1.6291593628116114,1.4303813893323656,1.4418094584216736,1.443526517765285,0.5849202654881185,0.056933636890486534,0.060974101464652264,1.414753553583822,1.5609229309834705,-0.2393123950027652,1.5671587011173373,130000.0
ID_1624,2.6266220497602295,0.6222147155635368,0.2782647963819663,1.3847437555789985,-0.15105779189909693,0.21944697841233984,1.4303813893323656,1.4418094584216736,1.443526517765285,-1.5114339660212976,-1.5071009583526718,-1.3767310278071516,1.414753553583822,0.4116284137445462,-1.5466603454835397,0.4081276997622716,89000.0
ID_1625,0.6223158050233801,-1.2105851160545795,-0.3810087211999231,-1.2697412108678772,-0.15105779189909693,0.21944697841233984,-0.9354688951975273,-0.9122171603862802,-0.9222847246532806,0.5849202654881185,2.1297505703452746,0.060974101464652264,-0.31596357808214603,-1.5996369914235713,0.3856636983977981,-1.5963891822659944,150000.0
ID_1626,-0.6609933558771169,0.6222147155635368,-0.3810087211999231,-0.2743093484502987,-0.15105779189909693,1.1437501490243154,-0.14685213368756297,-0.6506586471853965,-0.9222847246532806,0.5849202654881185,0.6222473460145197,0.060974101464652264,-0.8928692886374687,-1.3123133621138403,-0.020889627666346104,-1.3139285237957632,220000.0
ID_1627,-0.7252097574654258,0.6222147155635368,-0.3810087211999231,-0.9379305900620176,-0.15105779189909693,-0.7048561921996358,-0.9354688951975273,-0.9122171603862802,-0.62655831935096,0.5849202654881185,0.24537153993183092,0.060974101464652264,-0.8928692886374687,0.9862756723640083,0.9341121068921712,0.9889359923062773,170000.0
ID_1628,0.5676382377018765,0.6222147155635368,-0.3810087211999231,-0.6061199692561582,-0.15105779189909693,0.21944697841233984,-0.6725966413608725,-0.6506586471853965,-0.62655831935096,0.5849202654881185,1.1875610551385527,0.060974101464652264,-0.31596357808214603,1.5609229309834705,-0.2393123950027652,1.5610682149908435,130000.0
ID_1629,-0.6082378746751949,0.6222147155635368,0.2782647963819663,1.3847437555789985,-0.15105779189909693,1.1437501490243154,1.4303813893323656,1.4418094584216736,1.443526517765285,0.5849202654881185,-0.5083800722335465,0.060974101464652264,1.414753553583822,-0.450342474184647,-0.47686708356573715,-0.44563204885635443,100000.0
ID_1630,-0.6543238822644718,0.6222147155635368,-0.3810087211999231,-1.2697412108678772,-0.15105779189909693,1.1437501490243154,-0.9354688951975273,-0.9122171603862802,-0.9222847246532806,0.5849202654881185,0.6222473460145197,0.060974101464652264,-0.8928692886374687,-1.5996369914235713,0.3856636983977981,-1.5965328258067137,120000.0
ID_1631,-0.7679747967735919,0.6222147155635368,-0.3810087211999231,-1.2697412108678772,-0.15105779189909693,-1.6291593628116114,-0.9354688951975273,-0.9122171603862802,-0.62655831935096,0.5849202654881185,-0.5083800722335465,0.060974101464652264,-0.8928692886374687,-0.16301884487491597,-0.08306837165262702,-0.16003996119844469,110000.0
ID_1632,-0.7347210546818074,0.6222147155635368,-0.3810087211999231,-0.9379305900620176,-0.15105779189909693,-0.7048561921996358,-0.9354688951975273,-0.9122171603862802,-0.62655831935096,0.5849202654881185,1.1875610551385527,0.060974101464652264,-0.31596357808214603,-1.3123133621138403,-0.020889627666346104,-1.3097341324067626,110000.0
ID_1633,0.832186681123353,-1.2105851160545795,0.2782647963819663,1.3847437555789985,-0.15105779189909693,0.21944697841233984,1.4303813893323656,1.4418094584216736,1.443526517765285,0.5849202654881185,1.752874764262586,0.060974101464652264,1.414753553583822,-0.16301884487491597,-0.08306837165262702,-0.15943665832742407,140000.0
ID_1634,-0.8253454876265434,0.6222147155635368,-0.3810087211999231,-0.9379305900620176,-0.15105779189909693,-1.6291593628116114,-0.9354688951975273,-0.9122171603862802,-0.62655831935096,0.5849202654881185,0.24537153993183092,-1.3767310278071516,-0.8928692886374687,-0.450342474184647,-0.47686708356573715,-0.4474132287612725,170000.0
ID_1635,-0.6609933558771169,0.6222147155635368,-0.3810087211999231,-1.2697412108678772,-0.15105779189909693,1.1437501490243154,-0.9354688951975273,-0.9122171603862802,-0.62655831935096,0.5849202654881185,-0.13150426615085783,0.060974101464652264,-0.8928692886374687,-1.3123133621138403,-0.020889627666346104,-1.310021419488201,110000.0
ID_1636,-0.8240897981272179,-1.2105851160545795,0.2782647963819663,1.3847437555789985,-0.15105779189909693,2.068053319636291,1.4303813893323656,1.4418094584216736,1.443526517765285,2.6812744969975344,2.883502182510652,0.060974101464652264,1.414753553583822,-1.3123133621138403,-0.020889627666346104,-1.3081540534588514,190000.0
ID_1637,0.7381696835664046,-1.2105851160545795,0.2782647963819663,1.3847437555789985,-0.15105779189909693,0.21944697841233984,1.4303813893323656,1.4418094584216736,1.443526517765285,0.5849202654881185,0.24537153993183092,0.060974101464652264,1.414753553583822,0.4116284137445462,0.5291531075969093,0.4151662332575123,140000.0
ID_1638,-0.012275521993163018,0.6222147155635368,-0.3810087211999231,-0.6061199692561582,-0.15105779189909693,1.1437501490243154,-0.6725966413608725,-0.6506586471853965,-0.62655831935096,-1.5114339660212976,-1.1490689425741174,0.060974101464652264,-0.8928692886374687,-0.7376661034943781,-1.0014005905269243,-0.7420548594844917,56000.0
ID_1639,-0.6546157749989641,-1.2105851160545795,0.2782647963819663,1.3847437555789985,-0.15105779189909693,1.1437501490243154,1.4303813893323656,1.4418094584216736,1.443526517765285,0.5849202654881185,1.375998958179897,0.060974101464652264,1.414753553583822,1.5609229309834705,-0.2393123950027652,1.5667852279114676,260000.0
ID_1640,-0.6012820157381421,0.6222147155635368,0.2782647963819663,1.3847437555789985,-0.15105779189909693,1.1437501490243154,1.4303813893323656,1.4418094584216736,1.443526517765285,0.5849202654881185,0.24537153993183092,0.060974101464652264,1.414753553583822,1.2735993016737392,0.22623102150989877,1.2774871369030025,110000.0
ID_1641,-0.7422331620374208,-1.2105851160545795,-0.3810087211999231,-0.9379305900620176,-0.15105779189909693,-0.7048561921996358,-0.9354688951975273,-0.9122171603862802,-0.62655831935096,0.5849202654881185,0.056933636890486534,0.060974101464652264,-0.8928692886374687,1.2735993016737392,0.22623102150989877,1.2763379885772488,95000.0
ID_1642,0.801703166304203,0.6222147155635368,-0.3810087211999231,-0.6061199692561582,-0.15105779189909693,0.21944697841233984,-0.6725966413608725,-0.6506586471853965,-0.62655831935096,0.5849202654881185,0.43380944297317525,0.060974101464652264,-0.31596357808214603,0.9862756723640083,0.9341121068921712,0.9870686262769277,140000.0
ID_1643,0.7381696835664046,0.6222147155635368,-0.3810087211999231,-0.6061199692561582,-0.15105779189909693,0.21944697841233984,-0.6725966413608725,-0.6506586471853965,-0.3308319140486392,0.5849202654881185,0.43380944297317525,0.060974101464652264,-0.31596357808214603,0.4116284137445462,0.5291531075969093,0.4128104791897174,140000.0
ID_1644,-0.7036812914440965,0.6222147155635368,-0.3810087211999231,-0.6061199692561582,-0.15105779189909693,-0.7048561921996358,-0.6725966413608725,-0.6506586471853965,-0.62655831935096,0.5849202654881185,-0.5083800722335465,0.060974101464652264,-0.8928692886374687,0.4116284137445462,0.5291531075969093,0.41217844761055294,110000.0
ID_1645,-0.7036812914440965,0.6222147155635368,-0.3810087211999231,-0.6061199692561582,-0.15105779189909693,-0.7048561921996358,-0.6725966413608725,-0.3891001339845127,-0.62655831935096,0.5849202654881185,-0.5083800722335465,0.060974101464652264,-0.8928692886374687,0.4116284137445462,0.5291531075969093,0.41114421411737473,110000.0
ID_1646,0.9328951819332859,-1.2105851160545795,-0.3810087211999231,-0.6061199692561582,-0.15105779189909693,0.21944697841233984,-0.6725966413608725,-0.6506586471853965,-0.62655831935096,0.5849202654881185,0.056933636890486534,-1.3767310278071516,-0.8928692886374687,-1.024989732804109,-0.06871943073271414,-1.0262105117352094,66000.0
ID_1647,-0.34419611298151626,-1.2105851160545795,-0.3810087211999231,-0.6061199692561582,-0.15105779189909693,-0.7048561921996358,-0.6725966413608725,-0.6506586471853965,-0.62655831935096,-1.5114339660212976,-1.3186630553113274,-1.3767310278071516,-0.8928692886374687,-1.5996369914235713,-1.1464843264949127,-1.6049503372928586,54000.0
ID_1648,3.0160730464939918,0.6222147155635368,-0.3810087211999231,-0.6061199692561582,-0.15105779189909693,0.21944697841233984,-0.6725966413608725,-0.6506586471853965,-0.62655831935096,-1.5114339660212976,-1.0736937813575798,-1.3767310278071516,-0.31596357808214603,-1.024989732804109,0.19912746643895535,-1.0289971964251619,60000.0
ID_1649,-1.095208581779814,2.455014547181653,4.893179419455191,1.3847437555789985,5.033906973624536,2.068053319636291,1.4303813893323656,1.4418094584216736,1.443526517765285,0.5849202654881185,-2.752675497455958,4.374089489280064,1.414753553583822,-1.3123133621138403,-0.020889627666346104,-1.306459059678365,9.0
ID_1650,-0.31916493414627917,-1.2105851160545795,0.2782647963819663,1.3847437555789985,-0.15105779189909693,-0.7048561921996358,1.4303813893323656,1.4418094584216736,1.443526517765285,-1.5114339660212976,-0.5083800722335465,0.060974101464652264,1.414753553583822,-1.3123133621138403,-0.10220029287917282,-1.3149052998726538,72000.0
ID_1651,-0.6012820157381421,0.6222147155635368,0.2782647963819663,1.3847437555789985,-0.15105779189909693,1.1437501490243154,1.4303813893323656,1.4418094584216736,1.443526517765285,0.5849202654881185,0.24537153993183092,0.060974101464652264,1.414753553583822,1.2735993016737392,0.22623102150989877,1.277745695276297,170000.0
ID_1652,-0.17170402912681357,-1.2105851160545795,-0.3810087211999231,0.05750127235556074,-0.15105779189909693,1.1437501490243154,-0.6725966413608725,-0.6506586471853965,-0.62655831935096,-1.5114339660212976,-1.394038216527865,-1.3767310278071516,-0.8928692886374687,-1.3123133621138403,-0.10220029287917282,-1.317921814227757,52000.0
ID_1653,-0.11025234740105451,-1.2105851160545795,0.2782647963819663,1.3847437555789985,-0.15105779189909693,1.1437501490243154,1.4303813893323656,1.4418094584216736,1.443526517765285,-1.5114339660212976,-0.696817975274891,0.060974101464652264,1.414753553583822,0.6989520430542773,0.5769829106632773,0.6952998663680925,120000.0
ID_1654,-0.6012820157381421,0.6222147155635368,-0.3810087211999231,-0.6061199692561582,-0.8917670441167587,1.1437501490243154,-0.14685213368756297,-0.6506586471853965,-0.9222847246532806,0.5849202654881185,0.24537153993183092,0.060974101464652264,-0.8928692886374687,1.2735993016737392,0.22623102150989877,1.2740971493420294,9.0
ID_1655,-0.6543238822644718,0.6222147155635368,-0.3810087211999231,-0.6061199692561582,-0.15105779189909693,1.1437501490243154,-0.6725966413608725,-0.6506586471853965,-0.9222847246532806,0.5849202654881185,0.43380944297317525,0.060974101464652264,-0.31596357808214603,-1.5996369914235713,0.3856636983977981,-1.5993769679129537,120000.0
ID_1656,-0.5980932252990657,0.6222147155635368,-0.3810087211999231,-1.2697412108678772,-0.15105779189909693,1.1437501490243154,-0.9354688951975273,-0.9122171603862802,-0.62655831935096,0.5849202654881185,0.6222473460145197,0.060974101464652264,-0.31596357808214603,0.4116284137445462,0.5291531075969093,0.41450547297020396,120000.0
ID_1657,-0.5453873107879066,0.6222147155635368,-0.3810087211999231,-0.6061199692561582,-0.8917670441167587,-1.6291593628116114,-0.6725966413608725,-0.6506586471853965,-0.9222847246532806,-1.5114339660212976,-1.0360062007493107,-1.3767310278071516,-0.8928692886374687,-1.3123133621138403,-0.10220029287917282,-1.3165141075287088,9.0
ID_1658,2.753683507825741,0.6222147155635368,-0.3810087211999231,-0.6061199692561582,-0.15105779189909693,0.21944697841233984,-0.6725966413608725,-0.6506586471853965,-0.62655831935096,-1.5114339660212976,-1.5071009583526718,-1.3767310278071516,-0.31596357808214603,0.9862756723640083,-2.2290322025637495,0.9818112726866051,64000.0
ID_1659,0.832186681123353,2.455014547181653,4.893179419455191,1.3847437555789985,5.033906973624536,2.068053319636291,1.4303813893323656,1.4418094584216736,1.443526517765285,0.5849202654881185,-2.752675497455958,4.374089489280064,1.414753553583822,-0.16301884487491597,-0.08306837165262702,-0.15731073392477993,9.0
ID_1660,0.751150649136185,-1.2105851160545795,0.2782647963819663,1.3847437555789985,-0.15105779189909693,0.21944697841233984,1.4303813893323656,1.4418094584216736,1.443526517765285,0.5849202654881185,0.24537153993183092,0.060974101464652264,1.414753553583822,0.6989520430542773,-0.2903308516068944,0.702367128571477,130000.0
ID_1661,2.3949142926741804,0.6222147155635368,0.2782647963819663,1.3847437555789985,-0.15105779189909693,0.21944697841233984,1.4303813893323656,1.4418094584216736,1.443526517765285,-1.5114339660212976,-0.5083800722335465,0.060974101464652264,1.414753553583822,-1.5996369914235713,-1.1464843264949127,-1.6021636526029062,70000.0
ID_1662,-0.04010446515145836,0.6222147155635368,-0.3810087211999231,-0.6061199692561582,-0.15105779189909693,1.1437501490243154,-0.14685213368756297,-0.6506586471853965,-0.62655831935096,-1.5114339660212976,-0.696817975274891,0.060974101464652264,-0.31596357808214603,0.9862756723640083,-2.2290322025637495,0.9803461085712692,96000.0
ID_1663,0.5676382377018765,0.6222147155635368,0.2782647963819663,1.3847437555789985,-0.15105779189909693,0.21944697841233984,1.4303813893323656,1.4418094584216736,1.443526517765285,0.5849202654881185,1.375998958179897,0.060974101464652264,1.414753553583822,1.5609229309834705,-0.2393123950027652,1.566153196332303,160000.0
ID_1664,-0.6082378746751949,0.6222147155635368,-0.3810087211999231,-1.2697412108678772,-0.8917670441167587,1.1437501490243154,-0.9354688951975273,-0.9122171603862802,-0.9222847246532806,0.5849202654881185,1.1875610551385527,0.060974101464652264,-0.8928692886374687,-0.450342474184647,-0.47686708356573715,-0.44867729191960143,9.0
ID_1665,-0.5004082926256666,-1.2105851160545795,0.2782647963819663,1.3847437555789985,-0.15105779189909693,-1.6291593628116114,1.4303813893323656,1.4418094584216736,1.443526517765285,-1.5114339660212976,-0.696817975274891,-1.3767310278071516,1.414753553583822,-0.450342474184647,1.559088200292738,-0.4535611723040541,49900.0
ID_1666,0.801703166304203,0.6222147155635368,-0.3810087211999231,-0.6061199692561582,-0.15105779189909693,0.21944697841233984,-0.6725966413608725,-0.6506586471853965,-0.9222847246532806,0.5849202654881185,-0.3199421691922022,-1.3767310278071516,-0.31596357808214603,0.9862756723640083,0.9341121068921712,0.9863216798651878,93000.0
ID_1667,-0.4848057998555397,0.6222147155635368,-0.3810087211999231,-0.9379305900620176,-0.15105779189909693,-1.6291593628116114,-0.9354688951975273,-0.9122171603862802,-0.62655831935096,-1.5114339660212976,-0.8852558783162353,-1.3767310278071516,-0.8928692886374687,0.6989520430542773,0.5769829106632773,0.6950700367029418,74000.0
ID_1668,-0.6609933558771169,0.6222147155635368,-0.3810087211999231,0.05750127235556074,-0.15105779189909693,1.1437501490243154,-0.40972438752421775,-0.3891001339845127,-0.9222847246532806,0.5849202654881185,0.43380944297317525,0.060974101464652264,-0.8928692886374687,-1.3123133621138403,-0.020889627666346104,-1.3138136089631878,150000.0
ID_1669,-0.5812791023102916,0.6222147155635368,-0.3810087211999231,-0.6061199692561582,-0.15105779189909693,1.1437501490243154,-0.14685213368756297,-0.6506586471853965,-0.9222847246532806,0.5849202654881185,-0.3199421691922022,0.060974101464652264,-0.31596357808214603,-0.7376661034943781,0.3617487968646123,-0.7370847929756074,100000.0
ID_1670,-0.7679747967735919,0.6222147155635368,-0.3810087211999231,-0.6061199692561582,-0.15105779189909693,-1.6291593628116114,-0.6725966413608725,-0.3891001339845127,-0.62655831935096,0.5849202654881185,-0.5083800722335465,0.060974101464652264,-0.8928692886374687,-0.16301884487491597,-0.08306837165262702,-0.16190732722779427,160000.0
ID_1671,-0.5980932252990657,0.6222147155635368,-0.3810087211999231,-1.2697412108678772,-0.15105779189909693,1.1437501490243154,-0.9354688951975273,-0.9122171603862802,-0.62655831935096,0.5849202654881185,-0.696817975274891,-1.3767310278071516,-0.8928692886374687,0.4116284137445462,0.5291531075969093,0.41456293038649167,100000.0
ID_1672,0.4625183014140505,-1.2105851160545795,0.2782647963819663,1.3847437555789985,-0.15105779189909693,0.21944697841233984,1.4303813893323656,1.4418094584216736,1.443526517765285,0.5849202654881185,0.43380944297317525,0.060974101464652264,1.414753553583822,0.1243047844348151,-1.1560502871081872,0.12957414559960256,140000.0
ID_1673,-0.8376104898853053,-1.2105851160545795,-0.3810087211999231,-0.6061199692561582,-0.15105779189909693,-0.7048561921996358,-0.6725966413608725,-0.3891001339845127,-0.62655831935096,0.5849202654881185,-0.3199421691922022,0.060974101464652264,-0.8928692886374687,1.5609229309834705,-0.2393123950027652,1.5616140604455764,90000.0
ID_1674,-0.6082378746751949,-1.2105851160545795,-0.3810087211999231,-1.2697412108678772,-0.15105779189909693,1.1437501490243154,-0.9354688951975273,-0.9122171603862802,-0.9222847246532806,0.5849202654881185,0.24537153993183092,0.060974101464652264,-0.8928692886374687,-0.450342474184647,-0.47686708356573715,-0.44747068617756014,120000.0
ID_1675,0.4740122662609459,0.6222147155635368,-0.3810087211999231,-0.2743093484502987,-0.15105779189909693,0.21944697841233984,-0.6725966413608725,-0.3891001339845127,-0.62655831935096,0.5849202654881185,0.810685249055864,0.060974101464652264,-0.31596357808214603,-1.3123133621138403,-0.020889627666346104,-1.311457854895393,90000.0
ID_1676,0.5676382377018765,0.6222147155635368,-0.3810087211999231,0.05750127235556074,-0.15105779189909693,0.21944697841233984,-0.6725966413608725,-0.6506586471853965,-0.62655831935096,0.5849202654881185,1.752874764262586,0.060974101464652264,-0.31596357808214603,1.5609229309834705,-0.2393123950027652,1.5630792245609122,160000.0
ID_1677,-0.7472393978044682,0.6222147155635368,-0.3810087211999231,-0.9379305900620176,-0.15105779189909693,-0.7048561921996358,-0.9354688951975273,-0.9122171603862802,-0.62655831935096,0.5849202654881185,0.24537153993183092,0.060974101464652264,-0.8928692886374687,-1.5996369914235713,0.3856636983977981,-1.5962455387252752,120000.0
ID_1678,2.6415691607302696,0.6222147155635368,0.2782647963819663,1.3847437555789985,-0.15105779189909693,0.21944697841233984,1.4303813893323656,1.4418094584216736,1.443526517765285,-1.5114339660212976,-0.3199421691922022,0.060974101464652264,1.414753553583822,1.2735993016737392,-0.7128274453598268,1.2705347895321932,89000.0
ID_1679,-1.095208581779814,2.455014547181653,4.893179419455191,1.3847437555789985,5.033906973624536,2.068053319636291,1.4303813893323656,1.4418094584216736,1.443526517765285,-1.5114339660212976,-2.752675497455958,4.374089489280064,1.414753553583822,1.5609229309834705,0.48929493837493176,1.559315763794069,9.0
ID_1680,-0.32767388272723436,-1.2105851160545795,0.2782647963819663,1.3847437555789985,-0.15105779189909693,-0.7048561921996358,1.4303813893323656,1.4418094584216736,1.443526517765285,-1.5114339660212976,-0.9794748298369075,0.060974101464652264,1.414753553583822,-0.7376661034943781,-1.0014005905269243,-0.7402736795795736,48900.0
ID_1681,-0.31916493414627917,-1.2105851160545795,-0.3810087211999231,-0.6061199692561582,-0.15105779189909693,-0.7048561921996358,-0.6725966413608725,-0.6506586471853965,-0.62655831935096,-1.5114339660212976,-1.1867565231823862,-1.3767310278071516,-0.8928692886374687,-1.3123133621138403,-0.10220029287917282,-1.3174046974811677,52000.0
ID_1682,-0.4848057998555397,0.6222147155635368,-0.3810087211999231,-0.6061199692561582,-0.15105779189909693,-1.6291593628116114,-0.6725966413608725,-0.6506586471853965,-0.62655831935096,-1.5114339660212976,-0.696817975274891,0.060974101464652264,-0.31596357808214603,0.6989520430542773,0.5769829106632773,0.6944092764156334,90000.0
ID_1683,-0.34419611298151626,-1.2105851160545795,0.2782647963819663,1.3847437555789985,-0.15105779189909693,-0.7048561921996358,1.4303813893323656,1.4418094584216736,1.443526517765285,-1.5114339660212976,-0.3199421691922022,0.060974101464652264,1.414753553583822,-1.5996369914235713,-1.1464843264949127,-1.6023072961436253,72000.0
ID_1684,-0.5980932252990657,0.6222147155635368,-0.3810087211999231,0.05750127235556074,-0.15105779189909693,1.1437501490243154,-0.6725966413608725,-0.127541620783629,-0.9222847246532806,0.5849202654881185,0.24537153993183092,0.060974101464652264,-0.8928692886374687,0.4116284137445462,0.5291531075969093,0.4116038734476762,140000.0
ID_1685,-0.6543238822644718,0.6222147155635368,-0.3810087211999231,-0.6061199692561582,-0.15105779189909693,1.1437501490243154,-0.6725966413608725,-0.6506586471853965,-0.62655831935096,0.5849202654881185,-0.5083800722335465,0.060974101464652264,-0.31596357808214603,-1.5996369914235713,0.3856636983977981,-1.6012443339423033,120000.0
ID_1686,-0.603887020708234,0.6222147155635368,-0.3810087211999231,-0.2743093484502987,-0.15105779189909693,1.1437501490243154,-0.14685213368756297,-0.6506586471853965,-0.62655831935096,0.5849202654881185,-0.5083800722335465,-1.3767310278071516,-0.31596357808214603,-0.16301884487491597,-0.08306837165262702,-0.16480892675032208,170000.0
ID_1687,-0.5951963275944817,0.6222147155635368,-0.3810087211999231,-1.2697412108678772,-0.15105779189909693,1.1437501490243154,-0.9354688951975273,-0.9122171603862802,-0.62655831935096,0.5849202654881185,0.056933636890486534,-1.3767310278071516,-0.8928692886374687,0.9862756723640083,0.9341121068921712,0.987729386564236,130000.0
ID_1688,-0.15837058931160805,-1.2105851160545795,0.2782647963819663,1.3847437555789985,-0.15105779189909693,1.1437501490243154,1.4303813893323656,1.4418094584216736,1.443526517765285,-1.5114339660212976,-0.5083800722335465,0.060974101464652264,1.414753553583822,-1.5996369914235713,-1.1464843264949127,-1.6027669554739268,97000.0
ID_1689,2.6266220497602295,-1.2105851160545795,-0.3810087211999231,-0.9379305900620176,-0.15105779189909693,0.21944697841233984,-0.9354688951975273,-0.9122171603862802,-0.62655831935096,-1.5114339660212976,-0.5083800722335465,0.060974101464652264,-0.8928692886374687,0.4116284137445462,-1.5466603454835397,0.4080702423459839,110000.0
ID_1690,-0.603887020708234,0.6222147155635368,-0.3810087211999231,-0.6061199692561582,-0.15105779189909693,1.1437501490243154,-0.6725966413608725,-0.6506586471853965,-0.9222847246532806,0.5849202654881185,1.1875610551385527,0.060974101464652264,-0.31596357808214603,-0.16301884487491597,-0.08306837165262702,-0.16274045976396562,150000.0
ID_1691,-0.05228134884886409,0.6222147155635368,-0.3810087211999231,-0.6061199692561582,-0.15105779189909693,1.1437501490243154,-0.14685213368756297,-0.6506586471853965,-0.9222847246532806,-1.5114339660212976,-0.9606310395327731,-1.3767310278071516,-0.8928692886374687,1.2735993016737392,-0.7128274453598268,1.2676044613015216,70000.0
ID_1692,-0.603887020708234,0.6222147155635368,-0.3810087211999231,-0.6061199692561582,-0.15105779189909693,1.1437501490243154,-0.6725966413608725,-0.3891001339845127,-0.9222847246532806,0.5849202654881185,-0.696817975274891,-1.3767310278071516,-0.31596357808214603,-0.16301884487491597,-0.08306837165262702,-0.16498129899918512,120000.0
ID_1693,0.4625183014140505,0.6222147155635368,-0.3810087211999231,-0.6061199692561582,-0.15105779189909693,0.21944697841233984,-0.6725966413608725,-0.6506586471853965,-0.62655831935096,0.5849202654881185,-0.3199421691922022,0.060974101464652264,-0.8928692886374687,0.1243047844348151,-1.1560502871081872,0.12425933459299224,150000.0
ID_1694,0.631562746555693,-1.2105851160545795,0.2782647963819663,1.3847437555789985,-0.15105779189909693,0.21944697841233984,1.4303813893323656,1.4418094584216736,1.443526517765285,0.5849202654881185,1.1875610551385527,0.060974101464652264,1.414753553583822,-0.450342474184647,-0.47686708356573715,-0.446781197182108,110000.0
ID_1695,0.631562746555693,0.6222147155635368,-0.3810087211999231,-0.6061199692561582,-0.15105779189909693,0.21944697841233984,-0.6725966413608725,-0.6506586471853965,-0.9222847246532806,0.5849202654881185,1.1875610551385527,0.060974101464652264,-0.31596357808214603,-0.450342474184647,-0.47686708356573715,-0.45198109335614295,150000.0
ID_1696,-0.5980932252990657,-1.2105851160545795,0.2782647963819663,1.3847437555789985,-0.15105779189909693,1.1437501490243154,1.4303813893323656,1.4418094584216736,1.443526517765285,0.5849202654881185,0.24537153993183092,0.060974101464652264,1.414753553583822,0.4116284137445462,0.5291531075969093,0.41617173804254665,110000.0
ID_1697,-0.7679747967735919,0.6222147155635368,-0.3810087211999231,-0.6061199692561582,-0.15105779189909693,-1.6291593628116114,-0.6725966413608725,-0.6506586471853965,-0.62655831935096,0.5849202654881185,0.24537153993183092,0.060974101464652264,-0.31596357808214603,-0.16301884487491597,-0.08306837165262702,-0.1618498698115066,84000.0
ID_1698,-0.15837058931160805,0.6222147155635368,-0.3810087211999231,-0.6061199692561582,-0.15105779189909693,1.1437501490243154,-0.6725966413608725,-0.6506586471853965,-0.62655831935096,-1.5114339660212976,-1.5071009583526718,-1.3767310278071516,-0.8928692886374687,-1.5996369914235713,-1.1464843264949127,-1.6052950817905847,54000.0
ID_1699,0.7381696835664046,-1.2105851160545795,0.2782647963819663,1.3847437555789985,-0.15105779189909693,0.21944697841233984,1.4303813893323656,1.4418094584216736,1.443526517765285,0.5849202654881185,2.1297505703452746,0.060974101464652264,1.414753553583822,0.4116284137445462,0.5291531075969093,0.41614300933440285,120000.0
ID_1700,-0.6546157749989641,-1.2105851160545795,0.2782647963819663,1.3847437555789985,-0.15105779189909693,1.1437501490243154,1.4303813893323656,1.4418094584216736,1.443526517765285,0.5849202654881185,0.6222473460145197,0.060974101464652264,1.414753553583822,1.5609229309834705,-0.2393123950027652,1.566526669538173,260000.0
ID_1701,0.631562746555693,0.6222147155635368,0.2782647963819663,1.3847437555789985,-0.15105779189909693,0.21944697841233984,1.4303813893323656,1.4418094584216736,1.443526517765285,0.5849202654881185,1.1875610551385527,0.060974101464652264,1.414753553583822,-0.450342474184647,-0.47686708356573715,-0.4467237397658203,150000.0
ID_1702,0.801703166304203,-1.2105851160545795,0.2782647963819663,1.3847437555789985,-0.15105779189909693,0.21944697841233984,1.4303813893323656,1.4418094584216736,1.443526517765285,0.5849202654881185,-0.3199421691922022,0.060974101464652264,1.414753553583822,0.9862756723640083,0.9341121068921712,0.9902575128808939,100000.0
ID_1703,-0.7422331620374208,0.6222147155635368,-0.3810087211999231,-0.6061199692561582,-0.15105779189909693,-0.7048561921996358,-0.6725966413608725,-0.6506586471853965,-0.62655831935096,0.5849202654881185,0.6222473460145197,0.060974101464652264,-0.31596357808214603,1.2735993016737392,0.22623102150989877,1.2727756287674128,150000.0
ID_1704,-0.8879812625205259,0.6222147155635368,-0.3810087211999231,-1.2697412108678772,-0.15105779189909693,-1.6291593628116114,-0.9354688951975273,-0.9122171603862802,-0.62655831935096,0.5849202654881185,-0.13150426615085783,0.060974101464652264,-0.31596357808214603,0.1243047844348151,-1.1560502871081872,0.12667254607707476,120000.0
ID_1705,-0.6546157749989641,-1.2105851160545795,-0.3810087211999231,-0.6061199692561582,-0.15105779189909693,1.1437501490243154,-0.6725966413608725,-0.6506586471853965,-0.62655831935096,0.5849202654881185,-0.3199421691922022,0.060974101464652264,-0.8928692886374687,1.5609229309834705,-0.2393123950027652,1.5624471929817476,120000.0
ID_1706,-0.7702713867789371,0.6222147155635368,-0.3810087211999231,-0.9379305900620176,-0.15105779189909693,-1.6291593628116114,-0.9354688951975273,-0.9122171603862802,-0.62655831935096,0.5849202654881185,0.43380944297317525,0.060974101464652264,-0.31596357808214603,-1.024989732804109,-0.06871943073271414,-1.0222172213032157,91000.0
ID_1707,0.751150649136185,0.6222147155635368,-0.3810087211999231,0.05750127235556074,-0.15105779189909693,0.21944697841233984,-0.6725966413608725,-0.6506586471853965,-0.9222847246532806,0.5849202654881185,1.752874764262586,0.060974101464652264,-0.31596357808214603,0.6989520430542773,-0.2903308516068944,0.7003561190014083,150000.0
ID_1708,-0.7347210546818074,0.6222147155635368,-0.3810087211999231,-0.2743093484502987,-0.15105779189909693,-0.7048561921996358,-0.6725966413608725,-0.6506586471853965,-0.62655831935096,0.5849202654881185,0.43380944297317525,0.060974101464652264,-0.8928692886374687,-1.3123133621138403,-0.020889627666346104,-1.3126931893455782,71000.0
ID_1709,2.4134026683287213,0.6222147155635368,-0.3810087211999231,-1.2697412108678772,-0.15105779189909693,0.21944697841233984,-0.9354688951975273,-0.9122171603862802,-0.9222847246532806,-1.5114339660212976,-0.9606310395327731,-1.3767310278071516,-0.8928692886374687,-0.450342474184647,1.559088200292738,-0.45407828905064324,66000.0
ID_1710,-0.6302675150142374,0.6222147155635368,-0.3810087211999231,-0.6061199692561582,-0.15105779189909693,1.1437501490243154,-0.14685213368756297,-0.6506586471853965,-0.62655831935096,0.5849202654881185,0.24537153993183092,0.060974101464652264,-0.8928692886374687,0.6989520430542773,-0.2903308516068944,0.6964777434019899,130000.0
ID_1711,2.6266220497602295,-1.2105851160545795,0.2782647963819663,1.3847437555789985,-0.15105779189909693,0.21944697841233984,1.4303813893323656,1.4418094584216736,1.443526517765285,-1.5114339660212976,-0.5083800722335465,0.060974101464652264,1.414753553583822,0.4116284137445462,-1.5466603454835397,0.408587359092573,90000.0
ID_1712,2.6415691607302696,-1.2105851160545795,0.2782647963819663,1.3847437555789985,-0.15105779189909693,0.21944697841233984,1.4303813893323656,1.4418094584216736,1.443526517765285,-1.5114339660212976,-1.5071009583526718,-1.3767310278071516,1.414753553583822,1.2735993016737392,-0.7128274453598268,1.2701613163263235,41700.0
ID_1713,-0.6012820157381421,2.455014547181653,4.893179419455191,1.3847437555789985,5.033906973624536,2.068053319636291,1.4303813893323656,1.4418094584216736,1.443526517765285,0.5849202654881185,-2.752675497455958,4.374089489280064,1.414753553583822,1.2735993016737392,0.22623102150989877,1.2794119603486398,9.0
ID_1714,-0.5812791023102916,-1.2105851160545795,0.2782647963819663,1.3847437555789985,-0.15105779189909693,1.1437501490243154,1.4303813893323656,1.4418094584216736,1.443526517765285,0.5849202654881185,0.43380944297317525,-1.3767310278071516,1.414753553583822,-0.7376661034943781,0.3617487968646123,-0.7331489599599014,190000.0
ID_1715,-0.5951963275944817,0.6222147155635368,-0.3810087211999231,-0.6061199692561582,-0.15105779189909693,1.1437501490243154,-0.14685213368756297,-0.6506586471853965,-0.9222847246532806,0.5849202654881185,0.43380944297317525,0.060974101464652264,-0.31596357808214603,0.9862756723640083,0.9341121068921712,0.9862354937407564,140000.0
ID_1716,0.6223158050233801,0.6222147155635368,-0.3810087211999231,-0.6061199692561582,-0.15105779189909693,0.21944697841233984,-0.6725966413608725,-0.3891001339845127,-0.62655831935096,0.5849202654881185,-0.3199421691922022,0.060974101464652264,-0.8928692886374687,-1.5996369914235713,0.3856636983977981,-1.5992045956640908,110000.0
ID_1717,-0.8478322430026209,-1.2105851160545795,0.2782647963819663,1.3847437555789985,-0.15105779189909693,-1.6291593628116114,1.4303813893323656,1.4418094584216736,1.443526517765285,0.5849202654881185,0.43380944297317525,0.060974101464652264,1.414753553583822,-1.3123133621138403,-0.020889627666346104,-1.3073209209226802,95000.0
ID_1718,-0.7389782826773273,0.6222147155635368,-0.3810087211999231,-0.6061199692561582,-0.15105779189909693,-0.7048561921996358,-0.6725966413608725,-0.6506586471853965,-0.62655831935096,0.5849202654881185,0.24537153993183092,0.060974101464652264,-0.8928692886374687,-0.7376661034943781,0.3617487968646123,-0.7377742819710595,120000.0
ID_1719,2.753683507825741,0.6222147155635368,-0.3810087211999231,-0.6061199692561582,-0.15105779189909693,0.21944697841233984,-0.6725966413608725,-0.6506586471853965,-0.62655831935096,-1.5114339660212976,-0.696817975274891,0.060974101464652264,-0.8928692886374687,0.9862756723640083,-2.2290322025637495,0.9807195817771391,80000.0
ID_1720,-0.27060059201886,0.6222147155635368,-0.3810087211999231,-0.6061199692561582,-0.15105779189909693,-0.7048561921996358,-0.6725966413608725,-0.3891001339845127,-0.62655831935096,-1.5114339660212976,-1.299819265007193,-1.3767310278071516,-0.8928692886374687,-0.16301884487491597,0.46538003684174956,-0.16842874397644586,49900.0
ID_1721,2.6266220497602295,0.6222147155635368,-0.3810087211999231,-0.2743093484502987,-0.15105779189909693,0.21944697841233984,-0.6725966413608725,-0.6506586471853965,-0.62655831935096,-1.5114339660212976,-0.8852558783162353,-1.3767310278071516,-0.31596357808214603,0.4116284137445462,-1.5466603454835397,0.4060592327759151,69000.0
ID_1722,0.5676382377018765,-1.2105851160545795,0.2782647963819663,1.3847437555789985,-0.15105779189909693,0.21944697841233984,1.4303813893323656,1.4418094584216736,1.443526517765285,0.5849202654881185,2.1297505703452746,0.060974101464652264,1.414753553583822,1.5609229309834705,-0.2393123950027652,1.5652338776717,210000.0
ID_1723,0.751150649136185,0.6222147155635368,-0.3810087211999231,-0.6061199692561582,-0.15105779189909693,0.21944697841233984,-0.6725966413608725,-0.6506586471853965,-0.62655831935096,0.5849202654881185,0.9991231520972084,0.060974101464652264,-0.31596357808214603,0.6989520430542773,-0.2903308516068944,0.6980290936417572,100000.0
ID_1724,-0.30013683230343124,0.6222147155635368,-0.3810087211999231,-0.9379305900620176,-0.15105779189909693,-0.7048561921996358,-0.9354688951975273,-0.9122171603862802,-0.62655831935096,-1.5114339660212976,-0.9606310395327731,-1.3767310278071516,-0.8928692886374687,0.9862756723640083,-2.2290322025637495,0.9822709320169065,74000.0
ID_1725,0.833563533644543,-1.2105851160545795,0.2782647963819663,1.3847437555789985,-0.15105779189909693,0.21944697841233984,1.4303813893323656,1.4418094584216736,1.443526517765285,0.5849202654881185,0.24537153993183092,0.060974101464652264,1.414753553583822,-0.7376661034943781,0.3617487968646123,-0.733407518333196,120000.0
ID_1726,-0.7472393978044682,0.6222147155635368,-0.3810087211999231,-0.6061199692561582,-0.15105779189909693,-0.7048561921996358,-0.6725966413608725,-0.6506586471853965,-0.62655831935096,0.5849202654881185,0.43380944297317525,0.060974101464652264,-0.8928692886374687,-1.5996369914235713,0.3856636983977981,-1.600583573654995,120000.0
ID_1727,0.5676382377018765,0.6222147155635368,-0.3810087211999231,-0.2743093484502987,-0.15105779189909693,0.21944697841233984,-0.6725966413608725,-0.3891001339845127,-0.62655831935096,0.5849202654881185,-0.3199421691922022,0.060974101464652264,-0.31596357808214603,1.5609229309834705,-0.2393123950027652,1.5597466944162268,110000.0
ID_1728,0.751150649136185,0.6222147155635368,-0.3810087211999231,0.05750127235556074,-0.15105779189909693,0.21944697841233984,-0.6725966413608725,-0.6506586471853965,-0.62655831935096,0.5849202654881185,1.375998958179897,0.060974101464652264,-0.31596357808214603,0.6989520430542773,-0.2903308516068944,0.7002699328769767,210000.0
ID_1729,0.5676382377018765,-1.2105851160545795,0.2782647963819663,1.3847437555789985,-0.15105779189909693,0.21944697841233984,1.4303813893323656,1.4418094584216736,1.443526517765285,0.5849202654881185,0.24537153993183092,0.060974101464652264,1.414753553583822,1.5609229309834705,-0.2393123950027652,1.5656648082938578,66000.0
ID_1730,-0.5812791023102916,0.6222147155635368,-0.3810087211999231,-0.2743093484502987,-0.15105779189909693,1.1437501490243154,-0.6725966413608725,-0.6506586471853965,-0.62655831935096,0.5849202654881185,0.056933636890486534,0.060974101464652264,-0.8928692886374687,-0.7376661034943781,0.3617487968646123,-0.739842748957416,160000.0
ID_1731,0.631562746555693,2.455014547181653,4.893179419455191,1.3847437555789985,5.033906973624536,2.068053319636291,1.4303813893323656,1.4418094584216736,1.443526517765285,0.5849202654881185,-2.752675497455958,4.374089489280064,1.414753553583822,-0.450342474184647,-0.47686708356573715,-0.44494255986090225,9.0
ID_1732,-0.6543238822644718,0.6222147155635368,-0.3810087211999231,-1.2697412108678772,-0.15105779189909693,1.1437501490243154,-0.9354688951975273,-0.9122171603862802,-0.3308319140486392,0.5849202654881185,-0.9606310395327731,-1.3767310278071516,-0.31596357808214603,-1.5996369914235713,0.3856636983977981,-1.5974808731754604,74000.0
ID_1733,2.3949142926741804,0.6222147155635368,-0.3810087211999231,-0.6061199692561582,-0.15105779189909693,0.21944697841233984,-0.6725966413608725,-0.6506586471853965,-0.62655831935096,-1.5114339660212976,-0.5083800722335465,0.060974101464652264,-0.31596357808214603,-1.5996369914235713,-1.1464843264949127,-1.603284072220516,83000.0
ID_1734,-0.5951963275944817,-1.2105851160545795,-0.3810087211999231,-0.2743093484502987,-0.15105779189909693,1.1437501490243154,-0.14685213368756297,-0.6506586471853965,-0.9222847246532806,0.5849202654881185,0.056933636890486534,0.060974101464652264,-0.31596357808214603,0.9862756723640083,0.9341121068921712,0.984339399003263,130000.0
ID_1735,-0.6904139405499081,0.6222147155635368,-0.3810087211999231,-1.2697412108678772,-0.15105779189909693,-0.7048561921996358,-0.9354688951975273,-0.9122171603862802,-0.9222847246532806,0.5849202654881185,0.24537153993183092,0.060974101464652264,-0.8928692886374687,-1.024989732804109,-0.06871943073271414,-1.0228492528823803,120000.0
ID_1736,0.6223158050233801,-1.2105851160545795,0.2782647963819663,1.3847437555789985,-0.15105779189909693,0.21944697841233984,1.4303813893323656,1.4418094584216736,1.443526517765285,0.5849202654881185,0.43380944297317525,0.060974101464652264,1.414753553583822,-1.5996369914235713,0.3856636983977981,-1.5940046994900559,140000.0
ID_1737,-0.7347210546818074,0.6222147155635368,-0.3810087211999231,-0.6061199692561582,-0.15105779189909693,-0.7048561921996358,-0.6725966413608725,-0.6506586471853965,-0.9222847246532806,0.5849202654881185,1.9413126673039303,0.060974101464652264,-0.31596357808214603,-1.3123133621138403,-0.020889627666346104,-1.3129230190107288,110000.0
ID_1738,-0.5812791023102916,-1.2105851160545795,-0.3810087211999231,-0.2743093484502987,-0.15105779189909693,1.1437501490243154,-0.14685213368756297,-0.6506586471853965,-0.62655831935096,0.5849202654881185,-0.5083800722335465,0.060974101464652264,-0.8928692886374687,-0.7376661034943781,0.3617487968646123,-0.7391532599619639,130000.0
ID_1739,0.5676382377018765,-1.2105851160545795,0.2782647963819663,1.3847437555789985,-0.15105779189909693,0.21944697841233984,1.4303813893323656,1.4418094584216736,1.443526517765285,0.5849202654881185,0.9991231520972084,0.060974101464652264,1.414753553583822,1.5609229309834705,-0.2393123950027652,1.5673885307824882,170000.0
ID_1740,0.801703166304203,-1.2105851160545795,0.2782647963819663,1.3847437555789985,-0.15105779189909693,0.21944697841233984,1.4303813893323656,1.4418094584216736,1.443526517765285,0.5849202654881185,1.375998958179897,0.060974101464652264,1.414753553583822,0.9862756723640083,0.9341121068921712,0.9899702257994555,170000.0
ID_1741,-0.6662088732273852,0.6222147155635368,-0.3810087211999231,-0.2743093484502987,-0.15105779189909693,1.1437501490243154,-0.14685213368756297,-0.6506586471853965,-0.62655831935096,0.5849202654881185,0.24537153993183092,0.060974101464652264,-0.8928692886374687,0.1243047844348151,-1.1560502871081872,0.12173120827633435,260000.0
ID_1742,-0.7252097574654258,0.6222147155635368,0.2782647963819663,1.3847437555789985,-0.15105779189909693,0.21944697841233984,1.4303813893323656,1.4418094584216736,1.443526517765285,0.5849202654881185,0.9991231520972084,0.060974101464652264,1.414753553583822,0.9862756723640083,0.9341121068921712,0.9909182731682022,160000.0
ID_1743,0.5676382377018765,-1.2105851160545795,0.2782647963819663,1.3847437555789985,-0.15105779189909693,0.21944697841233984,1.4303813893323656,1.4418094584216736,1.443526517765285,0.5849202654881185,0.9991231520972084,0.060974101464652264,1.414753553583822,1.5609229309834705,-0.2393123950027652,1.564917861882118,150000.0
ID_1744,0.7381696835664046,0.6222147155635368,-0.3810087211999231,-0.6061199692561582,-0.15105779189909693,0.21944697841233984,-0.6725966413608725,-0.6506586471853965,-0.62655831935096,0.5849202654881185,0.24537153993183092,0.060974101464652264,-0.31596357808214603,0.4116284137445462,0.5291531075969093,0.41051218253821026,130000.0
ID_1745,-0.8376104898853053,0.6222147155635368,-0.3810087211999231,-0.6061199692561582,-0.15105779189909693,-0.7048561921996358,-0.6725966413608725,-0.6506586471853965,-0.62655831935096,0.5849202654881185,0.24537153993183092,0.060974101464652264,-0.31596357808214603,1.5609229309834705,-0.2393123950027652,1.5618151614025833,130000.0
ID_1746,-0.7422331620374208,0.6222147155635368,-0.3810087211999231,-0.6061199692561582,-0.15105779189909693,-0.7048561921996358,-0.6725966413608725,-0.6506586471853965,-0.62655831935096,0.5849202654881185,0.056933636890486534,0.060974101464652264,-0.8928692886374687,1.2735993016737392,0.22623102150989877,1.2737236761361594,130000.0
ID_1747,-0.8036077400219932,-1.2105851160545795,-0.3810087211999231,-0.6061199692561582,-0.15105779189909693,2.068053319636291,-0.6725966413608725,-0.6506586471853965,-0.9222847246532806,2.6812744969975344,-0.5083800722335465,-1.3767310278071516,-0.31596357808214603,0.6989520430542773,-0.2903308516068944,0.6988047687616409,110000.0
ID_1748,-0.8253454876265434,0.6222147155635368,-0.3810087211999231,-0.6061199692561582,-0.15105779189909693,0.21944697841233984,-0.6725966413608725,-0.6506586471853965,-0.62655831935096,0.5849202654881185,0.056933636890486534,0.060974101464652264,-0.8928692886374687,-0.450342474184647,-0.47686708356573715,-0.45212473689686217,100000.0
ID_1749,0.631562746555693,0.6222147155635368,-0.3810087211999231,-0.6061199692561582,-0.15105779189909693,0.21944697841233984,-0.6725966413608725,-0.6506586471853965,-0.62655831935096,0.5849202654881185,0.24537153993183092,0.060974101464652264,-0.31596357808214603,-0.450342474184647,-0.47686708356573715,-0.4489071215847521,120000.0
ID_1750,-0.32767388272723436,-1.2105851160545795,-0.3810087211999231,-0.6061199692561582,-0.15105779189909693,-0.7048561921996358,-0.6725966413608725,-0.6506586471853965,-0.62655831935096,-1.5114339660212976,-1.5071009583526718,-1.3767310278071516,-0.8928692886374687,-0.7376661034943781,-1.0014005905269243,-0.7422559604414986,58000.0
ID_1751,0.7456432390514247,0.6222147155635368,0.2782647963819663,1.3847437555789985,-0.15105779189909693,0.21944697841233984,1.4303813893323656,1.4418094584216736,1.443526517765285,0.5849202654881185,0.056933636890486534,0.060974101464652264,1.414753553583822,1.2735993016737392,0.22623102150989877,1.2793832316404958,110000.0
ID_1752,-0.7104388836180978,0.6222147155635368,-0.3810087211999231,-0.6061199692561582,-0.15105779189909693,-0.7048561921996358,-0.6725966413608725,-0.6506586471853965,-0.9222847246532806,0.5849202654881185,1.9413126673039303,0.060974101464652264,-0.31596357808214603,-0.16301884487491597,-0.08306837165262702,-0.16239571526623955,130000.0
ID_1753,0.4625183014140505,-1.2105851160545795,0.2782647963819663,1.3847437555789985,-0.15105779189909693,0.21944697841233984,1.4303813893323656,1.4418094584216736,1.443526517765285,0.5849202654881185,1.1875610551385527,0.060974101464652264,1.414753553583822,0.1243047844348151,-1.1560502871081872,0.12842499727384898,96000.0
ID_1754,0.5676382377018765,-1.2105851160545795,0.2782647963819663,1.3847437555789985,-0.15105779189909693,0.21944697841233984,1.4303813893323656,1.4418094584216736,1.443526517765285,0.5849202654881185,1.1875610551385527,0.060974101464652264,1.414753553583822,1.5609229309834705,-0.2393123950027652,1.5655786221694263,170000.0
ID_1755,-0.8240897981272179,0.6222147155635368,-0.3810087211999231,0.05750127235556074,-0.15105779189909693,2.068053319636291,-0.6725966413608725,-0.3891001339845127,-0.9222847246532806,2.6812744969975344,2.5066263764279633,0.060974101464652264,-0.31596357808214603,-1.3123133621138403,-0.020889627666346104,-1.3145605553749278,320000.0
ID_1756,-0.2685958947480072,-1.2105851160545795,0.2782647963819663,1.3847437555789985,-0.8917670441167587,-0.7048561921996358,1.4303813893323656,1.4418094584216736,1.443526517765285,-1.5114339660212976,-0.696817975274891,0.060974101464652264,1.414753553583822,0.6989520430542773,0.5769829106632773,0.6956446108658185,9.0
ID_1757,-0.46644409463294784,-1.2105851160545795,0.2782647963819663,1.3847437555789985,-0.15105779189909693,-1.6291593628116114,1.4303813893323656,1.4418094584216736,1.443526517765285,-1.5114339660212976,-0.696817975274891,0.060974101464652264,1.414753553583822,0.4116284137445462,-1.5466603454835397,0.4088746461740114,80000.0
ID_1758,0.6223158050233801,-1.2105851160545795,0.2782647963819663,1.3847437555789985,-0.15105779189909693,0.21944697841233984,1.4303813893323656,1.4418094584216736,1.443526517765285,0.5849202654881185,0.24537153993183092,0.060974101464652264,1.414753553583822,-1.5996369914235713,0.3856636983977981,-1.594493087528501,120000.0
ID_1759,0.833563533644543,-1.2105851160545795,0.2782647963819663,1.3847437555789985,-0.15105779189909693,0.21944697841233984,1.4303813893323656,1.4418094584216736,1.443526517765285,0.5849202654881185,0.810685249055864,0.060974101464652264,1.414753553583822,-0.7376661034943781,0.3617487968646123,-0.7336373479983467,130000.0
ID_1760,-0.04010446515145836,0.6222147155635368,-0.3810087211999231,-0.9379305900620176,-0.15105779189909693,-0.7048561921996358,-0.9354688951975273,-0.9122171603862802,-0.9222847246532806,-1.5114339660212976,-0.696817975274891,0.060974101464652264,-0.8928692886374687,0.9862756723640083,-2.2290322025637495,0.9824720329739134,55000.0
ID_1761,0.631562746555693,-1.2105851160545795,0.2782647963819663,1.3847437555789985,-0.15105779189909693,0.21944697841233984,1.4303813893323656,1.4418094584216736,1.443526517765285,0.5849202654881185,1.375998958179897,0.060974101464652264,1.414753553583822,-0.450342474184647,-0.47686708356573715,-0.4463789952680942,210000.0
ID_1762,-0.6546157749989641,0.6222147155635368,-0.3810087211999231,-0.6061199692561582,-0.15105779189909693,1.1437501490243154,-0.14685213368756297,-0.6506586471853965,-0.62655831935096,0.5849202654881185,0.056933636890486534,0.060974101464652264,-0.8928692886374687,1.5609229309834705,-0.2393123950027652,1.560263811162816,130000.0
ID_1763,-0.8574702106509521,-1.2105851160545795,0.2782647963819663,1.3847437555789985,-0.15105779189909693,-1.6291593628116114,1.4303813893323656,1.4418094584216736,1.443526517765285,0.5849202654881185,1.1875610551385527,0.060974101464652264,1.414753553583822,-1.5996369914235713,0.3856636983977981,-1.5953262200646723,67000.0
ID_1764,2.075313778045436,0.6222147155635368,-0.3810087211999231,0.05750127235556074,-0.15105779189909693,0.21944697841233984,-0.6725966413608725,-0.3891001339845127,-0.62655831935096,-1.5114339660212976,-0.5083800722335465,0.060974101464652264,-0.31596357808214603,0.1243047844348151,5.06660709182652,0.11845613554793663,63000.0
ID_1765,0.832186681123353,-1.2105851160545795,-0.3810087211999231,-0.6061199692561582,-0.15105779189909693,0.21944697841233984,-0.6725966413608725,-0.6506586471853965,-0.3308319140486392,0.5849202654881185,1.1875610551385527,0.060974101464652264,-0.31596357808214603,-0.16301884487491597,-0.08306837165262702,-0.16259681622324643,160000.0
ID_1766,-0.5912805590242168,-1.2105851160545795,-0.3810087211999231,-0.6061199692561582,-0.15105779189909693,-1.6291593628116114,-0.6725966413608725,-0.6506586471853965,-0.62655831935096,-1.5114339660212976,-1.0360062007493107,-1.3767310278071516,-0.8928692886374687,1.2735993016737392,-0.7128274453598268,1.2690696254168574,59000.0
ID_1767,2.4134026683287213,-1.2105851160545795,0.2782647963819663,1.3847437555789985,-0.15105779189909693,0.21944697841233984,1.4303813893323656,1.4418094584216736,1.443526517765285,-1.5114339660212976,-1.5071009583526718,-1.3767310278071516,1.414753553583822,-0.450342474184647,1.559088200292738,-0.4536760871366295,73000.0
ID_1768,0.9328951819332859,0.6222147155635368,-0.3810087211999231,-0.6061199692561582,-0.15105779189909693,0.21944697841233984,-0.14685213368756297,-0.6506586471853965,-0.62655831935096,0.5849202654881185,-0.13150426615085783,0.060974101464652264,-0.8928692886374687,-1.024989732804109,-0.06871943073271414,-1.0239122150837021,110000.0
ID_1769,-0.7347210546818074,0.6222147155635368,-0.3810087211999231,-0.6061199692561582,-0.8917670441167587,-0.7048561921996358,-0.6725966413608725,-0.6506586471853965,-0.9222847246532806,0.5849202654881185,-0.696817975274891,0.060974101464652264,-0.8928692886374687,-1.3123133621138403,-0.020889627666346104,-1.312721918053722,9.0
ID_1770,-1.095208581779814,2.455014547181653,4.893179419455191,1.3847437555789985,5.033906973624536,2.068053319636291,1.4303813893323656,1.4418094584216736,1.443526517765285,-1.5114339660212976,-2.752675497455958,4.374089489280064,1.414753553583822,-1.3123133621138403,-0.10220029287917282,-1.3147616563319346,9.0
ID_1771,-0.6012820157381421,-1.2105851160545795,0.2782647963819663,1.3847437555789985,-0.15105779189909693,1.1437501490243154,1.4303813893323656,1.4418094584216736,1.443526517765285,0.5849202654881185,0.810685249055864,0.060974101464652264,1.414753553583822,1.2735993016737392,0.22623102150989877,1.2783489981473177,150000.0
ID_1772,-0.7252097574654258,-1.2105851160545795,0.2782647963819663,1.3847437555789985,-0.15105779189909693,-0.7048561921996358,1.4303813893323656,1.4418094584216736,1.443526517765285,0.5849202654881185,0.43380944297317525,0.060974101464652264,1.414753553583822,0.9862756723640083,0.9341121068921712,0.9915503047473667,160000.0
ID_1773,-0.6256798424136317,0.6222147155635368,-0.3810087211999231,-0.6061199692561582,-0.8917670441167587,-1.6291593628116114,-0.6725966413608725,-0.6506586471853965,-0.9222847246532806,-1.5114339660212976,-0.9606310395327731,-1.3767310278071516,-0.8928692886374687,0.1243047844348151,5.06660709182652,0.11969146999812173,9.0
ID_1774,-0.5804089315168994,0.6222147155635368,-0.3810087211999231,-0.9379305900620176,-0.15105779189909693,1.1437501490243154,-0.9354688951975273,-0.9122171603862802,-0.62655831935096,0.5849202654881185,1.752874764262586,0.060974101464652264,-0.31596357808214603,-1.024989732804109,-0.06871943073271414,-1.0229641677149555,160000.0
ID_1775,-0.15894886737050795,-1.2105851160545795,-0.3810087211999231,-0.6061199692561582,-0.15105779189909693,1.1437501490243154,-0.6725966413608725,-0.6506586471853965,-0.62655831935096,-1.5114339660212976,-1.4505695874402684,-1.3767310278071516,-0.31596357808214603,1.5609229309834705,0.48929493837493176,1.5560694197738154,60000.0
ID_1776,0.5676382377018765,-1.2105851160545795,-0.3810087211999231,-0.2743093484502987,-0.15105779189909693,0.21944697841233984,-0.40972438752421775,-0.6506586471853965,-0.62655831935096,0.5849202654881185,2.1297505703452746,0.060974101464652264,-0.31596357808214603,1.5609229309834705,-0.2393123950027652,1.561527874321145,150000.0
ID_1777,0.7456432390514247,-1.2105851160545795,0.2782647963819663,1.3847437555789985,-0.15105779189909693,0.21944697841233984,1.4303813893323656,1.4418094584216736,1.443526517765285,0.5849202654881185,0.24537153993183092,0.060974101464652264,1.414753553583822,1.2735993016737392,0.22623102150989877,1.2788086574776192,150000.0
ID_1778,-0.32767388272723436,0.6222147155635368,-0.3810087211999231,-1.2697412108678772,-0.15105779189909693,-0.7048561921996358,-0.9354688951975273,-0.9122171603862802,-0.62655831935096,-1.5114339660212976,-0.3199421691922022,0.060974101464652264,-0.31596357808214603,-0.7376661034943781,-1.0014005905269243,-0.7412504556564642,52000.0
ID_1779,0.631562746555693,0.6222147155635368,-0.3810087211999231,-0.6061199692561582,-0.15105779189909693,0.21944697841233984,-0.6725966413608725,-0.6506586471853965,-0.9222847246532806,0.5849202654881185,2.1297505703452746,0.060974101464652264,-0.8928692886374687,-0.450342474184647,-0.47686708356573715,-0.4508032163222455,160000.0
ID_1780,0.4740122662609459,-1.2105851160545795,0.2782647963819663,1.3847437555789985,-0.15105779189909693,0.21944697841233984,1.4303813893323656,1.4418094584216736,1.443526517765285,0.5849202654881185,0.9991231520972084,0.060974101464652264,1.414753553583822,-1.3123133621138403,-0.020889627666346104,-1.3069474477168102,140000.0
ID_1781,0.4740122662609459,-1.2105851160545795,0.2782647963819663,1.3847437555789985,-0.15105779189909693,0.21944697841233984,1.4303813893323656,1.4418094584216736,1.443526517765285,0.5849202654881185,0.24537153993183092,0.060974101464652264,1.414753553583822,-1.3123133621138403,-0.020889627666346104,-1.3069187190086664,85000.0
ID_1782,-0.7252097574654258,-1.2105851160545795,0.2782647963819663,1.3847437555789985,-0.15105779189909693,-0.7048561921996358,1.4303813893323656,1.4418094584216736,1.443526517765285,0.5849202654881185,0.24537153993183092,0.060974101464652264,1.414753553583822,0.9862756723640083,0.9341121068921712,0.9910619167089214,150000.0
ID_1783,0.631562746555693,0.6222147155635368,-0.3810087211999231,-0.2743093484502987,-0.15105779189909693,0.21944697841233984,-0.6725966413608725,-0.6506586471853965,-0.62655831935096,0.5849202654881185,0.43380944297317525,0.060974101464652264,-0.31596357808214603,-0.450342474184647,-0.47686708356573715,-0.4494816957476289,93000.0
ID_1784,0.5676382377018765,-1.2105851160545795,-0.3810087211999231,-0.6061199692561582,-0.15105779189909693,0.21944697841233984,-0.6725966413608725,-0.6506586471853965,-0.62655831935096,0.5849202654881185,-0.13150426615085783,0.060974101464652264,-0.8928692886374687,1.5609229309834705,-0.2393123950027652,1.560953300158268,130000.0
ID_1785,-0.6082378746751949,-1.2105851160545795,0.2782647963819663,1.3847437555789985,-0.15105779189909693,1.1437501490243154,1.4303813893323656,1.4418094584216736,1.443526517765285,0.5849202654881185,0.24537153993183092,0.060974101464652264,1.414753553583822,-0.450342474184647,-0.47686708356573715,-0.44589060722964896,120000.0
ID_1786,0.7381696835664046,-1.2105851160545795,0.2782647963819663,1.3847437555789985,-0.15105779189909693,0.21944697841233984,1.4303813893323656,1.4418094584216736,1.443526517765285,0.5849202654881185,1.1875610551385527,0.060974101464652264,1.414753553583822,0.4116284137445462,0.5291531075969093,0.41711978541129335,160000.0
ID_1787,0.801703166304203,0.6222147155635368,-0.3810087211999231,-0.6061199692561582,-0.15105779189909693,0.21944697841233984,-0.6725966413608725,-0.6506586471853965,-0.62655831935096,0.5849202654881185,0.24537153993183092,0.060974101464652264,-0.31596357808214603,0.9862756723640083,0.9341121068921712,0.9849139731661397,130000.0
ID_1788,-0.2685958947480072,0.6222147155635368,-0.3810087211999231,-0.9379305900620176,-0.8917670441167587,-0.7048561921996358,-0.9354688951975273,-0.9122171603862802,-0.62655831935096,-1.5114339660212976,-0.696817975274891,0.060974101464652264,-0.8928692886374687,0.6989520430542773,0.5769829106632773,0.694667834788928,9.0
ID_1789,0.833563533644543,-1.2105851160545795,0.2782647963819663,1.3847437555789985,-0.15105779189909693,0.21944697841233984,1.4303813893323656,1.4418094584216736,1.443526517765285,0.5849202654881185,1.752874764262586,0.060974101464652264,1.414753553583822,-0.7376661034943781,0.3617487968646123,-0.734470480534518,170000.0
ID_1790,0.833563533644543,-1.2105851160545795,-0.3810087211999231,-0.2743093484502987,-0.15105779189909693,0.21944697841233984,-0.6725966413608725,-0.6506586471853965,-0.9222847246532806,0.5849202654881185,0.24537153993183092,0.060974101464652264,-0.31596357808214603,-0.7376661034943781,0.3617487968646123,-0.7379179255117787,100000.0
ID_1791,-0.7422331620374208,0.6222147155635368,-0.3810087211999231,-0.6061199692561582,-0.15105779189909693,-0.7048561921996358,-0.6725966413608725,-0.6506586471853965,-0.62655831935096,0.5849202654881185,0.6222473460145197,0.060974101464652264,-0.31596357808214603,1.2735993016737392,0.22623102150989877,1.272718171351125,150000.0
ID_1792,-0.5249438045532752,-1.2105851160545795,0.2782647963819663,1.3847437555789985,-0.15105779189909693,-0.7048561921996358,1.4303813893323656,1.4418094584216736,1.443526517765285,-1.5114339660212976,-1.0360062007493107,-1.3767310278071516,1.414753553583822,1.5609229309834705,0.48929493837493176,1.5578505996787333,69000.0
ID_1793,-0.34419611298151626,0.6222147155635368,-0.3810087211999231,-1.2697412108678772,-0.8917670441167587,-0.7048561921996358,-0.9354688951975273,-0.9122171603862802,-0.62655831935096,-1.5114339660212976,-0.696817975274891,0.060974101464652264,-0.31596357808214603,-1.5996369914235713,-1.1464843264949127,-1.60293932772279,9.0
ID_1794,3.0160730464939918,0.6222147155635368,-0.3810087211999231,-0.6061199692561582,-0.15105779189909693,0.21944697841233984,-0.6725966413608725,-0.6506586471853965,-0.62655831935096,-1.5114339660212976,-1.0736937813575798,-1.3767310278071516,-0.31596357808214603,-1.024989732804109,0.19912746643895535,-1.029140839965881,58000.0
ID_1795,-0.603887020708234,0.6222147155635368,0.2782647963819663,1.3847437555789985,-0.15105779189909693,1.1437501490243154,1.4303813893323656,1.4418094584216736,1.443526517765285,0.5849202654881185,0.24537153993183092,0.060974101464652264,1.414753553583822,-0.16301884487491597,-0.08306837165262702,-0.1596090305762871,170000.0
ID_1796,-0.34419611298151626,0.6222147155635368,-0.3810087211999231,-0.6061199692561582,-0.15105779189909693,-0.7048561921996358,-0.6725966413608725,-0.6506586471853965,-0.62655831935096,-1.5114339660212976,-0.8852558783162353,-1.3767310278071516,-0.8928692886374687,-1.5996369914235713,-1.1464843264949127,-1.6047492363358518,60000.0
ID_1797,-0.2685958947480072,-1.2105851160545795,0.2782647963819663,1.3847437555789985,-0.8917670441167587,-0.7048561921996358,1.4303813893323656,1.4418094584216736,1.443526517765285,-1.5114339660212976,-0.9606310395327731,0.060974101464652264,1.414753553583822,0.6989520430542773,0.5769829106632773,0.6957307969902501,9.0
ID_1798,0.4625183014140505,-1.2105851160545795,0.2782647963819663,1.3847437555789985,-0.15105779189909693,0.21944697841233984,1.4303813893323656,1.4418094584216736,1.443526517765285,0.5849202654881185,0.810685249055864,0.060974101464652264,1.414753553583822,0.1243047844348151,-1.1560502871081872,0.12882719918786273,150000.0
ID_1799,-0.5249438045532752,0.6222147155635368,-0.3810087211999231,-0.6061199692561582,-0.15105779189909693,-0.7048561921996358,-0.6725966413608725,-0.6506586471853965,-0.62655831935096,-1.5114339660212976,-0.5083800722335465,0.060974101464652264,-0.8928692886374687,1.5609229309834705,0.48929493837493176,1.5557246752760892,110000.0
ID_1800,-0.7389782826773273,-1.2105851160545795,0.2782647963819663,1.3847437555789985,-0.15105779189909693,-0.7048561921996358,1.4303813893323656,1.4418094584216736,1.443526517765285,0.5849202654881185,1.1875610551385527,0.060974101464652264,1.414753553583822,-0.7376661034943781,0.3617487968646123,-0.7335511618739151,210000.0
ID_1801,-0.5980932252990657,0.6222147155635368,-0.3810087211999231,-0.6061199692561582,-0.15105779189909693,0.21944697841233984,-0.6725966413608725,-0.3891001339845127,-0.62655831935096,0.5849202654881185,1.5644368612212416,0.060974101464652264,-0.31596357808214603,0.4116284137445462,0.5291531075969093,0.41309776627115585,210000.0
ID_1802,-0.5980932252990657,-1.2105851160545795,0.2782647963819663,1.3847437555789985,-0.15105779189909693,1.1437501490243154,1.4303813893323656,1.4418094584216736,1.443526517765285,0.5849202654881185,0.056933636890486534,0.060974101464652264,1.414753553583822,0.4116284137445462,0.5291531075969093,0.4148789461760739,140000.0
ID_1803,0.9328951819332859,0.6222147155635368,-0.3810087211999231,-0.2743093484502987,-0.15105779189909693,0.21944697841233984,-0.6725966413608725,-0.6506586471853965,-0.3308319140486392,0.5849202654881185,-0.3199421691922022,-1.3767310278071516,-0.8928692886374687,-1.024989732804109,-0.06871943073271414,-1.026124325610778,93000.0
ID_1804,-0.34569963593465586,-1.2105851160545795,0.2782647963819663,1.3847437555789985,-0.15105779189909693,-0.7048561921996358,1.4303813893323656,1.4418094584216736,1.443526517765285,-1.5114339660212976,-0.9229434589245042,0.060974101464652264,1.414753553583822,-0.450342474184647,1.559088200292738,-0.45364735842848564,52000.0
ID_1805,-0.7821563777418505,-1.2105851160545795,0.2782647963819663,1.3847437555789985,-0.15105779189909693,2.068053319636291,1.4303813893323656,1.4418094584216736,1.443526517765285,2.6812744969975344,2.1297505703452746,0.060974101464652264,1.414753553583822,0.4116284137445462,0.5291531075969093,0.4162004667506905,210000.0
ID_1806,0.801703166304203,0.6222147155635368,-0.3810087211999231,-0.6061199692561582,-0.15105779189909693,0.21944697841233984,-0.6725966413608725,-0.3891001339845127,-0.62655831935096,0.5849202654881185,0.810685249055864,0.060974101464652264,-0.31596357808214603,0.9862756723640083,0.9341121068921712,0.9869824401524961,110000.0
ID_1807,-0.8905146711595159,0.6222147155635368,-0.3810087211999231,-0.6061199692561582,-0.15105779189909693,-1.6291593628116114,-0.6725966413608725,-0.6506586471853965,-0.62655831935096,0.5849202654881185,0.6222473460145197,0.060974101464652264,-0.8928692886374687,1.5609229309834705,-0.2393123950027652,1.5626770226468985,130000.0
ID_1808,-0.7702713867789371,0.6222147155635368,-0.3810087211999231,-1.2697412108678772,-0.15105779189909693,-1.6291593628116114,-0.9354688951975273,-0.9122171603862802,-0.62655831935096,0.5849202654881185,-0.5083800722335465,-1.3767310278071516,-0.8928692886374687,-1.024989732804109,-0.06871943073271414,-1.022533237092798,120000.0
ID_1809,2.6415691607302696,0.6222147155635368,-0.3810087211999231,-0.6061199692561582,-0.15105779189909693,0.21944697841233984,-0.6725966413608725,-0.6506586471853965,-0.62655831935096,-1.5114339660212976,-1.0360062007493107,0.060974101464652264,-0.8928692886374687,1.2735993016737392,-0.7128274453598268,1.2689259818761383,74000.0
ID_1810,-0.46644409463294784,0.6222147155635368,-0.3810087211999231,-0.2743093484502987,-0.15105779189909693,-1.6291593628116114,-0.6725966413608725,-0.6506586471853965,-0.3308319140486392,-1.5114339660212976,-0.9229434589245042,-1.3767310278071516,-0.31596357808214603,0.4116284137445462,-1.5466603454835397,0.40594431794333974,77000.0
ID_1811,-0.23054519847239607,0.6222147155635368,-0.3810087211999231,-1.2697412108678772,-0.15105779189909693,-0.7048561921996358,-0.9354688951975273,-0.9122171603862802,-0.62655831935096,-1.5114339660212976,-0.3199421691922022,0.060974101464652264,-0.31596357808214603,-1.024989732804109,0.19912746643895535,-1.0286237232192919,48500.0
ID_1812,0.751150649136185,-1.2105851160545795,0.2782647963819663,1.3847437555789985,-0.15105779189909693,0.21944697841233984,1.4303813893323656,1.4418094584216736,1.443526517765285,0.5849202654881185,0.810685249055864,0.060974101464652264,1.414753553583822,0.6989520430542773,-0.2903308516068944,0.70291297402621,160000.0
ID_1813,-0.5249438045532752,-1.2105851160545795,-0.3810087211999231,-0.6061199692561582,-0.15105779189909693,-0.7048561921996358,-0.6725966413608725,-0.6506586471853965,-0.62655831935096,-1.5114339660212976,-0.9606310395327731,-1.3767310278071516,-0.8928692886374687,1.5609229309834705,0.48929493837493176,1.55595450494124,83000.0
ID_1814,0.751150649136185,0.6222147155635368,-0.3810087211999231,-0.6061199692561582,-0.15105779189909693,0.21944697841233984,-0.6725966413608725,-0.6506586471853965,-0.62655831935096,0.5849202654881185,0.810685249055864,0.060974101464652264,-0.31596357808214603,0.6989520430542773,-0.2903308516068944,0.6997815448385315,130000.0
ID_1815,-0.6012820157381421,0.6222147155635368,-0.3810087211999231,-0.9379305900620176,-0.15105779189909693,1.1437501490243154,-0.9354688951975273,-0.9122171603862802,-0.9222847246532806,0.5849202654881185,-0.3199421691922022,0.060974101464652264,-0.31596357808214603,1.2735993016737392,0.22623102150989877,1.2757059569980844,160000.0
ID_1816,2.098301707739227,-1.2105851160545795,0.2782647963819663,1.3847437555789985,-0.15105779189909693,0.21944697841233984,1.4303813893323656,1.4418094584216736,1.443526517765285,-1.5114339660212976,-0.3199421691922022,0.060974101464652264,1.414753553583822,-1.3123133621138403,-0.10220029287917282,-1.3148765711645098,75000.0
ID_1817,-0.7347210546818074,-1.2105851160545795,0.2782647963819663,1.3847437555789985,-0.15105779189909693,-0.7048561921996358,1.4303813893323656,1.4418094584216736,1.443526517765285,0.5849202654881185,1.1875610551385527,0.060974101464652264,1.414753553583822,-1.3123133621138403,-0.020889627666346104,-1.3084987979565776,210000.0
ID_1818,-0.7389782826773273,-1.2105851160545795,-0.3810087211999231,-0.6061199692561582,-0.8917670441167587,-0.7048561921996358,-0.6725966413608725,-0.6506586471853965,-0.62655831935096,0.5849202654881185,0.810685249055864,0.060974101464652264,-0.8928692886374687,-0.7376661034943781,0.3617487968646123,-0.7366825910615936,9.0
ID_1819,-0.5951963275944817,0.6222147155635368,-0.3810087211999231,-0.6061199692561582,-0.15105779189909693,1.1437501490243154,-0.6725966413608725,-0.6506586471853965,-0.62655831935096,0.5849202654881185,-0.5083800722335465,0.060974101464652264,-0.8928692886374687,0.9862756723640083,0.9341121068921712,0.9866951530710578,120000.0
ID_1820,-1.095208581779814,2.455014547181653,4.893179419455191,1.3847437555789985,5.033906973624536,2.068053319636291,1.4303813893323656,1.4418094584216736,1.443526517765285,-1.5114339660212976,-2.752675497455958,4.374089489280064,1.414753553583822,1.5609229309834705,0.48929493837493176,1.559344492502213,9.0
ID_1821,2.075313778045436,-1.2105851160545795,0.2782647963819663,1.3847437555789985,-0.15105779189909693,0.21944697841233984,1.4303813893323656,1.4418094584216736,1.443526517765285,-1.5114339660212976,-0.696817975274891,0.060974101464652264,1.414753553583822,0.1243047844348151,5.06660709182652,0.12052460253429309,72000.0
ID_1822,0.7381696835664046,0.6222147155635368,-0.3810087211999231,-0.2743093484502987,-0.15105779189909693,1.1437501490243154,-0.14685213368756297,-0.6506586471853965,-0.62655831935096,0.5849202654881185,-0.9606310395327731,0.060974101464652264,-0.8928692886374687,0.4116284137445462,0.5291531075969093,0.41025362416491573,160000.0
ID_1823,-0.27060059201886,-1.2105851160545795,0.2782647963819663,1.3847437555789985,-0.15105779189909693,-0.7048561921996358,1.4303813893323656,1.4418094584216736,1.443526517765285,-1.5114339660212976,-0.5083800722335465,0.060974101464652264,1.414753553583822,-0.16301884487491597,0.46538003684174956,-0.16604426120050716,76000.0
ID_1824,2.6266220497602295,-1.2105851160545795,0.2782647963819663,1.3847437555789985,-0.15105779189909693,0.21944697841233984,1.4303813893323656,1.4418094584216736,1.443526517765285,-1.5114339660212976,-0.5083800722335465,0.060974101464652264,1.414753553583822,0.4116284137445462,-1.5466603454835397,0.4083000720111346,88000.0
ID_1825,-0.6546157749989641,0.6222147155635368,-0.3810087211999231,-0.6061199692561582,-0.15105779189909693,1.1437501490243154,-0.14685213368756297,-0.6506586471853965,-0.3308319140486392,0.5849202654881185,-0.13150426615085783,0.060974101464652264,-0.8928692886374687,1.5609229309834705,-0.2393123950027652,1.5606372843686858,130000.0
ID_1826,-0.23054519847239607,0.6222147155635368,0.2782647963819663,1.3847437555789985,-0.15105779189909693,-0.7048561921996358,1.4303813893323656,1.4418094584216736,1.443526517765285,-1.5114339660212976,-0.696817975274891,0.060974101464652264,1.414753553583822,-1.024989732804109,0.19912746643895535,-1.0280491490564152,43600.0
ID_1827,0.751150649136185,-1.2105851160545795,0.2782647963819663,1.3847437555789985,-0.15105779189909693,0.21944697841233984,1.4303813893323656,1.4418094584216736,1.443526517765285,0.5849202654881185,1.752874764262586,0.060974101464652264,1.414753553583822,0.6989520430542773,-0.2903308516068944,0.7020798414900387,160000.0
ID_1828,-0.6904139405499081,0.6222147155635368,-0.3810087211999231,-0.6061199692561582,-0.15105779189909693,-0.7048561921996358,-0.6725966413608725,-0.6506586471853965,-0.62655831935096,0.5849202654881185,1.375998958179897,0.060974101464652264,-0.31596357808214603,-1.024989732804109,-0.06871943073271414,-1.024486789246579,96000.0
ID_1829,2.075313778045436,-1.2105851160545795,0.2782647963819663,1.3847437555789985,-0.15105779189909693,0.21944697841233984,1.4303813893323656,1.4418094584216736,1.443526517765285,-1.5114339660212976,-0.696817975274891,0.060974101464652264,1.414753553583822,0.1243047844348151,5.06660709182652,0.12055333124243693,78000.0
ID_1830,-0.7104388836180978,2.455014547181653,4.893179419455191,1.3847437555789985,5.033906973624536,2.068053319636291,1.4303813893323656,1.4418094584216736,1.443526517765285,0.5849202654881185,-2.752675497455958,4.374089489280064,1.414753553583822,-0.16301884487491597,-0.08306837165262702,-0.1573681913410676,9.0
ID_1831,-0.5804089315168994,0.6222147155635368,-0.3810087211999231,-0.6061199692561582,-0.15105779189909693,1.1437501490243154,-0.14685213368756297,-0.6506586471853965,-0.62655831935096,0.5849202654881185,-0.5083800722335465,0.060974101464652264,-0.8928692886374687,-1.024989732804109,-0.06871943073271414,-1.0268712720225177,110000.0
ID_1832,-0.49398114505675095,0.6222147155635368,-0.3810087211999231,-1.2697412108678772,-0.15105779189909693,-1.6291593628116114,-0.9354688951975273,-0.9122171603862802,-0.9222847246532806,-1.5114339660212976,-0.8852558783162353,0.060974101464652264,-0.31596357808214603,0.9862756723640083,-2.2290322025637495,0.9820698310598996,57000.0
ID_1833,-0.5951963275944817,-1.2105851160545795,0.2782647963819663,1.3847437555789985,-0.15105779189909693,1.1437501490243154,1.4303813893323656,1.4418094584216736,1.443526517765285,0.5849202654881185,0.056933636890486534,0.060974101464652264,1.414753553583822,0.9862756723640083,0.9341121068921712,0.9893669229284349,180000.0
ID_1834,-0.6609933558771169,0.6222147155635368,0.2782647963819663,1.3847437555789985,-0.15105779189909693,1.1437501490243154,1.4303813893323656,1.4418094584216736,1.443526517765285,0.5849202654881185,0.6222473460145197,0.060974101464652264,1.414753553583822,-1.3123133621138403,-0.020889627666346104,-1.309130829535742,130000.0
ID_1835,-0.5951963275944817,0.6222147155635368,-0.3810087211999231,-1.2697412108678772,-0.15105779189909693,1.1437501490243154,-0.9354688951975273,-0.9122171603862802,-0.62655831935096,0.5849202654881185,-0.5083800722335465,-1.3767310278071516,-0.8928692886374687,0.9862756723640083,0.9341121068921712,0.9890221784307088,120000.0
ID_1836,-0.8478322430026209,0.6222147155635368,-0.3810087211999231,-1.2697412108678772,-0.15105779189909693,-1.6291593628116114,-0.9354688951975273,-0.9122171603862802,-0.62655831935096,0.5849202654881185,0.24537153993183092,0.060974101464652264,-0.8928692886374687,-1.3123133621138403,-0.020889627666346104,-1.3099639620719135,110000.0
ID_1837,-0.8478322430026209,0.6222147155635368,-0.3810087211999231,-1.2697412108678772,-0.15105779189909693,-1.6291593628116114,-0.9354688951975273,-0.9122171603862802,-0.62655831935096,0.5849202654881185,-0.3199421691922022,-1.3767310278071516,-0.8928692886374687,-1.3123133621138403,-0.020889627666346104,-1.309475574033468,170000.0
ID_1838,0.832186681123353,-1.2105851160545795,0.2782647963819663,1.3847437555789985,-0.15105779189909693,0.21944697841233984,1.4303813893323656,1.4418094584216736,1.443526517765285,0.5849202654881185,0.24537153993183092,0.060974101464652264,1.414753553583822,-0.16301884487491597,-0.08306837165262702,-0.15952284445185558,120000.0
ID_1839,-0.603887020708234,0.6222147155635368,-0.3810087211999231,-0.6061199692561582,-0.15105779189909693,1.1437501490243154,-0.6725966413608725,-0.6506586471853965,-0.9222847246532806,0.5849202654881185,0.6222473460145197,0.060974101464652264,-0.31596357808214603,-0.16301884487491597,-0.08306837165262702,-0.1622808004336642,150000.0
ID_1840,0.801703166304203,-1.2105851160545795,-0.3810087211999231,-0.6061199692561582,-0.15105779189909693,0.21944697841233984,-0.6725966413608725,-0.6506586471853965,-0.3308319140486392,0.5849202654881185,0.056933636890486534,0.060974101464652264,-0.8928692886374687,0.9862756723640083,0.9341121068921712,0.9869249827362085,110000.0
ID_1841,2.098301707739227,0.6222147155635368,-0.3810087211999231,-1.2697412108678772,-0.15105779189909693,0.21944697841233984,-0.9354688951975273,-0.9122171603862802,-0.9222847246532806,-1.5114339660212976,-0.3199421691922022,0.060974101464652264,-0.31596357808214603,-1.3123133621138403,-0.10220029287917282,-1.3160831769065513,75000.0
ID_1842,-0.34419611298151626,0.6222147155635368,-0.3810087211999231,-0.6061199692561582,-0.15105779189909693,-0.7048561921996358,-0.6725966413608725,-0.6506586471853965,-0.62655831935096,-1.5114339660212976,-1.0736937813575798,-1.3767310278071516,-0.8928692886374687,-1.5996369914235713,-1.1464843264949127,-1.604720507627708,58000.0
ID_1843,-0.6662088732273852,-1.2105851160545795,0.2782647963819663,1.3847437555789985,-0.15105779189909693,1.1437501490243154,1.4303813893323656,1.4418094584216736,1.443526517765285,0.5849202654881185,-0.3199421691922022,0.060974101464652264,1.414753553583822,0.1243047844348151,-1.1560502871081872,0.12759186473767764,120000.0
ID_1844,-0.23054519847239607,0.6222147155635368,-0.3810087211999231,-1.2697412108678772,-0.15105779189909693,-0.7048561921996358,-0.9354688951975273,-0.9122171603862802,-0.9222847246532806,-1.5114339660212976,-0.5083800722335465,0.060974101464652264,-0.31596357808214603,-1.024989732804109,0.19912746643895535,-1.0286524519274358,71000.0
ID_1845,-0.4528462991336738,0.6222147155635368,-0.3810087211999231,-0.6061199692561582,-0.15105779189909693,-0.7048561921996358,-0.6725966413608725,-0.6506586471853965,-0.9222847246532806,-1.5114339660212976,-0.5083800722335465,0.060974101464652264,-0.8928692886374687,0.1243047844348151,5.06660709182652,0.11885833746195039,83000.0
ID_1846,3.0160730464939918,-1.2105851160545795,0.2782647963819663,1.3847437555789985,-0.15105779189909693,0.21944697841233984,1.4303813893323656,1.4418094584216736,1.443526517765285,-1.5114339660212976,-0.5083800722335465,0.060974101464652264,1.414753553583822,-1.024989732804109,0.19912746643895535,-1.027733133266833,60000.0
ID_1847,2.753683507825741,0.6222147155635368,-0.3810087211999231,-0.6061199692561582,-0.15105779189909693,0.21944697841233984,-0.6725966413608725,-0.6506586471853965,-0.62655831935096,-1.5114339660212976,-0.5083800722335465,0.060974101464652264,-0.31596357808214603,0.9862756723640083,-2.2290322025637495,0.9806621243608514,110000.0
ID_1848,-0.04010446515145836,0.6222147155635368,-0.3810087211999231,-0.6061199692561582,-0.15105779189909693,1.1437501490243154,-0.14685213368756297,-0.6506586471853965,-0.9222847246532806,-1.5114339660212976,-1.1867565231823862,-1.3767310278071516,-0.8928692886374687,0.9862756723640083,-2.2290322025637495,0.9804897521119884,68000.0
ID_1849,-0.603887020708234,0.6222147155635368,-0.3810087211999231,-0.6061199692561582,-0.15105779189909693,1.1437501490243154,-0.6725966413608725,-0.6506586471853965,-0.62655831935096,0.5849202654881185,0.43380944297317525,0.060974101464652264,-0.8928692886374687,-0.16301884487491597,-0.08306837165262702,-0.1627979171802533,130000.0
ID_1850,-0.8905146711595159,0.6222147155635368,-0.3810087211999231,-1.2697412108678772,-0.8917670441167587,-1.6291593628116114,-0.9354688951975273,-0.9122171603862802,-0.9222847246532806,0.5849202654881185,0.056933636890486534,0.060974101464652264,-0.8928692886374687,1.5609229309834705,-0.2393123950027652,1.5636825274319328,9.0
ID_1851,-0.32767388272723436,0.6222147155635368,-0.3810087211999231,-0.6061199692561582,-0.15105779189909693,-0.7048561921996358,-0.6725966413608725,-0.6506586471853965,-0.3308319140486392,-1.5114339660212976,-0.696817975274891,0.060974101464652264,-0.31596357808214603,-0.7376661034943781,-1.0014005905269243,-0.7420835881926355,65000.0
ID_1852,-0.17170402912681357,0.6222147155635368,0.2782647963819663,1.3847437555789985,-0.15105779189909693,1.1437501490243154,1.4303813893323656,1.4418094584216736,1.443526517765285,-1.5114339660212976,-0.696817975274891,0.060974101464652264,1.414753553583822,-1.3123133621138403,-0.10220029287917282,-1.3157958898251128,64000.0
ID_1853,-0.7422331620374208,0.6222147155635368,-0.3810087211999231,-0.6061199692561582,-0.15105779189909693,-0.7048561921996358,-0.6725966413608725,-0.6506586471853965,-0.62655831935096,0.5849202654881185,-0.3199421691922022,0.060974101464652264,-0.31596357808214603,1.2735993016737392,0.22623102150989877,1.2739535058013103,100000.0
ID_1854,-0.7821563777418505,0.6222147155635368,-0.3810087211999231,-0.6061199692561582,-0.15105779189909693,2.068053319636291,-0.14685213368756297,-0.3891001339845127,-0.62655831935096,2.6812744969975344,1.5644368612212416,0.060974101464652264,-0.8928692886374687,0.4116284137445462,0.5291531075969093,0.4093630342124567,250000.0
ID_1855,2.817415257326591,0.6222147155635368,-0.3810087211999231,-0.2743093484502987,-0.15105779189909693,0.21944697841233984,-0.6725966413608725,-0.3891001339845127,-0.62655831935096,-1.5114339660212976,-0.5083800722335465,0.060974101464652264,-0.31596357808214603,-0.7376661034943781,-1.0014005905269243,-0.7434051087672521,55000.0
ID_1856,-0.6543238822644718,0.6222147155635368,-0.3810087211999231,-0.9379305900620176,-0.15105779189909693,1.1437501490243154,-0.9354688951975273,-0.9122171603862802,-0.62655831935096,0.5849202654881185,0.810685249055864,0.060974101464652264,-0.8928692886374687,-1.5996369914235713,0.3856636983977981,-1.597365958342885,170000.0
ID_1857,-0.6904139405499081,-1.2105851160545795,-0.3810087211999231,-0.6061199692561582,-0.15105779189909693,-0.7048561921996358,-0.6725966413608725,-0.3891001339845127,-0.62655831935096,0.5849202654881185,0.810685249055864,0.060974101464652264,-0.8928692886374687,-1.024989732804109,-0.06871943073271414,-1.0256933949886202,130000.0
ID_1858,-0.3856724183298485,-1.2105851160545795,-0.3810087211999231,-0.6061199692561582,-0.15105779189909693,-1.6291593628116114,-0.6725966413608725,-0.6506586471853965,-0.62655831935096,-1.5114339660212976,-0.5083800722335465,0.060974101464652264,-0.8928692886374687,-0.16301884487491597,0.46538003684174956,-0.16725086694254843,76000.0
ID_1859,-0.32767388272723436,0.6222147155635368,-0.3810087211999231,-0.6061199692561582,-0.15105779189909693,-0.7048561921996358,-0.6725966413608725,-0.6506586471853965,-0.62655831935096,-1.5114339660212976,-0.5083800722335465,0.060974101464652264,-0.8928692886374687,-0.7376661034943781,-1.0014005905269243,-0.7426581623555123,69000.0
ID_1860,0.832186681123353,-1.2105851160545795,0.2782647963819663,1.3847437555789985,-0.15105779189909693,0.21944697841233984,1.4303813893323656,1.4418094584216736,1.443526517765285,0.5849202654881185,-0.3199421691922022,0.060974101464652264,1.414753553583822,-0.16301884487491597,-0.08306837165262702,-0.15868971191568423,100000.0
ID_1861,0.4740122662609459,0.6222147155635368,-0.3810087211999231,-0.6061199692561582,-0.8917670441167587,0.21944697841233984,-0.6725966413608725,-0.6506586471853965,-0.62655831935096,0.5849202654881185,0.056933636890486534,0.060974101464652264,-0.8928692886374687,-1.3123133621138403,-0.020889627666346104,-1.3132677635084549,9.0
ID_1862,-0.7389782826773273,0.6222147155635368,-0.3810087211999231,-0.6061199692561582,-0.15105779189909693,-0.7048561921996358,-0.6725966413608725,-0.6506586471853965,-0.62655831935096,0.5849202654881185,1.375998958179897,0.060974101464652264,-0.31596357808214603,-0.7376661034943781,0.3617487968646123,-0.7371997078081828,210000.0
ID_1863,0.9328951819332859,0.6222147155635368,-0.3810087211999231,-0.6061199692561582,-0.15105779189909693,0.21944697841233984,-0.6725966413608725,-0.6506586471853965,-0.62655831935096,0.5849202654881185,0.9991231520972084,0.060974101464652264,-0.31596357808214603,-1.024989732804109,-0.06871943073271414,-1.025549751447901,120000.0
ID_1864,-0.6302675150142374,0.6222147155635368,-0.3810087211999231,-0.6061199692561582,-0.15105779189909693,1.1437501490243154,-0.6725966413608725,-0.6506586471853965,-0.62655831935096,0.5849202654881185,-0.9606310395327731,0.060974101464652264,-0.31596357808214603,0.6989520430542773,-0.2903308516068944,0.6965352008182776,74000.0
ID_1865,-0.7094420423927561,-1.2105851160545795,0.2782647963819663,1.3847437555789985,-0.15105779189909693,-0.7048561921996358,1.4303813893323656,1.4418094584216736,1.443526517765285,0.5849202654881185,0.43380944297317525,0.060974101464652264,1.414753553583822,0.6989520430542773,-0.2903308516068944,0.7042344946008265,180000.0
ID_1866,0.4740122662609459,0.6222147155635368,-0.3810087211999231,-0.6061199692561582,-0.15105779189909693,0.21944697841233984,-0.6725966413608725,-0.6506586471853965,-0.62655831935096,0.5849202654881185,0.24537153993183092,0.060974101464652264,-0.31596357808214603,-1.3123133621138403,-0.020889627666346104,-1.3128655615944411,120000.0
ID_1867,-0.6302675150142374,0.6222147155635368,0.2782647963819663,1.3847437555789985,-0.15105779189909693,1.1437501490243154,1.4303813893323656,1.4418094584216736,1.443526517765285,0.5849202654881185,-0.5083800722335465,0.060974101464652264,1.414753553583822,0.6989520430542773,-0.2903308516068944,0.7023958572796208,140000.0
ID_1868,-0.4528462991336738,-1.2105851160545795,0.2782647963819663,1.3847437555789985,-0.15105779189909693,0.21944697841233984,1.4303813893323656,1.4418094584216736,1.443526517765285,-1.5114339660212976,-1.0360062007493107,0.060974101464652264,1.414753553583822,0.1243047844348151,5.06660709182652,0.1207544321994438,64000.0
ID_1869,-0.5812791023102916,0.6222147155635368,-0.3810087211999231,-0.6061199692561582,-0.15105779189909693,1.1437501490243154,-0.6725966413608725,-0.6506586471853965,-0.62655831935096,0.5849202654881185,1.752874764262586,0.060974101464652264,-0.8928692886374687,-0.7376661034943781,0.3617487968646123,-0.739670376708553,210000.0
ID_1870,-0.6904139405499081,0.6222147155635368,-0.3810087211999231,-0.6061199692561582,-0.15105779189909693,-0.7048561921996358,-0.6725966413608725,-0.6506586471853965,-0.62655831935096,0.5849202654881185,0.9991231520972084,0.060974101464652264,-0.8928692886374687,-1.024989732804109,-0.06871943073271414,-1.0251475495338873,140000.0
ID_1871,0.4740122662609459,0.6222147155635368,-0.3810087211999231,-0.6061199692561582,-0.15105779189909693,0.21944697841233984,-0.6725966413608725,-0.3891001339845127,-0.62655831935096,0.5849202654881185,1.375998958179897,0.060974101464652264,-0.8928692886374687,-1.3123133621138403,-0.020889627666346104,-1.3103087065696395,100000.0
ID_1872,-0.7104388836180978,-1.2105851160545795,0.2782647963819663,1.3847437555789985,-0.15105779189909693,-0.7048561921996358,1.4303813893323656,1.4418094584216736,1.443526517765285,0.5849202654881185,0.6222473460145197,0.060974101464652264,1.414753553583822,-0.16301884487491597,-0.08306837165262702,-0.15782785067136904,140000.0
ID_1873,-0.25707990026077276,-1.2105851160545795,-0.3810087211999231,-1.2697412108678772,-0.15105779189909693,-0.7048561921996358,-0.9354688951975273,-0.9122171603862802,-0.62655831935096,-1.5114339660212976,-0.696817975274891,0.060974101464652264,-0.8928692886374687,0.4116284137445462,-1.5466603454835397,0.4076393117238263,82000.0
ID_1874,2.098301707739227,0.6222147155635368,-0.3810087211999231,-0.6061199692561582,-0.15105779189909693,0.21944697841233984,-0.6725966413608725,-0.6506586471853965,-0.9222847246532806,-1.5114339660212976,-0.5083800722335465,0.060974101464652264,-0.31596357808214603,-1.3123133621138403,-0.10220029287917282,-1.316830123318291,72000.0
ID_1875,-0.8175414875364376,0.6222147155635368,-0.3810087211999231,-0.6061199692561582,-0.15105779189909693,-1.6291593628116114,-0.6725966413608725,-0.6506586471853965,-0.62655831935096,0.5849202654881185,0.24537153993183092,0.060974101464652264,-0.31596357808214603,0.6989520430542773,-0.2903308516068944,0.6971097749811543,160000.0
ID_1876,2.753683507825741,0.6222147155635368,-0.3810087211999231,-0.6061199692561582,-0.15105779189909693,0.21944697841233984,-0.6725966413608725,-0.6506586471853965,-0.62655831935096,-1.5114339660212976,-1.0360062007493107,0.060974101464652264,-0.31596357808214603,0.9862756723640083,-2.2290322025637495,0.9806908530689953,72000.0
ID_1877,-0.7094420423927561,-1.2105851160545795,0.2782647963819663,1.3847437555789985,-0.15105779189909693,-0.7048561921996358,1.4303813893323656,1.4418094584216736,1.443526517765285,0.5849202654881185,0.24537153993183092,0.060974101464652264,1.414753553583822,0.6989520430542773,-0.2903308516068944,0.7036311917298059,130000.0
ID_1878,0.6223158050233801,-1.2105851160545795,0.2782647963819663,1.3847437555789985,-0.15105779189909693,0.21944697841233984,1.4303813893323656,1.4418094584216736,1.443526517765285,0.5849202654881185,1.5644368612212416,0.060974101464652264,1.414753553583822,-1.5996369914235713,0.3856636983977981,-1.5950102042750902,170000.0
ID_1879,-0.27060059201886,-1.2105851160545795,-0.3810087211999231,-0.6061199692561582,-0.15105779189909693,-0.7048561921996358,-0.6725966413608725,-0.6506586471853965,-0.62655831935096,-1.5114339660212976,-0.5083800722335465,0.060974101464652264,-0.8928692886374687,-0.16301884487491597,0.46538003684174956,-0.16782544110542524,60000.0
ID_1880,-0.6012820157381421,-1.2105851160545795,0.2782647963819663,1.3847437555789985,-0.15105779189909693,1.1437501490243154,1.4303813893323656,1.4418094584216736,1.443526517765285,0.5849202654881185,1.752874764262586,0.060974101464652264,1.414753553583822,1.2735993016737392,0.22623102150989877,1.2770849349889888,260000.0
ID_1881,0.801703166304203,0.6222147155635368,-0.3810087211999231,-0.6061199692561582,-0.15105779189909693,0.21944697841233984,-0.6725966413608725,-0.6506586471853965,-0.62655831935096,0.5849202654881185,-0.3199421691922022,0.060974101464652264,-0.31596357808214603,0.9862756723640083,0.9341121068921712,0.9874133707746537,66000.0
ID_1882,-0.06619306672296948,0.6222147155635368,-0.3810087211999231,-1.2697412108678772,-0.15105779189909693,1.1437501490243154,-0.9354688951975273,-0.9122171603862802,-0.62655831935096,-1.5114339660212976,-1.299819265007193,-1.3767310278071516,-0.8928692886374687,-0.450342474184647,1.559088200292738,-0.45422193259136245,54000.0
ID_1883,0.7456432390514247,-1.2105851160545795,0.2782647963819663,1.3847437555789985,-0.15105779189909693,0.21944697841233984,1.4303813893323656,1.4418094584216736,1.443526517765285,0.5849202654881185,0.24537153993183092,0.060974101464652264,1.414753553583822,1.2735993016737392,0.22623102150989877,1.2778893388170163,130000.0
ID_1884,-0.7709487982193627,-1.2105851160545795,0.2782647963819663,1.3847437555789985,-0.15105779189909693,2.068053319636291,1.4303813893323656,1.4418094584216736,1.443526517765285,2.6812744969975344,1.5644368612212416,0.060974101464652264,1.414753553583822,-0.7376661034943781,0.3617487968646123,-0.7339533637879289,260000.0
ID_1885,-0.32767388272723436,0.6222147155635368,-0.3810087211999231,0.05750127235556074,-0.15105779189909693,-0.7048561921996358,-0.6725966413608725,-0.6506586471853965,-0.62655831935096,-1.5114339660212976,-0.9229434589245042,0.060974101464652264,-0.8928692886374687,-0.7376661034943781,-1.0014005905269243,-0.7426007049392246,62000.0
ID_1886,-0.6082378746751949,-1.2105851160545795,0.2782647963819663,1.3847437555789985,-0.15105779189909693,1.1437501490243154,1.4303813893323656,1.4418094584216736,1.443526517765285,0.5849202654881185,0.6222473460145197,0.060974101464652264,1.414753553583822,-0.450342474184647,-0.47686708356573715,-0.44574696368892974,130000.0
ID_1887,-0.6543238822644718,0.6222147155635368,-0.3810087211999231,-1.2697412108678772,-0.15105779189909693,1.1437501490243154,-0.9354688951975273,-0.9122171603862802,-0.62655831935096,0.5849202654881185,1.752874764262586,0.060974101464652264,-0.31596357808214603,-1.5996369914235713,0.3856636983977981,-1.5968775703044398,170000.0
ID_1888,0.833563533644543,-1.2105851160545795,0.2782647963819663,1.3847437555789985,-0.15105779189909693,0.21944697841233984,1.4303813893323656,1.4418094584216736,1.443526517765285,0.5849202654881185,0.9991231520972084,0.060974101464652264,1.414753553583822,-0.7376661034943781,0.3617487968646123,-0.7339820924960727,140000.0
ID_1889,0.631562746555693,2.455014547181653,4.893179419455191,1.3847437555789985,5.033906973624536,2.068053319636291,1.4303813893323656,1.4418094584216736,1.443526517765285,0.5849202654881185,-2.752675497455958,4.374089489280064,1.414753553583822,-0.450342474184647,-0.47686708356573715,-0.4449712885690461,9.0
ID_1890,0.4740122662609459,0.6222147155635368,-0.3810087211999231,0.05750127235556074,-0.15105779189909693,0.21944697841233984,-0.6725966413608725,-0.6506586471853965,-0.62655831935096,0.5849202654881185,0.9991231520972084,0.060974101464652264,-0.31596357808214603,-1.3123133621138403,-0.020889627666346104,-1.3127793754700097,140000.0
ID_1891,2.65258398089979,-1.2105851160545795,0.2782647963819663,1.3847437555789985,-0.15105779189909693,0.21944697841233984,1.4303813893323656,1.4418094584216736,1.443526517765285,-1.5114339660212976,-0.5083800722335465,0.060974101464652264,1.414753553583822,0.6989520430542773,0.5769829106632773,0.6955296960332432,79000.0
ID_1892,-0.603887020708234,-1.2105851160545795,0.2782647963819663,1.3847437555789985,-0.15105779189909693,1.1437501490243154,1.4303813893323656,1.4418094584216736,1.443526517765285,0.5849202654881185,-0.13150426615085783,0.060974101464652264,1.414753553583822,-0.16301884487491597,-0.08306837165262702,-0.1580864090446636,110000.0
ID_1893,-0.27060059201886,-1.2105851160545795,0.2782647963819663,1.3847437555789985,-0.15105779189909693,-0.7048561921996358,1.4303813893323656,1.4418094584216736,1.443526517765285,-1.5114339660212976,-0.8852558783162353,-1.3767310278071516,1.414753553583822,-0.16301884487491597,0.46538003684174956,-0.16595807507607566,92000.0
ID_1894,0.7456432390514247,0.6222147155635368,-0.3810087211999231,-0.6061199692561582,-0.15105779189909693,0.21944697841233984,-0.6725966413608725,-0.3891001339845127,-0.62655831935096,0.5849202654881185,0.24537153993183092,0.060974101464652264,-0.8928692886374687,1.2735993016737392,0.22623102150989877,1.2753324837922144,87000.0
ID_1895,0.832186681123353,-1.2105851160545795,0.2782647963819663,1.3847437555789985,-0.15105779189909693,0.21944697841233984,1.4303813893323656,1.4418094584216736,1.443526517765285,0.5849202654881185,0.43380944297317525,0.060974101464652264,1.414753553583822,-0.16301884487491597,-0.08306837165262702,-0.15788530808765672,130000.0
ID_1896,-0.8879812625205259,0.6222147155635368,-0.3810087211999231,-1.2697412108678772,-0.15105779189909693,-1.6291593628116114,-0.9354688951975273,-0.9122171603862802,-0.3308319140486392,0.5849202654881185,0.43380944297317525,0.060974101464652264,-0.31596357808214603,0.1243047844348151,-1.1560502871081872,0.12664381736893093,140000.0
ID_1897,2.098301707739227,0.6222147155635368,-0.3810087211999231,-0.6061199692561582,-0.15105779189909693,0.21944697841233984,-0.6725966413608725,-0.127541620783629,-0.62655831935096,-1.5114339660212976,-1.0736937813575798,-1.3767310278071516,-0.31596357808214603,-1.3123133621138403,-0.10220029287917282,-1.3174621548974554,41700.0
ID_1898,-0.8015644908805469,0.6222147155635368,-0.3810087211999231,-0.6061199692561582,-0.15105779189909693,-0.7048561921996358,-0.6725966413608725,-0.6506586471853965,-0.62655831935096,0.5849202654881185,1.1875610551385527,0.060974101464652264,-0.8928692886374687,0.1243047844348151,-1.1560502871081872,0.1227079843532249,150000.0
ID_1899,0.9328951819332859,0.6222147155635368,-0.3810087211999231,-0.6061199692561582,-0.15105779189909693,0.21944697841233984,-0.6725966413608725,-0.3891001339845127,-0.62655831935096,0.5849202654881185,0.24537153993183092,0.060974101464652264,-0.31596357808214603,-1.024989732804109,-0.06871943073271414,-1.023797300251127,120000.0
ID_1900,-0.5951963275944817,0.6222147155635368,-0.3810087211999231,-0.2743093484502987,-0.15105779189909693,1.1437501490243154,-0.40972438752421775,-0.6506586471853965,-0.62655831935096,0.5849202654881185,-0.9606310395327731,-1.3767310278071516,-0.8928692886374687,0.9862756723640083,0.9341121068921712,0.9865515095303385,94000.0
ID_1901,0.5676382377018765,-1.2105851160545795,-0.3810087211999231,-0.6061199692561582,-0.15105779189909693,0.21944697841233984,-0.6725966413608725,-0.6506586471853965,-0.62655831935096,0.5849202654881185,0.9991231520972084,0.060974101464652264,-0.31596357808214603,1.5609229309834705,-0.2393123950027652,1.5614704169048572,120000.0
ID_1902,-0.6609933558771169,0.6222147155635368,-0.3810087211999231,-0.2743093484502987,-0.15105779189909693,1.1437501490243154,-0.6725966413608725,-0.6506586471853965,-0.62655831935096,0.5849202654881185,-0.696817975274891,-1.3767310278071516,-0.8928692886374687,-1.3123133621138403,-0.020889627666346104,-1.3136986941306126,94000.0
ID_1903,0.7456432390514247,0.6222147155635368,-0.3810087211999231,-0.6061199692561582,-0.15105779189909693,-0.7048561921996358,-0.6725966413608725,-0.3891001339845127,-0.62655831935096,0.5849202654881185,0.24537153993183092,0.060974101464652264,-0.31596357808214603,1.2735993016737392,0.22623102150989877,1.274528079964187,150000.0
ID_1904,-0.6546157749989641,-1.2105851160545795,0.2782647963819663,1.3847437555789985,-0.15105779189909693,1.1437501490243154,1.4303813893323656,1.4418094584216736,1.443526517765285,0.5849202654881185,-0.3199421691922022,-1.3767310278071516,1.414753553583822,1.5609229309834705,-0.2393123950027652,1.5648316757576863,150000.0
ID_1905,0.5676382377018765,0.6222147155635368,-0.3810087211999231,-0.2743093484502987,-0.15105779189909693,0.21944697841233984,-0.6725966413608725,-0.6506586471853965,-0.62655831935096,0.5849202654881185,0.810685249055864,0.060974101464652264,-0.31596357808214603,1.5609229309834705,-0.2393123950027652,1.559689236999939,100000.0
ID_1906,2.075313778045436,0.6222147155635368,-0.3810087211999231,-0.6061199692561582,-0.15105779189909693,0.21944697841233984,-0.6725966413608725,-0.6506586471853965,-0.62655831935096,-1.5114339660212976,-1.0736937813575798,-1.3767310278071516,-0.8928692886374687,0.1243047844348151,5.06660709182652,0.11946164033297102,70000.0
ID_1907,-1.095208581779814,2.455014547181653,4.893179419455191,1.3847437555789985,5.033906973624536,2.068053319636291,1.4303813893323656,1.4418094584216736,1.443526517765285,-1.5114339660212976,-2.752675497455958,4.374089489280064,1.414753553583822,1.5609229309834705,0.48929493837493176,1.5596317795836514,9.0
ID_1908,2.6415691607302696,0.6222147155635368,-0.3810087211999231,-0.6061199692561582,-0.15105779189909693,0.21944697841233984,-0.6725966413608725,-0.6506586471853965,-0.62655831935096,-1.5114339660212976,-0.5083800722335465,0.060974101464652264,-0.31596357808214603,1.2735993016737392,-0.7128274453598268,1.269356912498296,85000.0
ID_1909,-0.6904139405499081,0.6222147155635368,0.2782647963819663,1.3847437555789985,-0.15105779189909693,-0.7048561921996358,1.4303813893323656,1.4418094584216736,1.443526517765285,0.5849202654881185,0.9991231520972084,0.060974101464652264,1.414753553583822,-1.024989732804109,-0.06871943073271414,-1.0198040098191332,120000.0
ID_1910,-0.34569963593465586,-1.2105851160545795,0.2782647963819663,1.3847437555789985,-0.15105779189909693,-0.7048561921996358,1.4303813893323656,1.4418094584216736,1.443526517765285,-1.5114339660212976,-0.9606310395327731,-1.3767310278071516,1.414753553583822,-0.450342474184647,1.559088200292738,-0.4534749861796226,65000.0
ID_1911,-0.8015644908805469,0.6222147155635368,-0.3810087211999231,-0.6061199692561582,-0.15105779189909693,-0.7048561921996358,-0.6725966413608725,-0.3891001339845127,-0.62655831935096,0.5849202654881185,-0.5083800722335465,0.060974101464652264,-0.8928692886374687,0.1243047844348151,-1.1560502871081872,0.12334001593238937,110000.0
ID_1912,0.801703166304203,-1.2105851160545795,0.2782647963819663,1.3847437555789985,-0.15105779189909693,0.21944697841233984,1.4303813893323656,1.4418094584216736,1.443526517765285,0.5849202654881185,1.1875610551385527,0.060974101464652264,1.414753553583822,0.9862756723640083,0.9341121068921712,0.9917514057043736,170000.0
ID_1913,0.4625183014140505,-1.2105851160545795,0.2782647963819663,1.3847437555789985,-0.15105779189909693,0.21944697841233984,1.4303813893323656,1.4418094584216736,1.443526517765285,0.5849202654881185,0.810685249055864,0.060974101464652264,1.414753553583822,0.1243047844348151,-1.1560502871081872,0.12977524655660944,110000.0
ID_1914,-0.34569963593465586,0.6222147155635368,-0.3810087211999231,-1.2697412108678772,-0.15105779189909693,-0.7048561921996358,-0.9354688951975273,-0.9122171603862802,-0.9222847246532806,-1.5114339660212976,-0.3199421691922022,0.060974101464652264,-0.31596357808214603,-0.450342474184647,1.559088200292738,-0.4538197306773487,79000.0
ID_1915,-0.25707990026077276,-1.2105851160545795,-0.3810087211999231,-0.6061199692561582,-0.15105779189909693,-0.7048561921996358,-0.6725966413608725,-0.6506586471853965,-0.9222847246532806,-1.5114339660212976,-0.9606310395327731,-1.3767310278071516,-0.8928692886374687,0.4116284137445462,-1.5466603454835397,0.4064901633980727,59000.0
ID_1916,0.4625183014140505,0.6222147155635368,-0.3810087211999231,-0.6061199692561582,-0.15105779189909693,0.21944697841233984,-0.6725966413608725,-0.3891001339845127,-0.62655831935096,0.5849202654881185,1.752874764262586,0.060974101464652264,-0.31596357808214603,0.1243047844348151,-1.1560502871081872,0.12374221784640313,160000.0
ID_1917,-0.7104388836180978,-1.2105851160545795,0.2782647963819663,1.3847437555789985,-0.15105779189909693,-0.7048561921996358,1.4303813893323656,1.4418094584216736,1.443526517765285,0.5849202654881185,0.9991231520972084,0.060974101464652264,1.414753553583822,-0.16301884487491597,-0.08306837165262702,-0.15817259516909513,210000.0
ID_1918,0.832186681123353,-1.2105851160545795,-0.3810087211999231,-0.2743093484502987,-0.15105779189909693,0.21944697841233984,-0.6725966413608725,-0.3891001339845127,-0.62655831935096,0.5849202654881185,0.810685249055864,0.060974101464652264,-0.31596357808214603,-0.16301884487491597,-0.08306837165262702,-0.16567078799463725,130000.0
ID_1919,0.7381696835664046,2.455014547181653,4.893179419455191,1.3847437555789985,5.033906973624536,2.068053319636291,1.4303813893323656,1.4418094584216736,1.443526517765285,0.5849202654881185,-2.752675497455958,4.374089489280064,1.414753553583822,0.4116284137445462,0.5291531075969093,0.4172921576601564,9.0
ID_1920,0.832186681123353,-1.2105851160545795,0.2782647963819663,1.3847437555789985,-0.15105779189909693,0.21944697841233984,1.4303813893323656,1.4418094584216736,1.443526517765285,0.5849202654881185,0.9991231520972084,0.060974101464652264,1.414753553583822,-0.16301884487491597,-0.08306837165262702,-0.15866098320754038,120000.0
ID_1921,-0.8083661423352263,-1.2105851160545795,0.2782647963819663,1.3847437555789985,-0.15105779189909693,-1.6291593628116114,1.4303813893323656,1.4418094584216736,1.443526517765285,0.5849202654881185,1.1875610551385527,0.060974101464652264,1.414753553583822,0.4116284137445462,0.5291531075969093,0.4166888547891358,140000.0
ID_1922,-0.04010446515145836,0.6222147155635368,-0.3810087211999231,0.05750127235556074,-0.15105779189909693,1.1437501490243154,-0.6725966413608725,-0.6506586471853965,-0.62655831935096,-1.5114339660212976,-1.469413377744403,-1.3767310278071516,-0.31596357808214603,0.9862756723640083,-2.2290322025637495,0.9803173798631254,120000.0
ID_1923,2.817415257326591,0.6222147155635368,-0.3810087211999231,0.05750127235556074,-0.15105779189909693,0.21944697841233984,-0.14685213368756297,-0.6506586471853965,-0.62655831935096,-1.5114339660212976,-0.5083800722335465,-1.3767310278071516,-0.8928692886374687,-0.7376661034943781,-1.0014005905269243,-0.7415090140297587,64000.0
ID_1924,-0.7252097574654258,-1.2105851160545795,-0.3810087211999231,-1.2697412108678772,-0.15105779189909693,-0.7048561921996358,-0.9354688951975273,-0.9122171603862802,-0.62655831935096,0.5849202654881185,-0.696817975274891,0.060974101464652264,-0.8928692886374687,0.9862756723640083,0.9341121068921712,0.9886199765166951,110000.0
ID_1925,-0.7252097574654258,0.6222147155635368,-0.3810087211999231,-0.6061199692561582,-0.15105779189909693,-0.7048561921996358,-0.6725966413608725,-0.6506586471853965,-0.62655831935096,0.5849202654881185,-0.3199421691922022,0.060974101464652264,-0.8928692886374687,0.9862756723640083,0.9341121068921712,0.9856896482860233,120000.0
ID_1926,-0.7422331620374208,-1.2105851160545795,0.2782647963819663,1.3847437555789985,-0.15105779189909693,-0.7048561921996358,1.4303813893323656,1.4418094584216736,1.443526517765285,0.5849202654881185,0.43380944297317525,0.060974101464652264,1.414753553583822,1.2735993016737392,0.22623102150989877,1.2776307804437217,140000.0
ID_1927,-0.3856724183298485,0.6222147155635368,-0.3810087211999231,-0.6061199692561582,-0.15105779189909693,-1.6291593628116114,-0.6725966413608725,-0.6506586471853965,-0.62655831935096,-1.5114339660212976,-0.5083800722335465,0.060974101464652264,-0.31596357808214603,-0.16301884487491597,0.46538003684174956,-0.16716468081811692,60000.0
ID_1928,-0.6082378746751949,0.6222147155635368,-0.3810087211999231,-1.2697412108678772,-0.15105779189909693,1.1437501490243154,-0.9354688951975273,-0.9122171603862802,-0.62655831935096,0.5849202654881185,0.24537153993183092,0.060974101464652264,-0.31596357808214603,-0.450342474184647,-0.47686708356573715,-0.44850491967073836,120000.0
ID_1929,0.801703166304203,-1.2105851160545795,0.2782647963819663,1.3847437555789985,-0.15105779189909693,0.21944697841233984,1.4303813893323656,1.4418094584216736,1.443526517765285,0.5849202654881185,1.5644368612212416,0.060974101464652264,1.414753553583822,0.9862756723640083,0.9341121068921712,0.9905447999623322,180000.0
ID_1930,-0.7389782826773273,-1.2105851160545795,0.2782647963819663,1.3847437555789985,-0.15105779189909693,-0.7048561921996358,1.4303813893323656,1.4418094584216736,1.443526517765285,0.5849202654881185,0.6222473460145197,0.060974101464652264,1.414753553583822,-0.7376661034943781,0.3617487968646123,-0.7327180293377438,210000.0
ID_1931,-0.5812791023102916,0.6222147155635368,-0.3810087211999231,-0.6061199692561582,-0.15105779189909693,1.1437501490243154,-0.14685213368756297,-0.6506586471853965,-0.9222847246532806,0.5849202654881185,0.24537153993183092,0.060974101464652264,-0.8928692886374687,-0.7376661034943781,0.3617487968646123,-0.7397565628329845,120000.0
ID_1932,-0.7422331620374208,-1.2105851160545795,-0.3810087211999231,-1.2697412108678772,-0.15105779189909693,-0.7048561921996358,-0.9354688951975273,-0.9122171603862802,-0.62655831935096,0.5849202654881185,0.24537153993183092,0.060974101464652264,-0.31596357808214603,1.2735993016737392,0.22623102150989877,1.2765678182423996,140000.0
ID_1933,-0.603887020708234,0.6222147155635368,-0.3810087211999231,-0.6061199692561582,-0.15105779189909693,1.1437501490243154,-0.6725966413608725,-0.6506586471853965,-0.62655831935096,0.5849202654881185,0.056933636890486534,0.060974101464652264,-0.8928692886374687,-0.16301884487491597,-0.08306837165262702,-0.16501002770732895,210000.0
ID_1934,-0.603887020708234,-1.2105851160545795,0.2782647963819663,1.3847437555789985,-0.15105779189909693,1.1437501490243154,1.4303813893323656,1.4418094584216736,1.443526517765285,0.5849202654881185,-0.3199421691922022,0.060974101464652264,1.414753553583822,-0.16301884487491597,-0.08306837165262702,-0.1582875100016705,130000.0
ID_1935,-0.6302675150142374,0.6222147155635368,0.2782647963819663,1.3847437555789985,-0.15105779189909693,1.1437501490243154,1.4303813893323656,1.4418094584216736,1.443526517765285,0.5849202654881185,0.056933636890486534,0.060974101464652264,1.414753553583822,0.6989520430542773,-0.2903308516068944,0.7019649266574632,170000.0
ID_1936,-0.7679747967735919,0.6222147155635368,-0.3810087211999231,-0.6061199692561582,-0.15105779189909693,-1.6291593628116114,-0.6725966413608725,-0.6506586471853965,-0.62655831935096,0.5849202654881185,1.1875610551385527,0.060974101464652264,-0.8928692886374687,-0.16301884487491597,-0.08306837165262702,-0.16187859851965042,150000.0
ID_1937,-0.7842822380345682,0.6222147155635368,0.2782647963819663,1.3847437555789985,-0.15105779189909693,2.068053319636291,1.4303813893323656,1.4418094584216736,1.443526517765285,2.6812744969975344,2.1297505703452746,0.060974101464652264,1.414753553583822,1.2735993016737392,0.22623102150989877,1.278262812022886,220000.0
ID_1938,-0.8083661423352263,0.6222147155635368,-0.3810087211999231,-1.2697412108678772,-0.15105779189909693,-1.6291593628116114,-0.9354688951975273,-0.9122171603862802,-0.62655831935096,0.5849202654881185,0.056933636890486534,0.060974101464652264,-0.31596357808214603,0.4116284137445462,0.5291531075969093,0.41361488301774496,100000.0
ID_1939,0.9328951819332859,0.6222147155635368,0.2782647963819663,1.3847437555789985,-0.15105779189909693,0.21944697841233984,1.4303813893323656,1.4418094584216736,1.443526517765285,0.5849202654881185,1.5644368612212416,0.060974101464652264,1.414753553583822,-1.024989732804109,-0.06871943073271414,-1.0214128174751882,150000.0
ID_1940,-0.7252097574654258,-1.2105851160545795,0.2782647963819663,1.3847437555789985,-0.15105779189909693,-0.7048561921996358,1.4303813893323656,1.4418094584216736,1.443526517765285,0.5849202654881185,0.056933636890486534,0.060974101464652264,1.414753553583822,0.9862756723640083,0.9341121068921712,0.9907459009193391,120000.0
ID_1941,0.9328951819332859,0.6222147155635368,-0.3810087211999231,0.05750127235556074,-0.15105779189909693,0.21944697841233984,-0.6725966413608725,-0.6506586471853965,-0.62655831935096,0.5849202654881185,0.056933636890486534,0.060974101464652264,-0.31596357808214603,-1.024989732804109,-0.06871943073271414,-1.0261530543189217,66000.0
ID_1942,-0.7347210546818074,-1.2105851160545795,0.2782647963819663,1.3847437555789985,-0.15105779189909693,-0.7048561921996358,1.4303813893323656,1.4418094584216736,1.443526517765285,0.5849202654881185,1.375998958179897,0.060974101464652264,1.414753553583822,-1.3123133621138403,-0.020889627666346104,-1.306832532884235,150000.0
ID_1943,0.7381696835664046,0.6222147155635368,-0.3810087211999231,-0.6061199692561582,-0.15105779189909693,0.21944697841233984,-0.6725966413608725,-0.6506586471853965,-0.9222847246532806,0.5849202654881185,0.9991231520972084,0.060974101464652264,-0.31596357808214603,0.4116284137445462,0.5291531075969093,0.4110005705766555,160000.0
ID_1944,-0.06619306672296948,-1.2105851160545795,0.2782647963819663,1.3847437555789985,-0.15105779189909693,1.1437501490243154,1.4303813893323656,1.4418094584216736,1.443526517765285,-1.5114339660212976,-1.1867565231823862,-1.3767310278071516,1.414753553583822,-0.450342474184647,1.559088200292738,-0.45361862972034184,79000.0
ID_1945,-0.8175414875364376,0.6222147155635368,-0.3810087211999231,-0.2743093484502987,-0.15105779189909693,-1.6291593628116114,-0.6725966413608725,-0.6506586471853965,-0.3308319140486392,0.5849202654881185,-0.5083800722335465,-1.3767310278071516,-0.31596357808214603,0.6989520430542773,-0.2903308516068944,0.6971959611055859,100000.0
ID_1946,2.3949142926741804,0.6222147155635368,-0.3810087211999231,-0.6061199692561582,-0.15105779189909693,0.21944697841233984,-0.6725966413608725,-0.6506586471853965,-0.62655831935096,-1.5114339660212976,-0.3199421691922022,0.060974101464652264,-0.8928692886374687,-1.5996369914235713,-1.1464843264949127,-1.6042895770055503,50000.0
ID_1947,-0.31916493414627917,-1.2105851160545795,-0.3810087211999231,-0.6061199692561582,-0.8917670441167587,-0.7048561921996358,-0.6725966413608725,-0.6506586471853965,-0.62655831935096,-1.5114339660212976,-1.2056003134865207,-1.3767310278071516,-0.8928692886374687,-1.3123133621138403,-0.10220029287917282,-1.316657751069428,9.0
ID_1948,-0.3902600909304541,-1.2105851160545795,0.2782647963819663,1.3847437555789985,-0.15105779189909693,-1.6291593628116114,1.4303813893323656,1.4418094584216736,1.443526517765285,-1.5114339660212976,-1.1867565231823862,-1.3767310278071516,1.414753553583822,-1.024989732804109,0.19912746643895535,-1.0278480480994083,55000.0
ID_1949,0.801703166304203,-1.2105851160545795,0.2782647963819663,1.3847437555789985,-0.15105779189909693,0.21944697841233984,1.4303813893323656,1.4418094584216736,1.443526517765285,0.5849202654881185,0.43380944297317525,0.060974101464652264,1.414753553583822,0.9862756723640083,0.9341121068921712,0.9897691248424486,110000.0
ID_1950,0.9328951819332859,-1.2105851160545795,0.2782647963819663,1.3847437555789985,-0.15105779189909693,0.21944697841233984,1.4303813893323656,1.4418094584216736,1.443526517765285,0.5849202654881185,0.24537153993183092,0.060974101464652264,1.414753553583822,-1.024989732804109,-0.06871943073271414,-1.01963163757027,120000.0
ID_1951,2.817415257326591,0.6222147155635368,-0.3810087211999231,-0.6061199692561582,-0.15105779189909693,0.21944697841233984,-0.6725966413608725,-0.6506586471853965,-0.62655831935096,-1.5114339660212976,-0.5083800722335465,0.060974101464652264,-0.8928692886374687,-0.7376661034943781,-1.0014005905269243,-0.741825029819341,41700.0
ID_1952,0.832186681123353,-1.2105851160545795,0.2782647963819663,1.3847437555789985,-0.15105779189909693,0.21944697841233984,1.4303813893323656,1.4418094584216736,1.443526517765285,0.5849202654881185,1.5644368612212416,0.060974101464652264,1.414753553583822,-0.16301884487491597,-0.08306837165262702,-0.1588908128726911,150000.0
ID_1953,-0.34419611298151626,0.6222147155635368,-0.3810087211999231,0.05750127235556074,-0.15105779189909693,-0.7048561921996358,-0.6725966413608725,-0.6506586471853965,-0.62655831935096,-1.5114339660212976,-0.696817975274891,0.060974101464652264,-0.8928692886374687,-1.5996369914235713,-1.1464843264949127,-1.6042608482974066,64000.0
ID_1954,0.9328951819332859,0.6222147155635368,-0.3810087211999231,-0.6061199692561582,-0.15105779189909693,0.21944697841233984,-0.6725966413608725,-0.6506586471853965,-0.62655831935096,0.5849202654881185,1.375998958179897,0.060974101464652264,-0.8928692886374687,-1.024989732804109,-0.06871943073271414,-1.026095596902634,150000.0
ID_1955,0.7381696835664046,0.6222147155635368,0.2782647963819663,1.3847437555789985,-0.15105779189909693,0.21944697841233984,1.4303813893323656,1.4418094584216736,1.443526517765285,0.5849202654881185,0.43380944297317525,0.060974101464652264,1.414753553583822,0.4116284137445462,0.5291531075969093,0.4160280945018275,90000.0
ID_1956,-0.6904139405499081,0.6222147155635368,-0.3810087211999231,-0.6061199692561582,-0.15105779189909693,-0.7048561921996358,-0.6725966413608725,-0.6506586471853965,-0.62655831935096,0.5849202654881185,0.24537153993183092,0.060974101464652264,-0.8928692886374687,-1.024989732804109,-0.06871943073271414,-1.0258370385293394,100000.0
ID_1957,-0.8221346675471279,-1.2105851160545795,-0.3810087211999231,0.05750127235556074,-0.8917670441167587,-1.6291593628116114,-0.6725966413608725,-0.6506586471853965,-0.62655831935096,0.5849202654881185,-0.696817975274891,0.060974101464652264,-0.8928692886374687,0.9862756723640083,0.9341121068921712,0.9847990583335644,9.0
ID_1958,0.801703166304203,-1.2105851160545795,0.2782647963819663,1.3847437555789985,-0.15105779189909693,0.21944697841233984,1.4303813893323656,1.4418094584216736,1.443526517765285,0.5849202654881185,-0.3199421691922022,0.060974101464652264,1.414753553583822,0.9862756723640083,0.9341121068921712,0.9894243803447226,140000.0
ID_1959,-0.7389782826773273,0.6222147155635368,-0.3810087211999231,-0.6061199692561582,-0.15105779189909693,-0.7048561921996358,-0.6725966413608725,-0.6506586471853965,-0.62655831935096,0.5849202654881185,0.24537153993183092,0.060974101464652264,-0.8928692886374687,-0.7376661034943781,0.3617487968646123,-0.7376880958466281,120000.0
ID_1960,-0.3341836414474214,0.6222147155635368,-0.3810087211999231,-0.6061199692561582,-0.15105779189909693,-0.7048561921996358,-0.6725966413608725,-0.6506586471853965,-0.62655831935096,-1.5114339660212976,-0.5083800722335465,0.060974101464652264,-0.31596357808214603,1.2735993016737392,-0.7128274453598268,1.2681503067562545,83000.0
ID_1961,0.833563533644543,-1.2105851160545795,0.2782647963819663,1.3847437555789985,-0.15105779189909693,0.21944697841233984,1.4303813893323656,1.4418094584216736,1.443526517765285,0.5849202654881185,1.752874764262586,0.060974101464652264,1.414753553583822,-0.7376661034943781,0.3617487968646123,-0.7336086192902028,160000.0
ID_1962,-0.34419611298151626,0.6222147155635368,-0.3810087211999231,-0.6061199692561582,-0.15105779189909693,-0.7048561921996358,-0.6725966413608725,-0.6506586471853965,-0.62655831935096,-1.5114339660212976,-0.696817975274891,0.060974101464652264,-0.8928692886374687,-1.5996369914235713,-1.1464843264949127,-1.6042033908811189,64000.0
ID_1963,0.833563533644543,0.6222147155635368,-0.3810087211999231,-0.6061199692561582,-0.15105779189909693,0.21944697841233984,-0.6725966413608725,-0.6506586471853965,-0.62655831935096,0.5849202654881185,0.43380944297317525,0.060974101464652264,-0.31596357808214603,-0.7376661034943781,0.3617487968646123,-0.735734543692847,120000.0
ID_1964,-0.5951963275944817,0.6222147155635368,-0.3810087211999231,-0.6061199692561582,-0.15105779189909693,1.1437501490243154,-0.14685213368756297,-0.6506586471853965,-0.9222847246532806,0.5849202654881185,1.1875610551385527,0.060974101464652264,-0.31596357808214603,0.9862756723640083,0.9341121068921712,0.9842244841706875,170000.0
ID_1965,-0.7472393978044682,0.6222147155635368,-0.3810087211999231,-0.6061199692561582,-0.8917670441167587,-0.7048561921996358,-0.6725966413608725,-0.6506586471853965,-0.62655831935096,0.5849202654881185,1.5644368612212416,0.060974101464652264,-0.8928692886374687,-1.5996369914235713,0.3856636983977981,-1.6004686588224197,9.0
ID_1966,-0.5812791023102916,0.6222147155635368,-0.3810087211999231,-0.6061199692561582,-0.15105779189909693,1.1437501490243154,-0.14685213368756297,-0.3891001339845127,-0.62655831935096,0.5849202654881185,-0.696817975274891,-1.3767310278071516,-0.31596357808214603,-0.7376661034943781,0.3617487968646123,-0.7394980044596899,74000.0
ID_1967,-0.6662088732273852,-1.2105851160545795,0.2782647963819663,1.3847437555789985,-0.15105779189909693,1.1437501490243154,1.4303813893323656,1.4418094584216736,1.443526517765285,0.5849202654881185,1.752874764262586,0.060974101464652264,1.414753553583822,0.1243047844348151,-1.1560502871081872,0.12853991210642435,260000.0
ID_1968,-0.8175414875364376,0.6222147155635368,-0.3810087211999231,-1.2697412108678772,-0.15105779189909693,-1.6291593628116114,-0.9354688951975273,-0.9122171603862802,-0.62655831935096,0.5849202654881185,0.056933636890486534,0.060974101464652264,-0.8928692886374687,0.6989520430542773,-0.2903308516068944,0.7016489108678811,120000.0
ID_1969,-0.8376104898853053,-1.2105851160545795,-0.3810087211999231,-0.6061199692561582,-0.15105779189909693,-0.7048561921996358,-0.6725966413608725,-0.6506586471853965,-0.9222847246532806,0.5849202654881185,0.43380944297317525,0.060974101464652264,-0.8928692886374687,1.5609229309834705,-0.2393123950027652,1.5613555020722818,140000.0
ID_1970,0.801703166304203,0.6222147155635368,-0.3810087211999231,-0.6061199692561582,-0.15105779189909693,0.21944697841233984,-0.6725966413608725,-0.3891001339845127,-0.9222847246532806,0.5849202654881185,0.24537153993183092,0.060974101464652264,-0.31596357808214603,0.9862756723640083,0.9341121068921712,0.9876144717316606,160000.0
ID_1971,-0.6662088732273852,0.6222147155635368,-0.3810087211999231,-1.2697412108678772,-0.15105779189909693,1.1437501490243154,-0.9354688951975273,-0.9122171603862802,-0.9222847246532806,0.5849202654881185,-0.9606310395327731,-1.3767310278071516,-0.31596357808214603,0.1243047844348151,-1.1560502871081872,0.12558085516760886,140000.0
ID_1972,-1.095208581779814,2.455014547181653,4.893179419455191,1.3847437555789985,5.033906973624536,2.068053319636291,1.4303813893323656,1.4418094584216736,1.443526517765285,-1.5114339660212976,-2.752675497455958,4.374089489280064,1.414753553583822,1.5609229309834705,0.48929493837493176,1.5594594073347885,9.0
ID_1973,-0.8707816208258186,0.6222147155635368,-0.3810087211999231,-1.2697412108678772,-0.15105779189909693,-1.6291593628116114,-0.9354688951975273,-0.9122171603862802,-0.62655831935096,0.5849202654881185,-0.3199421691922022,0.060974101464652264,-0.31596357808214603,1.2735993016737392,0.22623102150989877,1.2759070579550913,120000.0
ID_1974,-0.34569963593465586,0.6222147155635368,-0.3810087211999231,-0.6061199692561582,-0.15105779189909693,-0.7048561921996358,-0.6725966413608725,-0.6506586471853965,-0.62655831935096,-1.5114339660212976,-0.8852558783162353,0.060974101464652264,-0.8928692886374687,-0.450342474184647,1.559088200292738,-0.4556583679985544,68000.0
ID_1975,-0.4820520948131594,0.6222147155635368,-0.3810087211999231,-1.2697412108678772,-0.15105779189909693,-1.6291593628116114,-0.9354688951975273,-0.9122171603862802,-0.9222847246532806,-1.5114339660212976,-1.0360062007493107,-1.3767310278071516,-0.8928692886374687,-0.7376661034943781,-1.0014005905269243,-0.7413653704890395,95000.0
ID_1976,-0.8161646350152474,0.6222147155635368,-0.3810087211999231,-0.6061199692561582,-0.15105779189909693,-1.6291593628116114,-0.6725966413608725,-0.6506586471853965,-0.62655831935096,0.5849202654881185,-0.3199421691922022,0.060974101464652264,-0.8928692886374687,-0.7376661034943781,0.3617487968646123,-0.7387797867560939,88000.0
ID_1977,-0.6082378746751949,-1.2105851160545795,0.2782647963819663,1.3847437555789985,-0.15105779189909693,1.1437501490243154,1.4303813893323656,1.4418094584216736,1.443526517765285,0.5849202654881185,-0.5083800722335465,0.060974101464652264,1.414753553583822,-0.450342474184647,-0.47686708356573715,-0.4472408565124094,110000.0
ID_1978,-0.7347210546818074,-1.2105851160545795,-0.3810087211999231,0.05750127235556074,-0.15105779189909693,-0.7048561921996358,-0.14685213368756297,-0.127541620783629,-0.9222847246532806,0.5849202654881185,-0.13150426615085783,0.060974101464652264,-0.8928692886374687,-1.3123133621138403,-0.020889627666346104,-1.3130379338433043,180000.0
ID_1979,-0.3341836414474214,-1.2105851160545795,0.2782647963819663,1.3847437555789985,-0.15105779189909693,-0.7048561921996358,1.4303813893323656,1.4418094584216736,1.443526517765285,-1.5114339660212976,-0.3199421691922022,0.060974101464652264,1.414753553583822,1.2735993016737392,-0.7128274453598268,1.270620975656625,89000.0
ID_1980,0.7381696835664046,-1.2105851160545795,0.2782647963819663,1.3847437555789985,-0.15105779189909693,0.21944697841233984,1.4303813893323656,1.4418094584216736,1.443526517765285,0.5849202654881185,2.1297505703452746,0.060974101464652264,1.414753553583822,0.4116284137445462,0.5291531075969093,0.41502258971679307,210000.0
ID_1981,-0.05749686619913237,0.6222147155635368,-0.3810087211999231,-0.6061199692561582,-0.15105779189909693,1.1437501490243154,-0.6725966413608725,-0.6506586471853965,-0.62655831935096,-1.5114339660212976,-1.0736937813575798,-1.3767310278071516,-0.31596357808214603,-0.16301884487491597,0.46538003684174956,-0.16880221718231578,62000.0
ID_1982,-0.010540687816463355,0.6222147155635368,-0.3810087211999231,-1.2697412108678772,-0.15105779189909693,1.1437501490243154,-0.9354688951975273,-0.9122171603862802,-0.9222847246532806,-1.5114339660212976,-1.1490689425741174,-1.3767310278071516,-0.31596357808214603,-1.024989732804109,0.19912746643895535,-1.028451350970429,60000.0
ID_1983,-0.7252097574654258,0.6222147155635368,-0.3810087211999231,-0.6061199692561582,-0.15105779189909693,-0.7048561921996358,-0.6725966413608725,-0.6506586471853965,-0.62655831935096,0.5849202654881185,0.43380944297317525,0.060974101464652264,-0.8928692886374687,0.9862756723640083,0.9341121068921712,0.9861493076163248,91000.0
ID_1984,-0.7347210546818074,-1.2105851160545795,0.2782647963819663,1.3847437555789985,-0.15105779189909693,-0.7048561921996358,1.4303813893323656,1.4418094584216736,1.443526517765285,0.5849202654881185,0.056933636890486534,0.060974101464652264,1.414753553583822,-1.3123133621138403,-0.020889627666346104,-1.3072634635063924,71000.0
ID_1985,0.6223158050233801,0.6222147155635368,-0.3810087211999231,-0.2743093484502987,-0.15105779189909693,0.21944697841233984,-0.6725966413608725,-0.6506586471853965,-0.9222847246532806,0.5849202654881185,0.9991231520972084,0.060974101464652264,-0.8928692886374687,-1.5996369914235713,0.3856636983977981,-1.600755945903858,130000.0
ID_1986,-0.15837058931160805,0.6222147155635368,-0.3810087211999231,-0.6061199692561582,-0.15105779189909693,1.1437501490243154,-0.14685213368756297,-0.6506586471853965,-0.62655831935096,-1.5114339660212976,-0.5083800722335465,0.060974101464652264,-0.8928692886374687,-1.5996369914235713,-1.1464843264949127,-1.605266353082441,70000.0
ID_1987,-0.3341836414474214,-1.2105851160545795,-0.3810087211999231,-0.6061199692561582,-0.15105779189909693,-0.7048561921996358,-0.6725966413608725,-0.6506586471853965,-0.62655831935096,-1.5114339660212976,-1.299819265007193,-1.3767310278071516,-0.8928692886374687,1.2735993016737392,-0.7128274453598268,1.2683226790051176,67000.0
ID_1988,-0.8083661423352263,-1.2105851160545795,0.2782647963819663,1.3847437555789985,-0.15105779189909693,-1.6291593628116114,1.4303813893323656,1.4418094584216736,1.443526517765285,0.5849202654881185,0.24537153993183092,0.060974101464652264,1.414753553583822,0.4116284137445462,0.5291531075969093,0.4166313973728481,120000.0
ID_1989,-0.05749686619913237,-1.2105851160545795,0.2782647963819663,1.3847437555789985,-0.15105779189909693,1.1437501490243154,1.4303813893323656,1.4418094584216736,1.443526517765285,-1.5114339660212976,-0.696817975274891,0.060974101464652264,1.414753553583822,-0.16301884487491597,0.46538003684174956,-0.16653264923895245,70000.0
ID_1990,-0.23054519847239607,0.6222147155635368,-0.3810087211999231,-0.6061199692561582,-0.15105779189909693,-0.7048561921996358,-0.6725966413608725,-0.6506586471853965,-0.62655831935096,-1.5114339660212976,-0.5083800722335465,0.060974101464652264,-0.31596357808214603,-1.024989732804109,0.19912746643895535,-1.029686685420614,71000.0
ID_1991,-0.8015644908805469,0.6222147155635368,-0.3810087211999231,-1.2697412108678772,-0.15105779189909693,-0.7048561921996358,-0.9354688951975273,-0.9122171603862802,-0.62655831935096,0.5849202654881185,1.9413126673039303,0.060974101464652264,-0.31596357808214603,0.1243047844348151,-1.1560502871081872,0.12716093411552004,170000.0
ID_1992,-0.6256798424136317,0.6222147155635368,-0.3810087211999231,-0.6061199692561582,-0.15105779189909693,-1.6291593628116114,-0.6725966413608725,-0.6506586471853965,-0.9222847246532806,-1.5114339660212976,-1.394038216527865,-1.3767310278071516,-0.31596357808214603,0.1243047844348151,5.06660709182652,0.1193754542085395,67000.0
ID_1993,0.751150649136185,-1.2105851160545795,0.2782647963819663,1.3847437555789985,-0.15105779189909693,0.21944697841233984,1.4303813893323656,1.4418094584216736,1.443526517765285,0.5849202654881185,0.9991231520972084,0.060974101464652264,1.414753553583822,0.6989520430542773,-0.2903308516068944,0.7021660276144701,140000.0
ID_1994,-0.8161646350152474,-1.2105851160545795,0.2782647963819663,1.3847437555789985,-0.15105779189909693,-1.6291593628116114,1.4303813893323656,1.4418094584216736,1.443526517765285,0.5849202654881185,0.056933636890486534,0.060974101464652264,1.414753553583822,-0.7376661034943781,0.3617487968646123,-0.7325743857970246,110000.0
ID_1995,-0.6082378746751949,0.6222147155635368,-0.3810087211999231,-0.6061199692561582,-0.15105779189909693,1.1437501490243154,-0.14685213368756297,-0.127541620783629,-0.62655831935096,0.5849202654881185,0.6222473460145197,0.060974101464652264,-0.8928692886374687,-0.450342474184647,-0.47686708356573715,-0.4517512636909922,130000.0
ID_1996,-0.8253454876265434,0.6222147155635368,-0.3810087211999231,-1.2697412108678772,-0.15105779189909693,-1.6291593628116114,-0.9354688951975273,-0.9122171603862802,-0.9222847246532806,0.5849202654881185,-0.3199421691922022,0.060974101464652264,-0.8928692886374687,-0.450342474184647,-0.47686708356573715,-0.44781543067528623,110000.0
ID_1997,-0.7702713867789371,0.6222147155635368,-0.3810087211999231,-0.6061199692561582,-0.15105779189909693,-1.6291593628116114,-0.6725966413608725,-0.6506586471853965,-0.62655831935096,0.5849202654881185,0.43380944297317525,0.060974101464652264,-0.31596357808214603,-1.024989732804109,-0.06871943073271414,-1.0241133160407092,110000.0
ID_1998,0.5676382377018765,0.6222147155635368,-0.3810087211999231,0.05750127235556074,-0.15105779189909693,0.21944697841233984,-0.6725966413608725,-0.6506586471853965,-0.9222847246532806,0.5849202654881185,2.1297505703452746,0.060974101464652264,-0.8928692886374687,1.5609229309834705,-0.2393123950027652,1.5597179657080829,180000.0
ID_1999,0.833563533644543,-1.2105851160545795,0.2782647963819663,1.3847437555789985,-0.15105779189909693,0.21944697841233984,1.4303813893323656,1.4418094584216736,1.443526517765285,0.5849202654881185,0.9991231520972084,-1.3767310278071516,1.414753553583822,-0.7376661034943781,0.3617487968646123,-0.7340682786205043,140000.0
ID_2000,0.4625183014140505,0.6222147155635368,-0.3810087211999231,-0.9379305900620176,-0.15105779189909693,0.21944697841233984,-0.9354688951975273,-0.9122171603862802,-0.62655831935096,0.5849202654881185,-0.3199421691922022,0.060974101464652264,-0.31596357808214603,0.1243047844348151,-1.1560502871081872,0.1271322054073762,110000.0
ID_2001,-0.7094420423927561,-1.2105851160545795,0.2782647963819663,1.3847437555789985,-0.15105779189909693,-0.7048561921996358,1.4303813893323656,1.4418094584216736,1.443526517765285,0.5849202654881185,0.9991231520972084,0.060974101464652264,1.414753553583822,0.6989520430542773,-0.2903308516068944,0.7037173778542375,160000.0
ID_2002,-0.5249438045532752,0.6222147155635368,-0.3810087211999231,-1.2697412108678772,-0.8917670441167587,-0.7048561921996358,-0.9354688951975273,-0.9122171603862802,-0.62655831935096,-1.5114339660212976,-0.5083800722335465,0.060974101464652264,-0.8928692886374687,1.5609229309834705,0.48929493837493176,1.556988738434418,9.0
ID_2003,2.3949142926741804,-1.2105851160545795,-0.3810087211999231,-0.6061199692561582,-0.8917670441167587,0.21944697841233984,-0.6725966413608725,-0.6506586471853965,-0.62655831935096,-1.5114339660212976,-0.5083800722335465,0.060974101464652264,-0.31596357808214603,-1.5996369914235713,-1.1464843264949127,-1.603801188967105,9.0
ID_2004,-0.7479939129860804,0.6222147155635368,-0.3810087211999231,-0.6061199692561582,-0.15105779189909693,-0.7048561921996358,-0.6725966413608725,-0.6506586471853965,-0.9222847246532806,0.5849202654881185,-0.5083800722335465,0.060974101464652264,-0.8928692886374687,-0.450342474184647,-0.47686708356573715,-0.45117668952811546,110000.0
ID_2005,-0.8253454876265434,0.6222147155635368,-0.3810087211999231,-1.2697412108678772,-0.15105779189909693,-1.6291593628116114,-0.9354688951975273,-0.9122171603862802,-0.62655831935096,0.5849202654881185,-0.3199421691922022,0.060974101464652264,-0.8928692886374687,-0.450342474184647,-0.47686708356573715,-0.4478728880915739,85000.0
ID_2006,-0.603887020708234,0.6222147155635368,-0.3810087211999231,-1.2697412108678772,-0.15105779189909693,1.1437501490243154,-0.9354688951975273,-0.9122171603862802,-0.62655831935096,0.5849202654881185,0.24537153993183092,0.060974101464652264,-0.8928692886374687,-0.16301884487491597,-0.08306837165262702,-0.16087309373461603,120000.0
ID_2007,-0.6662088732273852,0.6222147155635368,-0.3810087211999231,-0.2743093484502987,-0.15105779189909693,1.1437501490243154,-0.14685213368756297,-0.6506586471853965,-0.62655831935096,0.5849202654881185,-0.13150426615085783,0.060974101464652264,-0.8928692886374687,0.1243047844348151,-1.1560502871081872,0.12187485181705354,130000.0
ID_2008,-0.8015644908805469,-1.2105851160545795,0.2782647963819663,1.3847437555789985,-0.15105779189909693,-0.7048561921996358,1.4303813893323656,1.4418094584216736,1.443526517765285,0.5849202654881185,1.1875610551385527,0.060974101464652264,1.414753553583822,0.1243047844348151,-1.1560502871081872,0.12897084272858195,150000.0
ID_2009,-0.7252097574654258,-1.2105851160545795,0.2782647963819663,1.3847437555789985,-0.15105779189909693,-0.7048561921996358,1.4303813893323656,1.4418094584216736,1.443526517765285,0.5849202654881185,0.24537153993183092,0.060974101464652264,1.414753553583822,0.9862756723640083,0.9341121068921712,0.9899127683831678,140000.0
ID_2010,0.801703166304203,-1.2105851160545795,0.2782647963819663,1.3847437555789985,-0.15105779189909693,0.21944697841233984,1.4303813893323656,1.4418094584216736,1.443526517765285,0.5849202654881185,-0.3199421691922022,0.060974101464652264,1.414753553583822,0.9862756723640083,0.9341121068921712,0.9916939482880859,120000.0
ID_2011,-0.23054519847239607,0.6222147155635368,-0.3810087211999231,-0.6061199692561582,-0.8917670441167587,-0.7048561921996358,-0.6725966413608725,-0.6506586471853965,-0.3308319140486392,-1.5114339660212976,-0.5083800722335465,0.060974101464652264,-0.8928692886374687,-1.024989732804109,0.19912746643895535,-1.03040490312421,9.0
ID_2012,-0.6546157749989641,0.6222147155635368,-0.3810087211999231,-0.6061199692561582,-0.15105779189909693,1.1437501490243154,-0.14685213368756297,-0.6506586471853965,-0.62655831935096,0.5849202654881185,0.43380944297317525,0.060974101464652264,-0.8928692886374687,1.5609229309834705,-0.2393123950027652,1.5602925398709597,260000.0
ID_2013,0.7381696835664046,-1.2105851160545795,0.2782647963819663,1.3847437555789985,-0.15105779189909693,0.21944697841233984,1.4303813893323656,1.4418094584216736,1.443526517765285,0.5849202654881185,0.810685249055864,0.060974101464652264,1.414753553583822,0.4116284137445462,0.5291531075969093,0.4155397064633822,210000.0
ID_2014,0.751150649136185,0.6222147155635368,-0.3810087211999231,-0.6061199692561582,-0.15105779189909693,-0.7048561921996358,-0.6725966413608725,-0.6506586471853965,-0.62655831935096,0.5849202654881185,0.24537153993183092,0.060974101464652264,-0.31596357808214603,0.6989520430542773,-0.2903308516068944,0.6975981630195996,180000.0
ID_2015,0.833563533644543,0.6222147155635368,-0.3810087211999231,-0.6061199692561582,-0.15105779189909693,0.21944697841233984,-0.6725966413608725,-0.6506586471853965,-0.62655831935096,0.5849202654881185,0.24537153993183092,0.060974101464652264,-0.31596357808214603,-0.7376661034943781,0.3617487968646123,-0.7385212283827994,120000.0
ID_2016,-0.8905146711595159,0.6222147155635368,-0.3810087211999231,-1.2697412108678772,-0.15105779189909693,-1.6291593628116114,-0.9354688951975273,-0.9122171603862802,-0.62655831935096,0.5849202654881185,0.056933636890486534,0.060974101464652264,-0.31596357808214603,1.5609229309834705,-0.2393123950027652,1.5643145590110974,130000.0
ID_2017,-0.23054519847239607,-1.2105851160545795,-0.3810087211999231,-1.2697412108678772,-0.15105779189909693,-0.7048561921996358,-0.9354688951975273,-0.9122171603862802,-0.62655831935096,-1.5114339660212976,-0.5083800722335465,0.060974101464652264,-0.8928692886374687,-1.024989732804109,0.19912746643895535,-1.0286811806355796,71000.0
ID_2018,-0.04010446515145836,0.6222147155635368,-0.3810087211999231,-0.9379305900620176,-0.15105779189909693,1.1437501490243154,-0.9354688951975273,-0.9122171603862802,-0.62655831935096,-1.5114339660212976,-1.1867565231823862,0.060974101464652264,-0.31596357808214603,0.9862756723640083,-2.2290322025637495,0.9820411023517558,95000.0
ID_2019,0.833563533644543,-1.2105851160545795,0.2782647963819663,1.3847437555789985,-0.15105779189909693,0.21944697841233984,1.4303813893323656,1.4418094584216736,1.443526517765285,0.5849202654881185,0.24537153993183092,0.060974101464652264,1.414753553583822,-0.7376661034943781,0.3617487968646123,-0.7322583700074423,120000.0
ID_2020,-0.7389782826773273,-1.2105851160545795,0.2782647963819663,1.3847437555789985,-0.15105779189909693,-0.7048561921996358,1.4303813893323656,1.4418094584216736,1.443526517765285,0.5849202654881185,1.9413126673039303,0.060974101464652264,1.414753553583822,-0.7376661034943781,0.3617487968646123,-0.7326318432133123,160000.0
ID_2021,0.4740122662609459,-1.2105851160545795,0.2782647963819663,1.3847437555789985,-0.15105779189909693,0.21944697841233984,1.4303813893323656,1.4418094584216736,1.443526517765285,0.5849202654881185,0.810685249055864,0.060974101464652264,1.414753553583822,-1.3123133621138403,-0.020889627666346104,-1.307522021879687,120000.0
ID_2022,-0.8015644908805469,0.6222147155635368,-0.3810087211999231,-0.6061199692561582,-0.8917670441167587,-0.7048561921996358,-0.14685213368756297,-0.6506586471853965,-0.9222847246532806,0.5849202654881185,0.24537153993183092,0.060974101464652264,-0.8928692886374687,0.1243047844348151,-1.1560502871081872,0.12354111688939624,9.0
ID_2023,-0.30013683230343124,-1.2105851160545795,0.2782647963819663,1.3847437555789985,-0.15105779189909693,-0.7048561921996358,1.4303813893323656,1.4418094584216736,1.443526517765285,-1.5114339660212976,-0.5083800722335465,0.060974101464652264,1.414753553583822,0.9862756723640083,-2.2290322025637495,0.98342008034266,85000.0
ID_2024,-0.7679747967735919,0.6222147155635368,-0.3810087211999231,-0.6061199692561582,-0.15105779189909693,-1.6291593628116114,-0.6725966413608725,-0.6506586471853965,-0.9222847246532806,0.5849202654881185,-0.13150426615085783,0.060974101464652264,-0.8928692886374687,-0.16301884487491597,-0.08306837165262702,-0.16182114110336276,110000.0
ID_2025,0.631562746555693,0.6222147155635368,-0.3810087211999231,0.05750127235556074,-0.15105779189909693,0.21944697841233984,-0.6725966413608725,-0.6506586471853965,-0.62655831935096,0.5849202654881185,0.810685249055864,0.060974101464652264,-0.8928692886374687,-0.450342474184647,-0.47686708356573715,-0.44910822254175903,140000.0
ID_2026,-0.6904139405499081,0.6222147155635368,-0.3810087211999231,-1.2697412108678772,-0.15105779189909693,-0.7048561921996358,-0.9354688951975273,-0.9122171603862802,-0.3308319140486392,0.5849202654881185,0.056933636890486534,0.060974101464652264,-0.8928692886374687,-1.024989732804109,-0.06871943073271414,-1.0229067102986678,110000.0
ID_2027,-0.05228134884886409,0.6222147155635368,-0.3810087211999231,-0.6061199692561582,-0.15105779189909693,1.1437501490243154,-0.6725966413608725,-0.6506586471853965,-0.62655831935096,-1.5114339660212976,-1.695538861394016,-1.3767310278071516,-0.8928692886374687,1.2735993016737392,-0.7128274453598268,1.2676331900096656,38600.0
ID_2028,0.751150649136185,-1.2105851160545795,0.2782647963819663,1.3847437555789985,-0.15105779189909693,0.21944697841233984,1.4303813893323656,1.4418094584216736,1.443526517765285,0.5849202654881185,-0.3199421691922022,0.060974101464652264,1.414753553583822,0.6989520430542773,-0.2903308516068944,0.70253950082034,80000.0
ID_2029,2.817415257326591,-1.2105851160545795,0.2782647963819663,1.3847437555789985,-0.15105779189909693,0.21944697841233984,1.4303813893323656,1.4418094584216736,1.443526517765285,-1.5114339660212976,-1.0360062007493107,0.060974101464652264,1.414753553583822,-0.7376661034943781,-1.0014005905269243,-0.7403598657040051,64000.0
ID_2030,0.751150649136185,0.6222147155635368,-0.3810087211999231,-0.6061199692561582,-0.15105779189909693,0.21944697841233984,-0.6725966413608725,-0.6506586471853965,-0.9222847246532806,0.5849202654881185,0.810685249055864,0.060974101464652264,-0.31596357808214603,0.6989520430542773,-0.2903308516068944,0.6972821472300174,150000.0
ID_2031,-0.8161646350152474,0.6222147155635368,-0.3810087211999231,-0.6061199692561582,-0.15105779189909693,-1.6291593628116114,-0.6725966413608725,-0.6506586471853965,-0.62655831935096,0.5849202654881185,0.24537153993183092,0.060974101464652264,-0.31596357808214603,-0.7376661034943781,0.3617487968646123,-0.7363953039801553,90000.0
ID_2032,0.4740122662609459,2.455014547181653,4.893179419455191,1.3847437555789985,5.033906973624536,2.068053319636291,1.4303813893323656,1.4418094584216736,1.443526517765285,0.5849202654881185,-2.752675497455958,4.374089489280064,1.414753553583822,-1.3123133621138403,-0.020889627666346104,-1.3065165170946527,9.0
ID_2033,-0.8175414875364376,2.455014547181653,4.893179419455191,1.3847437555789985,5.033906973624536,2.068053319636291,1.4303813893323656,1.4418094584216736,1.443526517765285,0.5849202654881185,-2.752675497455958,4.374089489280064,1.414753553583822,0.6989520430542773,-0.2903308516068944,0.7044930529741211,9.0
ID_2034,0.801703166304203,0.6222147155635368,-0.3810087211999231,-0.6061199692561582,-0.15105779189909693,0.21944697841233984,-0.6725966413608725,-0.6506586471853965,-0.62655831935096,0.5849202654881185,0.24537153993183092,0.060974101464652264,-0.31596357808214603,0.9862756723640083,0.9341121068921712,0.9870973549850716,140000.0
ID_2035,-0.30013683230343124,-1.2105851160545795,-0.3810087211999231,-0.6061199692561582,-0.8917670441167587,-0.7048561921996358,-0.6725966413608725,-0.6506586471853965,-0.62655831935096,-1.5114339660212976,-0.9606310395327731,-1.3767310278071516,-0.8928692886374687,0.9862756723640083,-2.2290322025637495,0.9810643262748652,9.0
ID_2036,2.8146615522842113,-1.2105851160545795,0.2782647963819663,1.3847437555789985,-0.15105779189909693,0.21944697841233984,1.4303813893323656,1.4418094584216736,1.443526517765285,-1.5114339660212976,-0.5083800722335465,0.060974101464652264,1.414753553583822,-0.16301884487491597,0.46538003684174956,-0.1665613779470963,88000.0
ID_2037,-0.6012820157381421,0.6222147155635368,-0.3810087211999231,-1.2697412108678772,-0.15105779189909693,1.1437501490243154,-0.9354688951975273,-0.9122171603862802,-0.9222847246532806,0.5849202654881185,-0.696817975274891,-1.3767310278071516,-0.31596357808214603,1.2735993016737392,0.22623102150989877,1.2755335847492213,110000.0
ID_2038,-0.8905146711595159,-1.2105851160545795,0.2782647963819663,1.3847437555789985,-0.15105779189909693,-1.6291593628116114,1.4303813893323656,1.4418094584216736,1.443526517765285,0.5849202654881185,0.056933636890486534,0.060974101464652264,1.414753553583822,1.5609229309834705,-0.2393123950027652,1.566497940830029,170000.0
ID_2039,-0.7104388836180978,0.6222147155635368,-0.3810087211999231,-0.6061199692561582,-0.15105779189909693,1.1437501490243154,-0.6725966413608725,-0.6506586471853965,-0.62655831935096,0.5849202654881185,1.752874764262586,0.060974101464652264,-0.8928692886374687,-0.16301884487491597,-0.08306837165262702,-0.1629415607209725,160000.0
ID_2040,-0.8083661423352263,-1.2105851160545795,0.2782647963819663,1.3847437555789985,-0.15105779189909693,-1.6291593628116114,1.4303813893323656,1.4418094584216736,1.443526517765285,0.5849202654881185,0.6222473460145197,0.060974101464652264,1.414753553583822,0.4116284137445462,0.5291531075969093,0.4164877538321289,150000.0
ID_2041,-0.5804089315168994,0.6222147155635368,-0.3810087211999231,-0.6061199692561582,-0.15105779189909693,1.1437501490243154,-0.6725966413608725,-0.6506586471853965,-0.62655831935096,0.5849202654881185,-0.3199421691922022,0.060974101464652264,-0.8928692886374687,-1.024989732804109,-0.06871943073271414,-1.0264116126922163,100000.0
ID_2042,0.751150649136185,0.6222147155635368,-0.3810087211999231,-0.6061199692561582,-0.15105779189909693,0.21944697841233984,-0.6725966413608725,-0.6506586471853965,-0.62655831935096,0.5849202654881185,-0.13150426615085783,0.060974101464652264,-0.31596357808214603,0.6989520430542773,-0.2903308516068944,0.6980003649336134,120000.0
ID_2043,-0.04010446515145836,0.6222147155635368,-0.3810087211999231,-0.6061199692561582,-0.15105779189909693,1.1437501490243154,-0.6725966413608725,-0.6506586471853965,-0.9222847246532806,-1.5114339660212976,-0.696817975274891,0.060974101464652264,-0.8928692886374687,0.9862756723640083,-2.2290322025637495,0.9805472095282761,82000.0
ID_2044,-0.6543238822644718,2.455014547181653,4.893179419455191,1.3847437555789985,5.033906973624536,2.068053319636291,1.4303813893323656,1.4418094584216736,1.443526517765285,0.5849202654881185,-2.752675497455958,4.374089489280064,1.414753553583822,-1.5996369914235713,0.3856636983977981,-1.5938897846574804,9.0
ID_2045,0.4625183014140505,0.6222147155635368,-0.3810087211999231,-0.6061199692561582,-0.15105779189909693,0.21944697841233984,-0.6725966413608725,-0.6506586471853965,-0.62655831935096,0.5849202654881185,0.056933636890486534,0.060974101464652264,-0.31596357808214603,0.1243047844348151,-1.1560502871081872,0.12414441976041687,120000.0
ID_2046,-0.8905146711595159,0.6222147155635368,-0.3810087211999231,-1.2697412108678772,-0.15105779189909693,-1.6291593628116114,-0.9354688951975273,-0.9122171603862802,-0.62655831935096,0.5849202654881185,0.24537153993183092,-1.3767310278071516,-0.8928692886374687,1.5609229309834705,-0.2393123950027652,1.5635963413075014,140000.0
ID_2047,-0.5980932252990657,0.6222147155635368,-0.3810087211999231,-0.6061199692561582,-0.15105779189909693,1.1437501490243154,-0.6725966413608725,-0.6506586471853965,-0.9222847246532806,0.5849202654881185,0.43380944297317525,0.060974101464652264,-0.8928692886374687,0.4116284137445462,0.5291531075969093,0.4103110815812034,140000.0
ID_2048,-0.8478322430026209,0.6222147155635368,-0.3810087211999231,-0.9379305900620176,-0.15105779189909693,-1.6291593628116114,-0.9354688951975273,-0.9122171603862802,-0.9222847246532806,0.5849202654881185,0.43380944297317525,0.060974101464652264,-0.8928692886374687,-1.3123133621138403,-0.020889627666346104,-1.3094468453253243,140000.0
ID_2049,-0.31916493414627917,0.6222147155635368,-0.3810087211999231,-0.6061199692561582,-0.15105779189909693,-0.7048561921996358,-0.6725966413608725,-0.6506586471853965,-0.62655831935096,-1.5114339660212976,-0.5083800722335465,0.060974101464652264,-0.8928692886374687,-1.3123133621138403,-0.10220029287917282,-1.3172897826485925,72000.0
ID_2050,-0.7472393978044682,0.6222147155635368,-0.3810087211999231,-1.2697412108678772,-0.15105779189909693,-0.7048561921996358,-0.9354688951975273,-0.9122171603862802,-0.62655831935096,0.5849202654881185,0.24537153993183092,0.060974101464652264,-0.8928692886374687,-1.5996369914235713,0.3856636983977981,-1.5969350277207275,110000.0
ID_2051,-0.8376104898853053,0.6222147155635368,-0.3810087211999231,-1.2697412108678772,-0.15105779189909693,-0.7048561921996358,-0.9354688951975273,-0.9122171603862802,-0.62655831935096,0.5849202654881185,1.375998958179897,0.060974101464652264,-0.31596357808214603,1.5609229309834705,-0.2393123950027652,1.5640560006378028,180000.0
ID_2052,-0.6543238822644718,-1.2105851160545795,-0.3810087211999231,-0.6061199692561582,-0.15105779189909693,1.1437501490243154,-0.14685213368756297,-0.6506586471853965,-0.62655831935096,0.5849202654881185,0.6222473460145197,0.060974101464652264,-0.31596357808214603,-1.5996369914235713,0.3856636983977981,-1.6011581478178718,120000.0
ID_2053,-0.3341836414474214,-1.2105851160545795,-0.3810087211999231,-0.6061199692561582,-0.15105779189909693,-0.7048561921996358,-0.6725966413608725,-0.6506586471853965,-0.9222847246532806,-1.5114339660212976,-0.696817975274891,0.060974101464652264,-0.8928692886374687,1.2735993016737392,-0.7128274453598268,1.268064120631823,76000.0
ID_2054,-0.3856724183298485,0.6222147155635368,-0.3810087211999231,0.05750127235556074,-0.15105779189909693,-1.6291593628116114,-0.6725966413608725,-0.6506586471853965,-0.62655831935096,-1.5114339660212976,-0.696817975274891,0.060974101464652264,-0.8928692886374687,-0.16301884487491597,0.46538003684174956,-0.16871603105788427,72000.0
ID_2055,2.6415691607302696,-1.2105851160545795,0.2782647963819663,1.3847437555789985,-0.15105779189909693,0.21944697841233984,1.4303813893323656,1.4418094584216736,1.443526517765285,-1.5114339660212976,-0.5083800722335465,0.060974101464652264,1.414753553583822,1.2735993016737392,-0.7128274453598268,1.270218773742611,85000.0
ID_2056,0.9328951819332859,-1.2105851160545795,0.2782647963819663,1.3847437555789985,-0.15105779189909693,0.21944697841233984,1.4303813893323656,1.4418094584216736,1.443526517765285,0.5849202654881185,2.1297505703452746,0.060974101464652264,1.414753553583822,-1.024989732804109,-0.06871943073271414,-1.0206084136471607,130000.0
ID_2057,0.751150649136185,0.6222147155635368,-0.3810087211999231,-0.6061199692561582,-0.15105779189909693,0.21944697841233984,-0.6725966413608725,-0.6506586471853965,-0.62655831935096,0.5849202654881185,0.810685249055864,0.060974101464652264,-0.31596357808214603,0.6989520430542773,-0.2903308516068944,0.7004423051258397,210000.0
ID_2058,2.8146615522842113,0.6222147155635368,-0.3810087211999231,-0.6061199692561582,-0.15105779189909693,0.21944697841233984,-0.6725966413608725,-0.6506586471853965,-0.62655831935096,-1.5114339660212976,-0.696817975274891,0.060974101464652264,-0.8928692886374687,-0.16301884487491597,0.46538003684174956,-0.168227643019439,69000.0
ID_2059,-0.8015644908805469,0.6222147155635368,-0.3810087211999231,-0.6061199692561582,-0.15105779189909693,-0.7048561921996358,-0.6725966413608725,-0.6506586471853965,-0.62655831935096,0.5849202654881185,0.43380944297317525,0.060974101464652264,-0.8928692886374687,0.1243047844348151,-1.1560502871081872,0.12391459009526616,120000.0
ID_2060,0.7456432390514247,0.6222147155635368,-0.3810087211999231,-0.6061199692561582,-0.15105779189909693,0.21944697841233984,-0.6725966413608725,-0.6506586471853965,-0.62655831935096,0.5849202654881185,0.43380944297317525,0.060974101464652264,-0.8928692886374687,1.2735993016737392,0.22623102150989877,1.2750739254189198,83000.0
ID_2061,0.6223158050233801,-1.2105851160545795,0.2782647963819663,1.3847437555789985,-0.15105779189909693,0.21944697841233984,1.4303813893323656,1.4418094584216736,1.443526517765285,0.5849202654881185,0.9991231520972084,0.060974101464652264,1.414753553583822,-1.5996369914235713,0.3856636983977981,-1.5955847784379669,210000.0
ID_2062,-0.5951963275944817,0.6222147155635368,-0.3810087211999231,-0.6061199692561582,-0.15105779189909693,1.1437501490243154,-0.6725966413608725,-0.6506586471853965,-0.9222847246532806,0.5849202654881185,-0.3199421691922022,-1.3767310278071516,-0.31596357808214603,0.9862756723640083,0.9341121068921712,0.9841095693381122,120000.0
ID_2063,-0.8905146711595159,0.6222147155635368,-0.3810087211999231,-0.6061199692561582,-0.15105779189909693,-1.6291593628116114,-0.6725966413608725,-0.6506586471853965,-0.62655831935096,0.5849202654881185,0.056933636890486534,0.060974101464652264,-0.8928692886374687,1.5609229309834705,-0.2393123950027652,1.562590836522467,120000.0
ID_2064,0.7381696835664046,-1.2105851160545795,-0.3810087211999231,-0.6061199692561582,-0.15105779189909693,0.21944697841233984,-0.6725966413608725,-0.6506586471853965,-0.62655831935096,0.5849202654881185,1.5644368612212416,0.060974101464652264,-0.31596357808214603,0.4116284137445462,0.5291531075969093,0.40965032129389506,170000.0
ID_2065,0.6223158050233801,0.6222147155635368,-0.3810087211999231,-0.6061199692561582,-0.15105779189909693,0.21944697841233984,-0.6725966413608725,-0.6506586471853965,-0.9222847246532806,0.5849202654881185,0.9991231520972084,0.060974101464652264,-0.31596357808214603,-1.5996369914235713,0.3856636983977981,-1.597710702840611,150000.0
ID_2066,-0.7104388836180978,2.455014547181653,4.893179419455191,1.3847437555789985,5.033906973624536,2.068053319636291,1.4303813893323656,1.4418094584216736,1.443526517765285,0.5849202654881185,-2.752675497455958,4.374089489280064,1.414753553583822,-0.16301884487491597,-0.08306837165262702,-0.15748310617364297,9.0
ID_2067,2.817415257326591,0.6222147155635368,-0.3810087211999231,-0.2743093484502987,-0.15105779189909693,0.21944697841233984,-0.6725966413608725,-0.3891001339845127,-0.62655831935096,-1.5114339660212976,-0.5083800722335465,0.060974101464652264,-0.31596357808214603,-0.7376661034943781,-1.0014005905269243,-0.742169774317067,61000.0
ID_2068,0.631562746555693,0.6222147155635368,-0.3810087211999231,-0.6061199692561582,-0.15105779189909693,0.21944697841233984,-0.6725966413608725,-0.6506586471853965,-0.62655831935096,0.5849202654881185,0.24537153993183092,-1.3767310278071516,-0.8928692886374687,-0.450342474184647,-0.47686708356573715,-0.45189490723171144,170000.0
ID_2069,-0.6302675150142374,0.6222147155635368,-0.3810087211999231,-1.2697412108678772,-0.15105779189909693,1.1437501490243154,-0.9354688951975273,-0.9122171603862802,-0.62655831935096,0.5849202654881185,-0.696817975274891,-1.3767310278071516,-0.8928692886374687,0.6989520430542773,-0.2903308516068944,0.700758320915422,150000.0
ID_2070,-0.8196453181888161,0.6222147155635368,-0.3810087211999231,-1.2697412108678772,-0.15105779189909693,2.068053319636291,-0.9354688951975273,-0.9122171603862802,-0.9222847246532806,2.6812744969975344,1.752874764262586,0.060974101464652264,-0.31596357808214603,-1.5996369914235713,0.3856636983977981,-1.597538330591748,240000.0
ID_2071,-0.8478322430026209,0.6222147155635368,-0.3810087211999231,-1.2697412108678772,-0.8917670441167587,-1.6291593628116114,-0.9354688951975273,-0.9122171603862802,-0.9222847246532806,0.5849202654881185,0.24537153993183092,0.060974101464652264,-0.31596357808214603,-1.3123133621138403,-0.020889627666346104,-1.309676674990475,9.0
ID_2072,0.4740122662609459,-1.2105851160545795,0.2782647963819663,1.3847437555789985,-0.15105779189909693,0.21944697841233984,1.4303813893323656,1.4418094584216736,1.443526517765285,0.5849202654881185,0.810685249055864,0.060974101464652264,1.414753553583822,-1.3123133621138403,-0.020889627666346104,-1.308211510875139,190000.0
ID_2073,0.6223158050233801,0.6222147155635368,-0.3810087211999231,-0.6061199692561582,-0.15105779189909693,0.21944697841233984,-0.6725966413608725,-0.6506586471853965,-0.62655831935096,0.5849202654881185,0.24537153993183092,0.060974101464652264,-0.31596357808214603,-1.5996369914235713,0.3856636983977981,-1.5983140057116316,120000.0
ID_2074,-0.7472393978044682,0.6222147155635368,-0.3810087211999231,-1.2697412108678772,-0.15105779189909693,-0.7048561921996358,-0.9354688951975273,-0.9122171603862802,-0.9222847246532806,0.5849202654881185,0.24537153993183092,0.060974101464652264,-0.31596357808214603,-1.5996369914235713,0.3856636983977981,-1.5962168100171314,120000.0
ID_2075,-0.5453873107879066,0.6222147155635368,-0.3810087211999231,-1.2697412108678772,-0.15105779189909693,-1.6291593628116114,-0.9354688951975273,-0.9122171603862802,-0.62655831935096,-1.5114339660212976,-1.0360062007493107,-1.3767310278071516,-0.8928692886374687,-1.3123133621138403,-0.10220029287917282,-1.3159969907821196,53000.0
ID_2076,-0.05749686619913237,0.6222147155635368,-0.3810087211999231,-0.6061199692561582,-0.15105779189909693,1.1437501490243154,-0.6725966413608725,-0.6506586471853965,-0.62655831935096,-1.5114339660212976,-0.5083800722335465,0.060974101464652264,-0.8928692886374687,-0.16301884487491597,0.46538003684174956,-0.1687447597660281,76000.0
ID_2077,-0.5804089315168994,0.6222147155635368,-0.3810087211999231,-0.2743093484502987,-0.15105779189909693,1.1437501490243154,-0.40972438752421775,-0.6506586471853965,-0.62655831935096,0.5849202654881185,-0.3199421691922022,0.060974101464652264,-0.8928692886374687,-1.024989732804109,-0.06871943073271414,-1.0265839849410794,140000.0
ID_2078,-0.30013683230343124,-1.2105851160545795,-0.3810087211999231,-1.2697412108678772,-0.8917670441167587,-0.7048561921996358,-0.9354688951975273,-0.9122171603862802,-0.9222847246532806,-1.5114339660212976,-1.299819265007193,-1.3767310278071516,-0.8928692886374687,0.9862756723640083,-2.2290322025637495,0.982357118141338,9.0
ID_2079,3.0160730464939918,0.6222147155635368,-0.3810087211999231,-0.2743093484502987,-0.15105779189909693,0.21944697841233984,-0.6725966413608725,-0.127541620783629,-0.9222847246532806,-1.5114339660212976,-0.5083800722335465,0.060974101464652264,-0.31596357808214603,-1.024989732804109,0.19912746643895535,-1.0307209189137923,73000.0
ID_2080,2.6415691607302696,0.6222147155635368,-0.3810087211999231,-0.2743093484502987,-0.15105779189909693,0.21944697841233984,-0.6725966413608725,-0.6506586471853965,-0.9222847246532806,-1.5114339660212976,-1.0360062007493107,0.060974101464652264,-0.8928692886374687,1.2735993016737392,-0.7128274453598268,1.2692132689575766,47500.0
ID_2081,-0.8253454876265434,0.6222147155635368,-0.3810087211999231,-1.2697412108678772,-0.15105779189909693,-1.6291593628116114,-0.9354688951975273,-0.9122171603862802,-0.62655831935096,0.5849202654881185,0.43380944297317525,0.060974101464652264,-0.31596357808214603,-0.450342474184647,-0.47686708356573715,-0.4477867019671424,130000.0
ID_2082,2.2855536506210883,0.6222147155635368,-0.3810087211999231,-0.6061199692561582,-0.8917670441167587,0.21944697841233984,-0.6725966413608725,-0.6506586471853965,-0.62655831935096,-1.5114339660212976,-0.5083800722335465,0.060974101464652264,-0.31596357808214603,1.5609229309834705,0.48929493837493176,1.5565578078122606,9.0
ID_2083,0.751150649136185,0.6222147155635368,-0.3810087211999231,0.05750127235556074,-0.15105779189909693,0.21944697841233984,-0.6725966413608725,-0.127541620783629,-0.62655831935096,0.5849202654881185,-0.3199421691922022,-1.3767310278071516,-0.31596357808214603,0.6989520430542773,-0.2903308516068944,0.7000688319199698,66000.0
ID_2084,-0.4820520948131594,-1.2105851160545795,-0.3810087211999231,-1.2697412108678772,-0.15105779189909693,-1.6291593628116114,-0.9354688951975273,-0.9122171603862802,-0.9222847246532806,-1.5114339660212976,-0.696817975274891,-1.3767310278071516,-0.31596357808214603,-0.7376661034943781,-1.0014005905269243,-0.7411642695320326,66000.0
ID_2085,0.801703166304203,0.6222147155635368,-0.3810087211999231,-0.9379305900620176,-0.15105779189909693,0.21944697841233984,-0.9354688951975273,-0.9122171603862802,-0.62655831935096,0.5849202654881185,0.810685249055864,0.060974101464652264,-0.31596357808214603,0.9862756723640083,0.9341121068921712,0.9883326894352567,110000.0
ID_2086,-0.7479939129860804,0.6222147155635368,-0.3810087211999231,-0.6061199692561582,-0.15105779189909693,-0.7048561921996358,-0.6725966413608725,-0.6506586471853965,-0.62655831935096,0.5849202654881185,-0.3199421691922022,0.060974101464652264,-0.8928692886374687,-0.450342474184647,-0.47686708356573715,-0.45094685986296473,110000.0
ID_2087,-0.6609933558771169,-1.2105851160545795,0.2782647963819663,1.3847437555789985,-0.15105779189909693,1.1437501490243154,1.4303813893323656,1.4418094584216736,1.443526517765285,0.5849202654881185,0.24537153993183092,0.060974101464652264,1.414753553583822,-1.3123133621138403,-0.020889627666346104,-1.307895495085557,91000.0
ID_2088,0.6223158050233801,0.6222147155635368,-0.3810087211999231,-0.6061199692561582,-0.15105779189909693,0.21944697841233984,-0.6725966413608725,-0.6506586471853965,-0.9222847246532806,0.5849202654881185,0.056933636890486534,0.060974101464652264,-0.31596357808214603,-1.5996369914235713,0.3856636983977981,-1.5981416334627687,80000.0
ID_2089,-0.4528462991336738,-1.2105851160545795,-0.3810087211999231,-0.6061199692561582,-0.15105779189909693,-0.7048561921996358,-0.6725966413608725,-0.6506586471853965,-0.62655831935096,-1.5114339660212976,-0.5083800722335465,0.060974101464652264,-0.8928692886374687,0.1243047844348151,5.06660709182652,0.1192318106678203,66000.0
ID_2090,-0.6609933558771169,0.6222147155635368,-0.3810087211999231,-0.2743093484502987,-0.15105779189909693,1.1437501490243154,-0.14685213368756297,-0.6506586471853965,-0.62655831935096,0.5849202654881185,-0.5083800722335465,-1.3767310278071516,-0.31596357808214603,-1.3123133621138403,-0.020889627666346104,-1.3140147099201949,87000.0
ID_2091,2.65258398089979,-1.2105851160545795,-0.3810087211999231,-0.6061199692561582,-0.15105779189909693,0.21944697841233984,-0.6725966413608725,-0.6506586471853965,-0.62655831935096,-1.5114339660212976,-0.5083800722335465,-1.3767310278071516,-0.8928692886374687,0.6989520430542773,0.5769829106632773,0.6930015697165853,74000.0
ID_2092,-0.7347210546818074,-1.2105851160545795,0.2782647963819663,1.3847437555789985,-0.15105779189909693,-0.7048561921996358,1.4303813893323656,1.4418094584216736,1.443526517765285,0.5849202654881185,-0.3199421691922022,0.060974101464652264,1.414753553583822,-1.3123133621138403,-0.020889627666346104,-1.3084700692484337,140000.0
ID_2093,-0.8574702106509521,-1.2105851160545795,-0.3810087211999231,-1.2697412108678772,-0.15105779189909693,-1.6291593628116114,-0.9354688951975273,-0.9122171603862802,-0.62655831935096,0.5849202654881185,0.056933636890486534,0.060974101464652264,-0.8928692886374687,-1.5996369914235713,0.3856636983977981,-1.5964179109741383,180000.0
ID_2094,-0.30013683230343124,0.6222147155635368,-0.3810087211999231,-0.6061199692561582,-0.15105779189909693,-0.7048561921996358,-0.6725966413608725,-0.6506586471853965,-0.62655831935096,-1.5114339660212976,-0.3199421691922022,0.060974101464652264,-0.31596357808214603,0.9862756723640083,-2.2290322025637495,0.9813228846481598,70000.0
ID_2095,-0.25707990026077276,-1.2105851160545795,0.2782647963819663,1.3847437555789985,-0.15105779189909693,-0.7048561921996358,1.4303813893323656,1.4418094584216736,1.443526517765285,-1.5114339660212976,-1.0360062007493107,-1.3767310278071516,1.414753553583822,0.4116284137445462,-1.5466603454835397,0.4087310026332922,49500.0
ID_2096,0.9328951819332859,-1.2105851160545795,0.2782647963819663,1.3847437555789985,-0.15105779189909693,0.21944697841233984,1.4303813893323656,1.4418094584216736,1.443526517765285,0.5849202654881185,-0.3199421691922022,0.060974101464652264,1.414753553583822,-1.024989732804109,-0.06871943073271414,-1.0215851897240513,93000.0
ID_2097,0.833563533644543,0.6222147155635368,-0.3810087211999231,-0.6061199692561582,-0.15105779189909693,0.21944697841233984,-0.6725966413608725,-0.6506586471853965,-0.62655831935096,0.5849202654881185,1.1875610551385527,0.060974101464652264,-0.8928692886374687,-0.7376661034943781,0.3617487968646123,-0.736797505894169,210000.0
ID_2098,0.5676382377018765,-1.2105851160545795,0.2782647963819663,1.3847437555789985,-0.15105779189909693,0.21944697841233984,1.4303813893323656,1.4418094584216736,1.443526517765285,0.5849202654881185,1.1875610551385527,0.060974101464652264,1.414753553583822,1.5609229309834705,-0.2393123950027652,1.5655211647531386,170000.0
ID_2099,-0.34419611298151626,-1.2105851160545795,-0.3810087211999231,-0.6061199692561582,-0.15105779189909693,-0.7048561921996358,-0.6725966413608725,-0.3891001339845127,-0.9222847246532806,-1.5114339660212976,-0.696817975274891,0.060974101464652264,-0.8928692886374687,-1.5996369914235713,-1.1464843264949127,-1.604892879876571,64000.0
ID_2100,0.7381696835664046,-1.2105851160545795,0.2782647963819663,1.3847437555789985,-0.15105779189909693,0.21944697841233984,1.4303813893323656,1.4418094584216736,1.443526517765285,0.5849202654881185,1.1875610551385527,0.060974101464652264,1.414753553583822,0.4116284137445462,0.5291531075969093,0.41709105670314955,120000.0
ID_2101,-0.8015644908805469,-1.2105851160545795,0.2782647963819663,1.3847437555789985,-0.15105779189909693,-0.7048561921996358,1.4303813893323656,1.4418094584216736,1.443526517765285,0.5849202654881185,1.5644368612212416,0.060974101464652264,1.414753553583822,0.1243047844348151,-1.1560502871081872,0.1280802527761229,160000.0
ID_2102,-0.6302675150142374,0.6222147155635368,-0.3810087211999231,-0.6061199692561582,-0.15105779189909693,1.1437501490243154,-0.6725966413608725,-0.6506586471853965,-0.9222847246532806,0.5849202654881185,0.810685249055864,0.060974101464652264,-0.8928692886374687,0.6989520430542773,-0.2903308516068944,0.6995229864652369,150000.0
ID_2103,-0.23054519847239607,-1.2105851160545795,0.2782647963819663,1.3847437555789985,-0.15105779189909693,-0.7048561921996358,1.4303813893323656,1.4418094584216736,1.443526517765285,-1.5114339660212976,-0.5083800722335465,0.060974101464652264,1.414753553583822,-1.024989732804109,0.19912746643895535,-1.0276469471424015,71000.0
ID_2104,-0.7036812914440965,-1.2105851160545795,-0.3810087211999231,-0.6061199692561582,-0.15105779189909693,-0.7048561921996358,-0.6725966413608725,-0.6506586471853965,-0.62655831935096,0.5849202654881185,-0.5083800722335465,0.060974101464652264,-0.8928692886374687,0.4116284137445462,0.5291531075969093,0.4112591289499501,120000.0
ID_2105,-0.5812791023102916,-1.2105851160545795,-0.3810087211999231,-0.6061199692561582,-0.15105779189909693,1.1437501490243154,-0.6725966413608725,-0.6506586471853965,-0.62655831935096,0.5849202654881185,0.6222473460145197,0.060974101464652264,-0.8928692886374687,-0.7376661034943781,0.3617487968646123,-0.7390096164212446,180000.0
ID_2106,-0.6662088732273852,-1.2105851160545795,-0.3810087211999231,0.05750127235556074,-0.15105779189909693,1.1437501490243154,-0.14685213368756297,-0.6506586471853965,-0.62655831935096,0.5849202654881185,-0.5083800722335465,0.060974101464652264,-0.8928692886374687,0.1243047844348151,-1.1560502871081872,0.12161629344375899,130000.0
ID_2107,-0.34419611298151626,0.6222147155635368,-0.3810087211999231,-0.6061199692561582,-0.15105779189909693,-0.7048561921996358,-0.6725966413608725,-0.6506586471853965,-0.62655831935096,-1.5114339660212976,-0.696817975274891,0.060974101464652264,-0.8928692886374687,-1.5996369914235713,-1.1464843264949127,-1.6042321195892626,64000.0
ID_2108,-0.7472393978044682,-1.2105851160545795,0.2782647963819663,1.3847437555789985,-0.15105779189909693,-0.7048561921996358,1.4303813893323656,1.4418094584216736,1.443526517765285,0.5849202654881185,1.5644368612212416,0.060974101464652264,1.414753553583822,-1.5996369914235713,0.3856636983977981,-1.5948952894425148,140000.0
ID_2109,0.801703166304203,-1.2105851160545795,0.2782647963819663,1.3847437555789985,-0.15105779189909693,0.21944697841233984,1.4303813893323656,1.4418094584216736,1.443526517765285,0.5849202654881185,-0.3199421691922022,0.060974101464652264,1.414753553583822,0.9862756723640083,0.9341121068921712,0.9904298851297569,100000.0
ID_2110,-0.6543238822644718,0.6222147155635368,-0.3810087211999231,-0.6061199692561582,-0.15105779189909693,-0.7048561921996358,-0.6725966413608725,-0.6506586471853965,-0.62655831935096,0.5849202654881185,0.24537153993183092,0.060974101464652264,-0.8928692886374687,-1.5996369914235713,0.3856636983977981,-1.6000951856165497,120000.0
ID_2111,-0.7036812914440965,-1.2105851160545795,-0.3810087211999231,-0.6061199692561582,-0.15105779189909693,-0.7048561921996358,-0.6725966413608725,-0.6506586471853965,-0.62655831935096,0.5849202654881185,0.43380944297317525,0.060974101464652264,-0.31596357808214603,0.4116284137445462,0.5291531075969093,0.41137404378252546,88000.0
ID_2112,-0.5980932252990657,0.6222147155635368,-0.3810087211999231,-0.2743093484502987,-0.15105779189909693,1.1437501490243154,-0.14685213368756297,-0.6506586471853965,-0.62655831935096,0.5849202654881185,-0.5083800722335465,-1.3767310278071516,-0.8928692886374687,0.4116284137445462,0.5291531075969093,0.4099376083753335,110000.0
ID_2113,-0.7702713867789371,-1.2105851160545795,0.2782647963819663,1.3847437555789985,-0.15105779189909693,-1.6291593628116114,1.4303813893323656,1.4418094584216736,1.443526517765285,0.5849202654881185,0.24537153993183092,0.060974101464652264,1.414753553583822,-1.024989732804109,-0.06871943073271414,-1.0197752811109893,67000.0
ID_2114,-0.25707990026077276,0.6222147155635368,-0.3810087211999231,-0.6061199692561582,-0.15105779189909693,-0.7048561921996358,-0.6725966413608725,-0.6506586471853965,-0.62655831935096,-1.5114339660212976,-0.696817975274891,0.060974101464652264,-0.8928692886374687,0.4116284137445462,-1.5466603454835397,0.40617414760849047,85000.0
ID_2115,-0.30013683230343124,0.6222147155635368,-0.3810087211999231,-0.6061199692561582,-0.15105779189909693,-0.7048561921996358,-0.6725966413608725,-0.6506586471853965,-0.62655831935096,-1.5114339660212976,-1.3375068456154617,0.060974101464652264,-0.8928692886374687,0.9862756723640083,-2.2290322025637495,0.980920682734146,72000.0
ID_2116,-0.5804089315168994,-1.2105851160545795,0.2782647963819663,1.3847437555789985,-0.15105779189909693,1.1437501490243154,1.4303813893323656,1.4418094584216736,1.443526517765285,0.5849202654881185,-0.13150426615085783,-1.3767310278071516,1.414753553583822,-1.024989732804109,-0.06871943073271414,-1.0218724768054896,110000.0
ID_2117,-0.7104388836180978,0.6222147155635368,-0.3810087211999231,-0.6061199692561582,-0.15105779189909693,-0.7048561921996358,-0.6725966413608725,-0.6506586471853965,-0.62655831935096,0.5849202654881185,0.056933636890486534,0.060974101464652264,-0.8928692886374687,-0.16301884487491597,-0.08306837165262702,-0.16291283201282866,150000.0
ID_2118,0.4625183014140505,-1.2105851160545795,-0.3810087211999231,0.05750127235556074,-0.15105779189909693,0.21944697841233984,-0.6725966413608725,-0.6506586471853965,-0.62655831935096,0.5849202654881185,0.6222473460145197,0.060974101464652264,-0.31596357808214603,0.1243047844348151,-1.1560502871081872,0.12514992454545126,140000.0
ID_2119,0.751150649136185,0.6222147155635368,0.2782647963819663,1.3847437555789985,-0.15105779189909693,0.21944697841233984,1.4303813893323656,1.4418094584216736,1.443526517765285,0.5849202654881185,0.43380944297317525,0.060974101464652264,1.414753553583822,0.6989520430542773,-0.2903308516068944,0.7035162768972306,110000.0
ID_2120,0.7381696835664046,0.6222147155635368,0.2782647963819663,1.3847437555789985,-0.15105779189909693,0.21944697841233984,1.4303813893323656,1.4418094584216736,1.443526517765285,0.5849202654881185,1.752874764262586,0.060974101464652264,1.414753553583822,0.4116284137445462,0.5291531075969093,0.416832498329855,180000.0
ID_2121,-0.6904139405499081,-1.2105851160545795,0.2782647963819663,1.3847437555789985,-0.15105779189909693,-0.7048561921996358,1.4303813893323656,1.4418094584216736,1.443526517765285,0.5849202654881185,0.6222473460145197,0.060974101464652264,1.414753553583822,-1.024989732804109,-0.06871943073271414,-1.0201200256087153,130000.0
ID_2122,-0.3341836414474214,-1.2105851160545795,-0.3810087211999231,-1.2697412108678772,-0.15105779189909693,-0.7048561921996358,-0.9354688951975273,-0.9122171603862802,-0.9222847246532806,-1.5114339660212976,-0.696817975274891,0.060974101464652264,-0.8928692886374687,1.2735993016737392,-0.7128274453598268,1.2695867421634466,67000.0
ID_2123,-0.6012820157381421,-1.2105851160545795,-0.3810087211999231,-0.6061199692561582,-0.15105779189909693,1.1437501490243154,-0.40972438752421775,-0.127541620783629,-0.62655831935096,0.5849202654881185,0.24537153993183092,0.060974101464652264,-0.31596357808214603,1.2735993016737392,0.22623102150989877,1.2726894426429813,180000.0
ID_2124,-0.7347210546818074,0.6222147155635368,-0.3810087211999231,-0.6061199692561582,-0.15105779189909693,-0.7048561921996358,-0.6725966413608725,-0.6506586471853965,-0.62655831935096,0.5849202654881185,1.375998958179897,0.060974101464652264,-0.8928692886374687,-1.3123133621138403,-0.020889627666346104,-1.3120324290582699,150000.0
ID_2125,0.5676382377018765,-1.2105851160545795,0.2782647963819663,1.3847437555789985,-0.15105779189909693,0.21944697841233984,1.4303813893323656,1.4418094584216736,1.443526517765285,0.5849202654881185,-0.3199421691922022,0.060974101464652264,1.414753553583822,1.5609229309834705,-0.2393123950027652,1.5652051489635563,66000.0
ID_2126,-0.8161646350152474,-1.2105851160545795,-0.3810087211999231,-0.6061199692561582,-0.8917670441167587,-1.6291593628116114,-0.6725966413608725,-0.6506586471853965,-0.62655831935096,0.5849202654881185,-0.3199421691922022,0.060974101464652264,-0.8928692886374687,-0.7376661034943781,0.3617487968646123,-0.7363091178557237,9.0
ID_2127,-0.6543238822644718,2.455014547181653,4.893179419455191,1.3847437555789985,5.033906973624536,2.068053319636291,1.4303813893323656,1.4418094584216736,1.443526517765285,0.5849202654881185,-2.752675497455958,4.374089489280064,1.414753553583822,-1.5996369914235713,0.3856636983977981,-1.5938035985330488,9.0
ID_2128,-0.5980932252990657,0.6222147155635368,-0.3810087211999231,-0.6061199692561582,-0.15105779189909693,1.1437501490243154,-0.6725966413608725,-0.6506586471853965,-0.62655831935096,0.5849202654881185,1.752874764262586,0.060974101464652264,-0.8928692886374687,0.4116284137445462,0.5291531075969093,0.41163260215582,190000.0
ID_2129,-0.5804089315168994,0.6222147155635368,-0.3810087211999231,0.05750127235556074,-0.15105779189909693,1.1437501490243154,-0.6725966413608725,-0.6506586471853965,-0.62655831935096,0.5849202654881185,0.43380944297317525,0.060974101464652264,-0.31596357808214603,-1.024989732804109,-0.06871943073271414,-1.0272447452283877,120000.0
ID_2130,0.832186681123353,0.6222147155635368,0.2782647963819663,1.3847437555789985,-0.15105779189909693,0.21944697841233984,1.4303813893323656,1.4418094584216736,1.443526517765285,0.5849202654881185,0.24537153993183092,0.060974101464652264,1.414753553583822,-0.16301884487491597,-0.08306837165262702,-0.15762674971436216,110000.0
ID_2131,0.801703166304203,0.6222147155635368,-0.3810087211999231,-0.9379305900620176,-0.15105779189909693,0.21944697841233984,-0.9354688951975273,-0.9122171603862802,-0.62655831935096,0.5849202654881185,1.1875610551385527,0.060974101464652264,-0.31596357808214603,0.9862756723640083,0.9341121068921712,0.9883039607271128,110000.0
ID_2132,0.7456432390514247,-1.2105851160545795,0.2782647963819663,1.3847437555789985,-0.15105779189909693,0.21944697841233984,1.4303813893323656,1.4418094584216736,1.443526517765285,0.5849202654881185,0.9991231520972084,0.060974101464652264,1.414753553583822,1.2735993016737392,0.22623102150989877,1.2789523010183383,140000.0
ID_2133,-0.6662088732273852,0.6222147155635368,-0.3810087211999231,-0.6061199692561582,-0.15105779189909693,1.1437501490243154,-0.6725966413608725,-0.6506586471853965,-0.62655831935096,0.5849202654881185,-0.13150426615085783,-1.3767310278071516,-0.8928692886374687,0.1243047844348151,-1.1560502871081872,0.12440297813371143,140000.0
ID_2134,-0.8221346675471279,0.6222147155635368,-0.3810087211999231,-1.2697412108678772,-0.15105779189909693,-1.6291593628116114,-0.9354688951975273,-0.9122171603862802,-0.62655831935096,0.5849202654881185,-0.3199421691922022,0.060974101464652264,-0.31596357808214603,0.9862756723640083,0.9341121068921712,0.9879879449375306,140000.0
ID_2135,0.4740122662609459,-1.2105851160545795,0.2782647963819663,1.3847437555789985,-0.15105779189909693,0.21944697841233984,1.4303813893323656,1.4418094584216736,1.443526517765285,0.5849202654881185,0.810685249055864,0.060974101464652264,1.414753553583822,-1.3123133621138403,-0.020889627666346104,-1.3088148137461597,130000.0
ID_2136,-0.23054519847239607,0.6222147155635368,-0.3810087211999231,-0.6061199692561582,-0.15105779189909693,-0.7048561921996358,-0.6725966413608725,-0.6506586471853965,-0.62655831935096,-1.5114339660212976,-1.130225152269983,-1.3767310278071516,-0.8928692886374687,-1.024989732804109,0.19912746643895535,-1.0303474457079222,43600.0
ID_2137,-0.5812791023102916,-1.2105851160545795,-0.3810087211999231,-1.2697412108678772,-0.15105779189909693,1.1437501490243154,-0.9354688951975273,-0.9122171603862802,-0.9222847246532806,0.5849202654881185,-0.3199421691922022,0.060974101464652264,-0.8928692886374687,-0.7376661034943781,0.3617487968646123,-0.7347290389078126,74000.0
ID_2138,-0.8198380775417828,-1.2105851160545795,-0.3810087211999231,-0.6061199692561582,-0.15105779189909693,2.068053319636291,-0.14685213368756297,-0.6506586471853965,-0.9222847246532806,2.6812744969975344,0.6222473460145197,0.060974101464652264,-0.31596357808214603,1.5609229309834705,-0.2393123950027652,1.560608555660542,200000.0
ID_2139,2.6266220497602295,-1.2105851160545795,0.2782647963819663,1.3847437555789985,-0.15105779189909693,0.21944697841233984,1.4303813893323656,1.4418094584216736,1.443526517765285,-1.5114339660212976,-0.5083800722335465,0.060974101464652264,1.414753553583822,0.4116284137445462,-1.5466603454835397,0.40841498684370997,90000.0
ID_2140,-0.6543238822644718,0.6222147155635368,-0.3810087211999231,-0.2743093484502987,-0.15105779189909693,1.1437501490243154,-0.6725966413608725,-0.6506586471853965,-0.9222847246532806,0.5849202654881185,0.056933636890486534,0.060974101464652264,-0.31596357808214603,-1.5996369914235713,0.3856636983977981,-1.6014167061911664,260000.0
ID_2141,-0.8175414875364376,-1.2105851160545795,0.2782647963819663,1.3847437555789985,-0.15105779189909693,-1.6291593628116114,1.4303813893323656,1.4418094584216736,1.443526517765285,0.5849202654881185,0.24537153993183092,0.060974101464652264,1.414753553583822,0.6989520430542773,-0.2903308516068944,0.7030278888587853,130000.0
ID_2142,0.4740122662609459,-1.2105851160545795,-0.3810087211999231,-0.6061199692561582,-0.15105779189909693,0.21944697841233984,-0.6725966413608725,-0.3891001339845127,-0.9222847246532806,0.5849202654881185,0.6222473460145197,0.060974101464652264,-0.31596357808214603,-1.3123133621138403,-0.020889627666346104,-1.3116302271442561,140000.0
ID_2143,-0.7472393978044682,-1.2105851160545795,0.2782647963819663,1.3847437555789985,-0.15105779189909693,-0.7048561921996358,1.4303813893323656,1.4418094584216736,1.443526517765285,0.5849202654881185,-0.3199421691922022,0.060974101464652264,1.414753553583822,-1.5996369914235713,0.3856636983977981,-1.595728421978686,110000.0
ID_2144,0.6223158050233801,0.6222147155635368,0.2782647963819663,1.3847437555789985,-0.15105779189909693,0.21944697841233984,1.4303813893323656,1.4418094584216736,1.443526517765285,0.5849202654881185,1.375998958179897,0.060974101464652264,1.414753553583822,-1.5996369914235713,0.3856636983977981,-1.594119614322631,140000.0
ID_2145,0.7456432390514247,0.6222147155635368,-0.3810087211999231,-0.6061199692561582,-0.15105779189909693,0.21944697841233984,-0.6725966413608725,-0.6506586471853965,-0.9222847246532806,0.5849202654881185,0.24537153993183092,0.060974101464652264,-0.8928692886374687,1.2735993016737392,0.22623102150989877,1.2753037550840707,130000.0
ID_2146,-0.8905146711595159,0.6222147155635368,-0.3810087211999231,-1.2697412108678772,-0.15105779189909693,-1.6291593628116114,-0.9354688951975273,-0.9122171603862802,-0.9222847246532806,0.5849202654881185,-0.3199421691922022,0.060974101464652264,-0.8928692886374687,1.5609229309834705,-0.2393123950027652,1.5642858303029534,170000.0
ID_2147,-1.095208581779814,2.455014547181653,4.893179419455191,1.3847437555789985,5.033906973624536,2.068053319636291,1.4303813893323656,1.4418094584216736,1.443526517765285,-1.5114339660212976,-2.752675497455958,4.374089489280064,1.414753553583822,1.5609229309834705,0.48929493837493176,1.5583964451334664,9.0
ID_2148,-0.7479939129860804,0.6222147155635368,-0.3810087211999231,-0.6061199692561582,-0.15105779189909693,-0.7048561921996358,-0.6725966413608725,-0.6506586471853965,-0.62655831935096,0.5849202654881185,-0.696817975274891,0.060974101464652264,-0.8928692886374687,-0.450342474184647,-0.47686708356573715,-0.45057338665709484,94000.0
ID_2149,-0.6543238822644718,2.455014547181653,4.893179419455191,1.3847437555789985,5.033906973624536,2.068053319636291,1.4303813893323656,1.4418094584216736,1.443526517765285,0.5849202654881185,-2.752675497455958,4.374089489280064,1.414753553583822,-1.5996369914235713,0.3856636983977981,-1.5938323272411927,9.0
ID_2150,-0.7347210546818074,0.6222147155635368,-0.3810087211999231,-1.2697412108678772,-0.15105779189909693,-0.7048561921996358,-0.9354688951975273,-0.9122171603862802,-0.62655831935096,0.5849202654881185,0.056933636890486534,0.060974101464652264,-0.31596357808214603,-1.3123133621138403,-0.020889627666346104,-1.3092744730764612,110000.0
ID_2151,-0.5804089315168994,0.6222147155635368,-0.3810087211999231,-0.6061199692561582,-0.15105779189909693,1.1437501490243154,-0.6725966413608725,-0.6506586471853965,-0.62655831935096,0.5849202654881185,-0.3199421691922022,0.060974101464652264,-0.8928692886374687,-1.024989732804109,-0.06871943073271414,-1.0242282308732844,74000.0
ID_2152,-0.8376104898853053,-1.2105851160545795,0.2782647963819663,1.3847437555789985,-0.15105779189909693,-0.7048561921996358,1.4303813893323656,1.4418094584216736,1.443526517765285,0.5849202654881185,-0.5083800722335465,-1.3767310278071516,1.414753553583822,1.5609229309834705,-0.2393123950027652,1.5667277704951799,120000.0
ID_2153,-0.6302675150142374,-1.2105851160545795,-0.3810087211999231,0.05750127235556074,-0.15105779189909693,1.1437501490243154,-0.14685213368756297,-0.6506586471853965,-0.62655831935096,0.5849202654881185,0.056933636890486534,0.060974101464652264,-0.8928692886374687,0.6989520430542773,-0.2903308516068944,0.6963915572775584,120000.0
ID_2154,2.3949142926741804,0.6222147155635368,-0.3810087211999231,-0.6061199692561582,-0.15105779189909693,0.21944697841233984,-0.6725966413608725,-0.6506586471853965,-0.62655831935096,-1.5114339660212976,-0.9606310395327731,-1.3767310278071516,-0.31596357808214603,-1.5996369914235713,-1.1464843264949127,-1.604002289924112,60000.0
ID_2155,0.833563533644543,-1.2105851160545795,0.2782647963819663,1.3847437555789985,-0.15105779189909693,0.21944697841233984,1.4303813893323656,1.4418094584216736,1.443526517765285,0.5849202654881185,1.5644368612212416,0.060974101464652264,1.414753553583822,-0.7376661034943781,0.3617487968646123,-0.733579890582059,180000.0
ID_2156,0.5676382377018765,0.6222147155635368,-0.3810087211999231,-0.6061199692561582,-0.15105779189909693,0.21944697841233984,-0.6725966413608725,-0.6506586471853965,-0.9222847246532806,0.5849202654881185,1.1875610551385527,0.060974101464652264,-0.8928692886374687,1.5609229309834705,-0.2393123950027652,1.5621024484840216,210000.0
ID_2157,0.5676382377018765,0.6222147155635368,-0.3810087211999231,-0.6061199692561582,-0.15105779189909693,0.21944697841233984,-0.6725966413608725,-0.3891001339845127,-0.62655831935096,0.5849202654881185,0.24537153993183092,0.060974101464652264,-0.31596357808214603,1.5609229309834705,-0.2393123950027652,1.5633665116423505,130000.0
ID_2158,-0.7702713867789371,0.6222147155635368,-0.3810087211999231,-0.9379305900620176,-0.15105779189909693,-1.6291593628116114,-0.9354688951975273,-0.9122171603862802,-0.9222847246532806,0.5849202654881185,0.43380944297317525,0.060974101464652264,-0.8928692886374687,-1.024989732804109,-0.06871943073271414,-1.0221310351787842,130000.0
ID_2159,2.075313778045436,-1.2105851160545795,0.2782647963819663,1.3847437555789985,-0.15105779189909693,0.21944697841233984,1.4303813893323656,1.4418094584216736,1.443526517765285,-1.5114339660212976,-0.3199421691922022,0.060974101464652264,1.414753553583822,0.1243047844348151,5.06660709182652,0.12072570349129996,67000.0
ID_2160,0.751150649136185,-1.2105851160545795,0.2782647963819663,1.3847437555789985,-0.15105779189909693,0.21944697841233984,1.4303813893323656,1.4418094584216736,1.443526517765285,0.5849202654881185,1.752874764262586,0.060974101464652264,1.414753553583822,0.6989520430542773,-0.2903308516068944,0.7035450056053745,210000.0
ID_2161,-0.012275521993163018,-1.2105851160545795,-0.3810087211999231,-0.6061199692561582,-0.8917670441167587,1.1437501490243154,-0.6725966413608725,-0.6506586471853965,-0.62655831935096,-1.5114339660212976,-0.696817975274891,0.060974101464652264,-0.8928692886374687,-0.7376661034943781,-1.0014005905269243,-0.7432901939346768,9.0
ID_2162,0.801703166304203,0.6222147155635368,-0.3810087211999231,-1.2697412108678772,-0.15105779189909693,0.21944697841233984,-0.9354688951975273,-0.9122171603862802,-0.62655831935096,0.5849202654881185,0.6222473460145197,0.060974101464652264,-0.8928692886374687,0.9862756723640083,0.9341121068921712,0.989165821971428,160000.0
ID_2163,-0.7036812914440965,0.6222147155635368,-0.3810087211999231,-0.6061199692561582,-0.15105779189909693,-0.7048561921996358,-0.6725966413608725,-0.6506586471853965,-0.62655831935096,0.5849202654881185,0.24537153993183092,0.060974101464652264,-0.8928692886374687,0.4116284137445462,0.5291531075969093,0.4110867567010871,130000.0
ID_2164,-0.7104388836180978,-1.2105851160545795,0.2782647963819663,1.3847437555789985,-0.15105779189909693,-0.7048561921996358,1.4303813893323656,1.4418094584216736,1.443526517765285,0.5849202654881185,1.9413126673039303,0.060974101464652264,1.414753553583822,-0.16301884487491597,-0.08306837165262702,-0.15756929229807448,170000.0
ID_2165,-0.7389782826773273,-1.2105851160545795,-0.3810087211999231,-1.2697412108678772,-0.15105779189909693,-0.7048561921996358,-0.9354688951975273,-0.9122171603862802,-0.3308319140486392,0.5849202654881185,0.6222473460145197,0.060974101464652264,-0.8928692886374687,-0.7376661034943781,0.3617487968646123,-0.7351025121136825,110000.0
ID_2166,-0.7889194773259367,0.6222147155635368,-0.3810087211999231,-0.6061199692561582,-0.15105779189909693,2.068053319636291,-0.14685213368756297,-0.6506586471853965,-0.9222847246532806,2.6812744969975344,2.1297505703452746,0.060974101464652264,-0.31596357808214603,-0.450342474184647,-0.47686708356573715,-0.45249821010273206,280000.0
ID_2167,0.5676382377018765,0.6222147155635368,-0.3810087211999231,-0.2743093484502987,-0.8917670441167587,0.21944697841233984,-0.6725966413608725,-0.6506586471853965,-0.62655831935096,0.5849202654881185,0.43380944297317525,0.060974101464652264,-0.31596357808214603,1.5609229309834705,-0.2393123950027652,1.5631941393934876,9.0
ID_2168,0.801703166304203,-1.2105851160545795,0.2782647963819663,1.3847437555789985,-0.15105779189909693,0.21944697841233984,1.4303813893323656,1.4418094584216736,1.443526517765285,0.5849202654881185,1.375998958179897,0.060974101464652264,1.414753553583822,0.9862756723640083,0.9341121068921712,0.9902000554646062,170000.0
ID_2169,-0.7479939129860804,0.6222147155635368,-0.3810087211999231,-0.6061199692561582,-0.15105779189909693,-0.7048561921996358,-0.6725966413608725,-0.3891001339845127,-0.62655831935096,0.5849202654881185,0.056933636890486534,0.060974101464652264,-0.8928692886374687,-0.450342474184647,-0.47686708356573715,-0.45109050340368395,180000.0
ID_2170,0.6223158050233801,-1.2105851160545795,0.2782647963819663,1.3847437555789985,-0.15105779189909693,0.21944697841233984,1.4303813893323656,1.4418094584216736,1.443526517765285,0.5849202654881185,0.810685249055864,0.060974101464652264,1.414753553583822,-1.5996369914235713,0.3856636983977981,-1.5956135071461108,180000.0
ID_2171,0.6223158050233801,0.6222147155635368,-0.3810087211999231,-0.6061199692561582,-0.15105779189909693,0.21944697841233984,-0.6725966413608725,-0.6506586471853965,-0.9222847246532806,0.5849202654881185,1.752874764262586,0.060974101464652264,-0.8928692886374687,-1.5996369914235713,0.3856636983977981,-1.599147138247803,160000.0
ID_2172,-0.5812791023102916,0.6222147155635368,-0.3810087211999231,-0.6061199692561582,-0.15105779189909693,1.1437501490243154,-0.6725966413608725,-0.6506586471853965,-0.62655831935096,0.5849202654881185,-0.3199421691922022,0.060974101464652264,-0.31596357808214603,-0.7376661034943781,0.3617487968646123,-0.7399002063737037,100000.0
ID_2173,-0.34419611298151626,0.6222147155635368,-0.3810087211999231,-0.6061199692561582,-0.15105779189909693,-0.7048561921996358,-0.6725966413608725,-0.6506586471853965,-0.62655831935096,-1.5114339660212976,-0.696817975274891,0.060974101464652264,-0.8928692886374687,-1.5996369914235713,-1.1464843264949127,-1.6050077947091463,64000.0
ID_2174,-0.5812791023102916,0.6222147155635368,-0.3810087211999231,-0.9379305900620176,-0.15105779189909693,1.1437501490243154,-0.9354688951975273,-0.9122171603862802,-0.3308319140486392,0.5849202654881185,0.056933636890486534,0.060974101464652264,-0.31596357808214603,-0.7376661034943781,0.3617487968646123,-0.7347577676159563,110000.0
ID_2175,-0.6302675150142374,2.455014547181653,4.893179419455191,1.3847437555789985,5.033906973624536,2.068053319636291,1.4303813893323656,1.4418094584216736,1.443526517765285,0.5849202654881185,-2.752675497455958,4.374089489280064,1.414753553583822,0.6989520430542773,-0.2903308516068944,0.7044643242659773,9.0
ID_2176,-0.7252097574654258,0.6222147155635368,-0.3810087211999231,-0.6061199692561582,-0.15105779189909693,-0.7048561921996358,-0.6725966413608725,-0.6506586471853965,-0.62655831935096,0.5849202654881185,0.24537153993183092,0.060974101464652264,-0.8928692886374687,0.9862756723640083,0.9341121068921712,0.985747105702311,140000.0
ID_2177,-0.7252097574654258,0.6222147155635368,-0.3810087211999231,-0.6061199692561582,-0.15105779189909693,-0.7048561921996358,-0.6725966413608725,-0.6506586471853965,-0.62655831935096,0.5849202654881185,0.24537153993183092,0.060974101464652264,-0.31596357808214603,0.9862756723640083,0.9341121068921712,0.9864078659896194,160000.0
ID_2178,0.7381696835664046,0.6222147155635368,-0.3810087211999231,-0.2743093484502987,-0.15105779189909693,0.21944697841233984,-0.6725966413608725,-0.6506586471853965,-0.62655831935096,0.5849202654881185,1.375998958179897,0.060974101464652264,-0.31596357808214603,0.4116284137445462,0.5291531075969093,0.4105409112463541,180000.0
ID_2179,-0.25707990026077276,-1.2105851160545795,-0.3810087211999231,-0.6061199692561582,-0.15105779189909693,-0.7048561921996358,-0.6725966413608725,-0.6506586471853965,-0.62655831935096,-1.5114339660212976,-0.696817975274891,0.060974101464652264,-0.8928692886374687,0.4116284137445462,-1.5466603454835397,0.40651889210621656,67000.0
ID_2180,-0.8083661423352263,0.6222147155635368,-0.3810087211999231,-1.2697412108678772,-0.15105779189909693,-1.6291593628116114,-0.9354688951975273,-0.9122171603862802,-0.62655831935096,0.5849202654881185,0.056933636890486534,0.060974101464652264,-0.31596357808214603,0.4116284137445462,0.5291531075969093,0.4137297978503203,110000.0
ID_2181,-0.5951963275944817,-1.2105851160545795,0.2782647963819663,1.3847437555789985,-0.15105779189909693,1.1437501490243154,1.4303813893323656,1.4418094584216736,1.443526517765285,0.5849202654881185,0.24537153993183092,0.060974101464652264,1.414753553583822,0.9862756723640083,0.9341121068921712,0.99060225737862,190000.0
ID_2182,0.832186681123353,0.6222147155635368,-0.3810087211999231,-1.2697412108678772,-0.15105779189909693,0.21944697841233984,-0.9354688951975273,-0.9122171603862802,-0.62655831935096,0.5849202654881185,1.1875610551385527,0.060974101464652264,-0.31596357808214603,-0.16301884487491597,-0.08306837165262702,-0.1604134344043146,150000.0
ID_2183,0.4625183014140505,0.6222147155635368,-0.3810087211999231,-0.2743093484502987,-0.15105779189909693,0.21944697841233984,-0.6725966413608725,-0.6506586471853965,-0.3308319140486392,0.5849202654881185,0.24537153993183092,0.060974101464652264,-0.31596357808214603,0.1243047844348151,-1.1560502871081872,0.12239196856364266,130000.0
ID_2184,-0.46644409463294784,0.6222147155635368,-0.3810087211999231,-1.2697412108678772,-0.8917670441167587,-1.6291593628116114,-0.9354688951975273,-0.9122171603862802,-0.9222847246532806,-1.5114339660212976,-1.0360062007493107,0.060974101464652264,-0.8928692886374687,0.4116284137445462,-1.5466603454835397,0.4079265988052647,9.0
ID_2185,2.3949142926741804,-1.2105851160545795,0.2782647963819663,1.3847437555789985,-0.15105779189909693,0.21944697841233984,1.4303813893323656,1.4418094584216736,1.443526517765285,-1.5114339660212976,-1.1867565231823862,-1.3767310278071516,1.414753553583822,-1.5996369914235713,-1.1464843264949127,-1.6024222109762007,69000.0
ID_2186,-0.6302675150142374,-1.2105851160545795,0.2782647963819663,1.3847437555789985,-0.15105779189909693,1.1437501490243154,1.4303813893323656,1.4418094584216736,1.443526517765285,0.5849202654881185,0.056933636890486534,-1.3767310278071516,1.414753553583822,0.6989520430542773,-0.2903308516068944,0.7018500118248879,110000.0
ID_2187,-0.7389782826773273,-1.2105851160545795,-0.3810087211999231,-0.6061199692561582,-0.15105779189909693,1.1437501490243154,-0.6725966413608725,-0.6506586471853965,-0.62655831935096,0.5849202654881185,0.056933636890486534,0.060974101464652264,-0.8928692886374687,-0.7376661034943781,0.3617487968646123,-0.7365389475208745,150000.0
ID_2188,-0.7472393978044682,0.6222147155635368,-0.3810087211999231,-0.6061199692561582,-0.15105779189909693,-0.7048561921996358,-0.6725966413608725,-0.6506586471853965,-0.62655831935096,0.5849202654881185,1.9413126673039303,0.060974101464652264,-0.8928692886374687,-1.5996369914235713,0.3856636983977981,-1.600411201406132,130000.0
ID_2189,2.3949142926741804,-1.2105851160545795,0.2782647963819663,1.3847437555789985,-0.15105779189909693,0.21944697841233984,1.4303813893323656,1.4418094584216736,1.443526517765285,-1.5114339660212976,-0.13150426615085783,0.060974101464652264,1.414753553583822,-1.5996369914235713,-1.1464843264949127,-1.6022498387273376,58000.0
ID_2190,2.6415691607302696,0.6222147155635368,-0.3810087211999231,-1.2697412108678772,-0.15105779189909693,0.21944697841233984,-0.9354688951975273,-0.9122171603862802,-0.62655831935096,-1.5114339660212976,-0.5083800722335465,0.060974101464652264,-0.8928692886374687,1.2735993016737392,-0.7128274453598268,1.2699314866611726,87000.0
ID_2191,-0.7094420423927561,-1.2105851160545795,0.2782647963819663,1.3847437555789985,-0.15105779189909693,-0.7048561921996358,1.4303813893323656,1.4418094584216736,1.443526517765285,0.5849202654881185,-0.5083800722335465,0.060974101464652264,1.414753553583822,0.6989520430542773,-0.2903308516068944,0.7024245859877647,100000.0
ID_2192,0.5676382377018765,-1.2105851160545795,0.2782647963819663,1.3847437555789985,-0.15105779189909693,0.21944697841233984,1.4303813893323656,1.4418094584216736,1.443526517765285,0.5849202654881185,-0.3199421691922022,0.060974101464652264,1.414753553583822,1.5609229309834705,-0.2393123950027652,1.5675034456150634,66000.0
ID_2193,-0.7422331620374208,0.6222147155635368,-0.3810087211999231,-0.6061199692561582,-0.8917670441167587,-0.7048561921996358,-0.6725966413608725,-0.6506586471853965,-0.62655831935096,0.5849202654881185,0.24537153993183092,0.060974101464652264,-0.8928692886374687,1.2735993016737392,0.22623102150989877,1.2727469000592688,9.0
ID_2194,-0.5951963275944817,0.6222147155635368,0.2782647963819663,1.3847437555789985,-0.15105779189909693,1.1437501490243154,1.4303813893323656,1.4418094584216736,1.443526517765285,0.5849202654881185,0.9991231520972084,0.060974101464652264,1.414753553583822,0.9862756723640083,0.9341121068921712,0.9892520080958596,180000.0
ID_2195,2.753683507825741,-1.2105851160545795,0.2782647963819663,1.3847437555789985,-0.15105779189909693,0.21944697841233984,1.4303813893323656,1.4418094584216736,1.443526517765285,-1.5114339660212976,-0.696817975274891,0.060974101464652264,1.414753553583822,0.9862756723640083,-2.2290322025637495,0.9836211812996669,80000.0
ID_2196,0.801703166304203,-1.2105851160545795,0.2782647963819663,1.3847437555789985,-0.15105779189909693,0.21944697841233984,1.4303813893323656,1.4418094584216736,1.443526517765285,0.5849202654881185,0.24537153993183092,0.060974101464652264,1.414753553583822,0.9862756723640083,0.9341121068921712,0.9914641186229352,140000.0
ID_2197,0.801703166304203,-1.2105851160545795,0.2782647963819663,1.3847437555789985,-0.15105779189909693,0.21944697841233984,1.4303813893323656,1.4418094584216736,1.443526517765285,0.5849202654881185,1.752874764262586,0.060974101464652264,1.414753553583822,0.9862756723640083,0.9341121068921712,0.9894531090528664,180000.0
ID_2198,-0.5646632460845687,0.6222147155635368,-0.3810087211999231,-0.6061199692561582,-0.15105779189909693,-1.6291593628116114,-0.6725966413608725,-0.6506586471853965,-0.9222847246532806,-1.5114339660212976,-0.5083800722335465,0.060974101464652264,-0.8928692886374687,-1.5996369914235713,-1.1464843264949127,-1.6036000880100982,83000.0
ID_2199,-0.32767388272723436,0.6222147155635368,-0.3810087211999231,-0.6061199692561582,-0.15105779189909693,-0.7048561921996358,-0.6725966413608725,-0.6506586471853965,-0.62655831935096,-1.5114339660212976,-0.5083800722335465,0.060974101464652264,-0.8928692886374687,-0.7376661034943781,-1.0014005905269243,-0.7428018058962315,55000.0
ID_2200,-0.5249438045532752,-1.2105851160545795,0.2782647963819663,1.3847437555789985,-0.8917670441167587,-0.7048561921996358,1.4303813893323656,1.4418094584216736,1.443526517765285,-1.5114339660212976,-0.5083800722335465,0.060974101464652264,1.414753553583822,1.5609229309834705,0.48929493837493176,1.5575345838891512,9.0
ID_2201,-0.5804089315168994,0.6222147155635368,-0.3810087211999231,-0.6061199692561582,-0.15105779189909693,1.1437501490243154,-0.6725966413608725,-0.6506586471853965,-0.3308319140486392,0.5849202654881185,0.43380944297317525,0.060974101464652264,-0.8928692886374687,-1.024989732804109,-0.06871943073271414,-1.0241995021651407,120000.0
ID_2202,-0.3341836414474214,-1.2105851160545795,-0.3810087211999231,-1.2697412108678772,-0.8917670441167587,-0.7048561921996358,-0.9354688951975273,-0.9122171603862802,-0.9222847246532806,-1.5114339660212976,-1.5071009583526718,-1.3767310278071516,-0.8928692886374687,1.2735993016737392,-0.7128274453598268,1.269672928287878,9.0
ID_2203,-0.6662088732273852,-1.2105851160545795,0.2782647963819663,1.3847437555789985,-0.15105779189909693,1.1437501490243154,1.4303813893323656,1.4418094584216736,1.443526517765285,0.5849202654881185,1.752874764262586,0.060974101464652264,1.414753553583822,0.1243047844348151,-1.1560502871081872,0.12782169440282834,180000.0
ID_2204,2.8146615522842113,-1.2105851160545795,0.2782647963819663,1.3847437555789985,-0.15105779189909693,0.21944697841233984,1.4303813893323656,1.4418094584216736,1.443526517765285,-1.5114339660212976,-1.0736937813575798,-1.3767310278071516,1.414753553583822,-0.16301884487491597,0.46538003684174956,-0.1662166334493702,62000.0
ID_2205,-0.8161646350152474,0.6222147155635368,-0.3810087211999231,-1.2697412108678772,-0.15105779189909693,-1.6291593628116114,-0.9354688951975273,-0.9122171603862802,-0.62655831935096,0.5849202654881185,0.056933636890486534,0.060974101464652264,-0.31596357808214603,-0.7376661034943781,0.3617487968646123,-0.734642852783381,95000.0
ID_2206,-0.8175414875364376,0.6222147155635368,-0.3810087211999231,-1.2697412108678772,-0.15105779189909693,-1.6291593628116114,-0.9354688951975273,-0.9122171603862802,-0.9222847246532806,0.5849202654881185,0.6222473460145197,0.060974101464652264,-0.8928692886374687,0.6989520430542773,-0.2903308516068944,0.7010456079968604,150000.0
ID_2207,-0.8574702106509521,0.6222147155635368,-0.3810087211999231,-0.6061199692561582,-0.15105779189909693,-1.6291593628116114,-0.6725966413608725,-0.6506586471853965,-0.62655831935096,0.5849202654881185,0.056933636890486534,0.060974101464652264,-0.8928692886374687,-1.5996369914235713,0.3856636983977981,-1.6009283181527212,130000.0
ID_2208,0.832186681123353,-1.2105851160545795,-0.3810087211999231,-0.6061199692561582,-0.15105779189909693,0.21944697841233984,-0.6725966413608725,-0.6506586471853965,-0.9222847246532806,0.5849202654881185,1.1875610551385527,0.060974101464652264,-0.31596357808214603,-0.16301884487491597,-0.08306837165262702,-0.16253935880695874,160000.0
ID_2209,-0.31916493414627917,0.6222147155635368,-0.3810087211999231,-1.2697412108678772,-0.15105779189909693,-0.7048561921996358,-0.9354688951975273,-0.9122171603862802,-0.9222847246532806,-1.5114339660212976,-0.5083800722335465,0.060974101464652264,-0.8928692886374687,-1.3123133621138403,-0.10220029287917282,-1.3158533472414005,54000.0
ID_2210,-0.3341836414474214,0.6222147155635368,0.2782647963819663,1.3847437555789985,-0.15105779189909693,-0.7048561921996358,1.4303813893323656,1.4418094584216736,1.443526517765285,-1.5114339660212976,-0.5083800722335465,0.060974101464652264,1.414753553583822,1.2735993016737392,-0.7128274453598268,1.2709944488624947,92000.0
ID_2211,0.7456432390514247,0.6222147155635368,-0.3810087211999231,-0.6061199692561582,-0.15105779189909693,0.21944697841233984,-0.6725966413608725,-0.3891001339845127,-0.62655831935096,0.5849202654881185,-0.3199421691922022,0.060974101464652264,-0.31596357808214603,1.2735993016737392,0.22623102150989877,1.2730341871407074,66000.0
ID_2212,-0.6302675150142374,-1.2105851160545795,0.2782647963819663,1.3847437555789985,-0.15105779189909693,1.1437501490243154,1.4303813893323656,1.4418094584216736,1.443526517765285,0.5849202654881185,-0.9606310395327731,-1.3767310278071516,1.414753553583822,0.6989520430542773,-0.2903308516068944,0.7026831443610593,130000.0
ID_2213,0.801703166304203,-1.2105851160545795,0.2782647963819663,1.3847437555789985,-0.15105779189909693,0.21944697841233984,1.4303813893323656,1.4418094584216736,1.443526517765285,0.5849202654881185,0.810685249055864,0.060974101464652264,1.414753553583822,0.9862756723640083,0.9341121068921712,0.9916077621636543,210000.0
ID_2214,0.751150649136185,-1.2105851160545795,0.2782647963819663,1.3847437555789985,-0.15105779189909693,0.21944697841233984,1.4303813893323656,1.4418094584216736,1.443526517765285,0.5849202654881185,1.752874764262586,0.060974101464652264,1.414753553583822,0.6989520430542773,-0.2903308516068944,0.7022234850307578,180000.0
ID_2215,-0.2685958947480072,0.6222147155635368,-0.3810087211999231,-1.2697412108678772,-0.15105779189909693,-0.7048561921996358,-0.9354688951975273,-0.9122171603862802,-0.62655831935096,-1.5114339660212976,-0.696817975274891,0.060974101464652264,-0.8928692886374687,0.6989520430542773,0.5769829106632773,0.6951274941192295,80000.0
ID_2216,-0.8253454876265434,0.6222147155635368,-0.3810087211999231,-0.6061199692561582,-0.15105779189909693,-1.6291593628116114,-0.14685213368756297,-0.3891001339845127,-0.62655831935096,0.5849202654881185,0.43380944297317525,0.060974101464652264,-0.31596357808214603,-0.450342474184647,-0.47686708356573715,-0.452153465605006,120000.0
ID_2217,-0.6302675150142374,0.6222147155635368,-0.3810087211999231,-0.9379305900620176,-0.15105779189909693,1.1437501490243154,-0.9354688951975273,-0.9122171603862802,-0.3308319140486392,0.5849202654881185,-0.9606310395327731,-1.3767310278071516,-0.8928692886374687,0.6989520430542773,-0.2903308516068944,0.7015339960353056,98000.0
ID_2218,-0.8376104898853053,0.6222147155635368,-0.3810087211999231,-0.6061199692561582,-0.15105779189909693,-0.7048561921996358,-0.6725966413608725,-0.6506586471853965,-0.62655831935096,0.5849202654881185,0.24537153993183092,-1.3767310278071516,-0.8928692886374687,1.5609229309834705,-0.2393123950027652,1.562217363316597,130000.0
ID_2219,-0.8478322430026209,-1.2105851160545795,0.2782647963819663,1.3847437555789985,-0.15105779189909693,-1.6291593628116114,1.4303813893323656,1.4418094584216736,1.443526517765285,0.5849202654881185,0.056933636890486534,0.060974101464652264,1.414753553583822,-1.3123133621138403,-0.020889627666346104,-1.3081253247507076,67000.0
ID_2220,-0.8175414875364376,-1.2105851160545795,0.2782647963819663,1.3847437555789985,-0.15105779189909693,-1.6291593628116114,1.4303813893323656,1.4418094584216736,1.443526517765285,0.5849202654881185,0.24537153993183092,0.060974101464652264,1.414753553583822,0.6989520430542773,-0.2903308516068944,0.7038610213949567,130000.0
ID_2221,0.631562746555693,0.6222147155635368,-0.3810087211999231,-0.6061199692561582,-0.15105779189909693,0.21944697841233984,-0.6725966413608725,-0.6506586471853965,-0.9222847246532806,0.5849202654881185,-0.3199421691922022,0.060974101464652264,-0.8928692886374687,-0.450342474184647,-0.47686708356573715,-0.4514927053176977,110000.0
ID_2222,-0.6012820157381421,-1.2105851160545795,-0.3810087211999231,-0.2743093484502987,-0.15105779189909693,1.1437501490243154,-0.14685213368756297,-0.6506586471853965,-0.62655831935096,0.5849202654881185,-0.696817975274891,-1.3767310278071516,-0.8928692886374687,1.2735993016737392,0.22623102150989877,1.272028682355673,150000.0
ID_2223,-0.6302675150142374,0.6222147155635368,-0.3810087211999231,-0.6061199692561582,-0.15105779189909693,1.1437501490243154,-0.6725966413608725,-0.6506586471853965,-0.9222847246532806,0.5849202654881185,0.9991231520972084,0.060974101464652264,-0.8928692886374687,0.6989520430542773,-0.2903308516068944,0.6970810462730105,160000.0
ID_2224,-0.8376104898853053,0.6222147155635368,-0.3810087211999231,-0.6061199692561582,-0.15105779189909693,-0.7048561921996358,-0.6725966413608725,-0.6506586471853965,-0.62655831935096,0.5849202654881185,0.6222473460145197,0.060974101464652264,-0.8928692886374687,1.5609229309834705,-0.2393123950027652,1.5619300762351587,150000.0
ID_2225,2.098301707739227,0.6222147155635368,-0.3810087211999231,-0.2743093484502987,-0.15105779189909693,0.21944697841233984,-0.6725966413608725,-0.3891001339845127,-0.62655831935096,-1.5114339660212976,-1.1867565231823862,-1.3767310278071516,-0.8928692886374687,-1.3123133621138403,-0.10220029287917282,-1.3180367290603323,41700.0
ID_2226,-0.6609933558771169,0.6222147155635368,0.2782647963819663,1.3847437555789985,-0.15105779189909693,1.1437501490243154,1.4303813893323656,1.4418094584216736,1.443526517765285,0.5849202654881185,-0.3199421691922022,0.060974101464652264,1.414753553583822,-1.3123133621138403,-0.020889627666346104,-1.3079242237937008,100000.0
ID_2227,-0.8015644908805469,0.6222147155635368,-0.3810087211999231,-1.2697412108678772,-0.15105779189909693,-0.7048561921996358,-0.9354688951975273,-0.9122171603862802,-0.9222847246532806,0.5849202654881185,0.056933636890486534,0.060974101464652264,-0.8928692886374687,0.1243047844348151,-1.1560502871081872,0.1264139877037802,120000.0
ID_2228,0.4625183014140505,-1.2105851160545795,-0.3810087211999231,-0.6061199692561582,-0.8917670441167587,0.21944697841233984,-0.6725966413608725,-0.6506586471853965,-0.62655831935096,0.5849202654881185,0.24537153993183092,0.060974101464652264,-0.31596357808214603,0.1243047844348151,-1.1560502871081872,0.12523611066988277,9.0
ID_2229,0.5676382377018765,-1.2105851160545795,0.2782647963819663,1.3847437555789985,-0.15105779189909693,0.21944697841233984,1.4303813893323656,1.4418094584216736,1.443526517765285,0.5849202654881185,0.6222473460145197,0.060974101464652264,1.414753553583822,1.5609229309834705,-0.2393123950027652,1.565463707336851,150000.0
ID_2230,2.3949142926741804,-1.2105851160545795,0.2782647963819663,1.3847437555789985,-0.15105779189909693,0.21944697841233984,1.4303813893323656,1.4418094584216736,1.443526517765285,-1.5114339660212976,-0.5083800722335465,0.060974101464652264,1.414753553583822,-1.5996369914235713,-1.1464843264949127,-1.6025371258087762,87000.0
ID_2231,-0.5812791023102916,0.6222147155635368,-0.3810087211999231,-0.6061199692561582,-0.15105779189909693,1.1437501490243154,-0.14685213368756297,-0.6506586471853965,-0.62655831935096,0.5849202654881185,-0.696817975274891,-1.3767310278071516,-0.8928692886374687,-0.7376661034943781,0.3617487968646123,-0.7401300360388544,74000.0
ID_2232,-0.6012820157381421,0.6222147155635368,0.2782647963819663,1.3847437555789985,-0.15105779189909693,1.1437501490243154,1.4303813893323656,1.4418094584216736,1.443526517765285,0.5849202654881185,0.6222473460145197,0.060974101464652264,1.414753553583822,1.2735993016737392,0.22623102150989877,1.2771423924052765,170000.0
ID_2233,0.4625183014140505,-1.2105851160545795,0.2782647963819663,1.3847437555789985,-0.15105779189909693,0.21944697841233984,1.4303813893323656,1.4418094584216736,1.443526517765285,0.5849202654881185,0.810685249055864,0.060974101464652264,1.414753553583822,0.1243047844348151,-1.1560502871081872,0.12871228435528737,120000.0
ID_2234,-0.25707990026077276,0.6222147155635368,-0.3810087211999231,-0.6061199692561582,-0.15105779189909693,-0.7048561921996358,-0.6725966413608725,-0.6506586471853965,-0.9222847246532806,-1.5114339660212976,-1.5071009583526718,-1.3767310278071516,-0.31596357808214603,0.4116284137445462,-1.5466603454835397,0.4062316050247782,43600.0
ID_2235,-0.7472393978044682,-1.2105851160545795,-0.3810087211999231,-0.6061199692561582,-0.15105779189909693,-0.7048561921996358,-0.6725966413608725,-0.6506586471853965,-0.62655831935096,0.5849202654881185,-0.5083800722335465,-1.3767310278071516,-0.8928692886374687,-1.5996369914235713,0.3856636983977981,-1.5999802707839743,140000.0
ID_2236,0.801703166304203,0.6222147155635368,-0.3810087211999231,-0.6061199692561582,-0.15105779189909693,0.21944697841233984,-0.6725966413608725,-0.6506586471853965,-0.62655831935096,0.5849202654881185,-0.3199421691922022,0.060974101464652264,-0.8928692886374687,0.9862756723640083,0.9341121068921712,0.9875857430235168,98000.0
ID_2237,-0.8879812625205259,0.6222147155635368,-0.3810087211999231,-1.2697412108678772,-0.8917670441167587,-1.6291593628116114,-0.9354688951975273,-0.9122171603862802,-0.62655831935096,0.5849202654881185,0.43380944297317525,0.060974101464652264,-0.31596357808214603,0.1243047844348151,-1.1560502871081872,0.1267587322015063,9.0
ID_2238,0.751150649136185,-1.2105851160545795,0.2782647963819663,1.3847437555789985,-0.15105779189909693,0.21944697841233984,1.4303813893323656,1.4418094584216736,1.443526517765285,0.5849202654881185,0.810685249055864,0.060974101464652264,1.414753553583822,0.6989520430542773,-0.2903308516068944,0.7028267879017784,150000.0
ID_2239,-0.27060059201886,0.6222147155635368,-0.3810087211999231,-0.6061199692561582,-0.8917670441167587,-0.7048561921996358,-0.6725966413608725,-0.6506586471853965,-0.62655831935096,-1.5114339660212976,-0.696817975274891,0.060974101464652264,-0.8928692886374687,-0.16301884487491597,0.46538003684174956,-0.16799781335428826,9.0
ID_2240,2.817415257326591,-1.2105851160545795,0.2782647963819663,1.3847437555789985,-0.15105779189909693,0.21944697841233984,1.4303813893323656,1.4418094584216736,1.443526517765285,-1.5114339660212976,-0.5083800722335465,0.060974101464652264,1.414753553583822,-0.7376661034943781,-1.0014005905269243,-0.7405322379528682,74000.0
ID_2241,-0.6543238822644718,-1.2105851160545795,-0.3810087211999231,-0.6061199692561582,-0.15105779189909693,1.1437501490243154,-0.14685213368756297,-0.6506586471853965,-0.9222847246532806,0.5849202654881185,-0.696817975274891,0.060974101464652264,-0.31596357808214603,-1.5996369914235713,0.3856636983977981,-1.6010719616934403,110000.0
ID_2242,-0.34419611298151626,0.6222147155635368,-0.3810087211999231,-0.6061199692561582,-0.15105779189909693,-0.7048561921996358,-0.6725966413608725,-0.6506586471853965,-0.62655831935096,-1.5114339660212976,-0.3199421691922022,0.060974101464652264,-0.8928692886374687,-1.5996369914235713,-1.1464843264949127,-1.6045194066707011,72000.0
ID_2243,2.6415691607302696,0.6222147155635368,-0.3810087211999231,-0.6061199692561582,-0.15105779189909693,0.21944697841233984,-0.6725966413608725,-0.6506586471853965,-0.62655831935096,-1.5114339660212976,-1.5071009583526718,-1.3767310278071516,-0.8928692886374687,1.2735993016737392,-0.7128274453598268,1.2677768335503847,41700.0
ID_2244,-0.5951963275944817,0.6222147155635368,-0.3810087211999231,-0.9379305900620176,-0.15105779189909693,1.1437501490243154,-0.9354688951975273,-0.9122171603862802,-0.9222847246532806,0.5849202654881185,-0.5083800722335465,0.060974101464652264,-0.31596357808214603,0.9862756723640083,0.9341121068921712,0.9877581152723799,74000.0
ID_2245,2.6415691607302696,0.6222147155635368,-0.3810087211999231,-0.6061199692561582,-0.15105779189909693,0.21944697841233984,-0.6725966413608725,-0.6506586471853965,-0.62655831935096,-1.5114339660212976,-0.5083800722335465,0.060974101464652264,-0.8928692886374687,1.2735993016737392,-0.7128274453598268,1.2678055622585285,85000.0
ID_2246,0.4740122662609459,0.6222147155635368,-0.3810087211999231,-1.2697412108678772,-0.8917670441167587,0.21944697841233984,-0.9354688951975273,-0.9122171603862802,-0.9222847246532806,0.5849202654881185,1.375998958179897,0.060974101464652264,-0.8928692886374687,-1.3123133621138403,-0.020889627666346104,-1.3097915898230503,9.0
ID_2247,-0.25707990026077276,-1.2105851160545795,-0.3810087211999231,-0.6061199692561582,-0.15105779189909693,-0.7048561921996358,-0.6725966413608725,-0.6506586471853965,-0.62655831935096,-1.5114339660212976,-0.696817975274891,0.060974101464652264,-0.8928692886374687,0.4116284137445462,-1.5466603454835397,0.4065763495225042,82000.0
ID_2248,0.833563533644543,0.6222147155635368,-0.3810087211999231,-0.6061199692561582,-0.15105779189909693,0.21944697841233984,-0.6725966413608725,-0.6506586471853965,-0.62655831935096,0.5849202654881185,2.1297505703452746,0.060974101464652264,-0.31596357808214603,-0.7376661034943781,0.3617487968646123,-0.7386074145072309,170000.0
ID_2249,-0.8253454876265434,0.6222147155635368,-0.3810087211999231,-0.6061199692561582,-0.15105779189909693,-1.6291593628116114,-0.6725966413608725,-0.6506586471853965,-0.62655831935096,0.5849202654881185,0.24537153993183092,0.060974101464652264,-0.8928692886374687,-0.450342474184647,-0.47686708356573715,-0.4497689828290673,110000.0
ID_2250,-0.6546157749989641,0.6222147155635368,-0.3810087211999231,-0.6061199692561582,-0.15105779189909693,1.1437501490243154,-0.14685213368756297,-0.6506586471853965,-0.62655831935096,0.5849202654881185,1.752874764262586,0.060974101464652264,-0.8928692886374687,1.5609229309834705,-0.2393123950027652,1.5602063537465283,190000.0
ID_2251,-0.3341836414474214,0.6222147155635368,-0.3810087211999231,-0.2743093484502987,-0.8917670441167587,-0.7048561921996358,-0.6725966413608725,-0.6506586471853965,-0.9222847246532806,-1.5114339660212976,-0.5083800722335465,0.060974101464652264,-0.8928692886374687,1.2735993016737392,-0.7128274453598268,1.2679779345073916,9.0
ID_2252,-0.8161646350152474,-1.2105851160545795,0.2782647963819663,1.3847437555789985,-0.15105779189909693,-1.6291593628116114,1.4303813893323656,1.4418094584216736,1.443526517765285,0.5849202654881185,0.24537153993183092,0.060974101464652264,1.414753553583822,-0.7376661034943781,0.3617487968646123,-0.732488199672593,67000.0
ID_2253,-0.7094420423927561,-1.2105851160545795,0.2782647963819663,1.3847437555789985,-0.15105779189909693,-0.7048561921996358,1.4303813893323656,1.4418094584216736,1.443526517765285,0.5849202654881185,-0.3199421691922022,0.060974101464652264,1.414753553583822,0.6989520430542773,-0.2903308516068944,0.7041483084763951,120000.0
ID_2254,0.7456432390514247,-1.2105851160545795,0.2782647963819663,1.3847437555789985,-0.15105779189909693,0.21944697841233984,1.4303813893323656,1.4418094584216736,1.443526517765285,0.5849202654881185,0.43380944297317525,0.060974101464652264,1.414753553583822,1.2735993016737392,0.22623102150989877,1.278636285228756,180000.0
ID_2255,-0.6609933558771169,0.6222147155635368,-0.3810087211999231,-1.2697412108678772,-0.15105779189909693,1.1437501490243154,-0.9354688951975273,-0.9122171603862802,-0.62655831935096,0.5849202654881185,0.43380944297317525,-1.3767310278071516,-0.31596357808214603,-1.3123133621138403,-0.020889627666346104,-1.3095330314497557,91000.0
ID_2256,0.801703166304203,0.6222147155635368,-0.3810087211999231,-0.6061199692561582,-0.15105779189909693,0.21944697841233984,-0.6725966413608725,-0.3891001339845127,-0.62655831935096,0.5849202654881185,1.375998958179897,0.060974101464652264,-0.8928692886374687,0.9862756723640083,0.9341121068921712,0.98701116886064,170000.0
ID_2257,-0.7036812914440965,-1.2105851160545795,-0.3810087211999231,-0.6061199692561582,-0.15105779189909693,-0.7048561921996358,-0.6725966413608725,-0.6506586471853965,-0.9222847246532806,0.5849202654881185,0.056933636890486534,0.060974101464652264,-0.8928692886374687,0.4116284137445462,0.5291531075969093,0.41123040024180624,94000.0
ID_2258,-0.5980932252990657,0.6222147155635368,-0.3810087211999231,-0.6061199692561582,-0.15105779189909693,1.1437501490243154,-0.6725966413608725,-0.6506586471853965,-0.62655831935096,0.5849202654881185,-0.13150426615085783,0.060974101464652264,-0.8928692886374687,0.4116284137445462,0.5291531075969093,0.4095354064613197,150000.0
ID_2259,0.5676382377018765,0.6222147155635368,0.2782647963819663,1.3847437555789985,-0.15105779189909693,0.21944697841233984,1.4303813893323656,1.4418094584216736,1.443526517765285,0.5849202654881185,0.43380944297317525,0.060974101464652264,1.414753553583822,1.5609229309834705,-0.2393123950027652,1.5658946379590084,150000.0
ID_2260,-0.34569963593465586,-1.2105851160545795,0.2782647963819663,1.3847437555789985,-0.15105779189909693,-0.7048561921996358,1.4303813893323656,1.4418094584216736,1.443526517765285,-1.5114339660212976,-0.8852558783162353,0.060974101464652264,1.414753553583822,-0.450342474184647,1.559088200292738,-0.45370481584477335,68000.0
ID_2261,2.6266220497602295,-1.2105851160545795,0.2782647963819663,1.3847437555789985,-0.15105779189909693,0.21944697841233984,1.4303813893323656,1.4418094584216736,1.443526517765285,-1.5114339660212976,-0.5083800722335465,0.060974101464652264,1.414753553583822,0.4116284137445462,-1.5466603454835397,0.4090757471310183,84000.0
ID_2262,-0.5453873107879066,-1.2105851160545795,-0.3810087211999231,-0.6061199692561582,-0.8917670441167587,-1.6291593628116114,-0.6725966413608725,-0.6506586471853965,-0.62655831935096,-1.5114339660212976,-1.0736937813575798,-1.3767310278071516,-0.8928692886374687,-1.3123133621138403,-0.10220029287917282,-1.3166290223612842,9.0
ID_2263,-0.25707990026077276,0.6222147155635368,-0.3810087211999231,-0.6061199692561582,-0.15105779189909693,-0.7048561921996358,-0.6725966413608725,-0.6506586471853965,-0.62655831935096,-1.5114339660212976,-1.5071009583526718,-1.3767310278071516,-0.8928692886374687,0.4116284137445462,-1.5466603454835397,0.4066338069387919,59000.0
ID_2264,2.8146615522842113,-1.2105851160545795,-0.3810087211999231,-0.6061199692561582,-0.8917670441167587,0.21944697841233984,-0.6725966413608725,-0.6506586471853965,-0.62655831935096,-1.5114339660212976,-1.5071009583526718,-1.3767310278071516,-0.8928692886374687,-0.16301884487491597,0.46538003684174956,-0.1685149301008774,9.0
ID_2265,0.631562746555693,0.6222147155635368,-0.3810087211999231,-0.6061199692561582,-0.15105779189909693,0.21944697841233984,-0.6725966413608725,-0.6506586471853965,-0.62655831935096,0.5849202654881185,0.24537153993183092,0.060974101464652264,-0.31596357808214603,-0.450342474184647,-0.47686708356573715,-0.4518661785235676,120000.0
ID_2266,-0.7679747967735919,0.6222147155635368,-0.3810087211999231,-1.2697412108678772,-0.15105779189909693,-1.6291593628116114,-0.9354688951975273,-0.9122171603862802,-0.9222847246532806,0.5849202654881185,-0.3199421691922022,-1.3767310278071516,-0.8928692886374687,-0.16301884487491597,-0.08306837165262702,-0.16061453536132148,100000.0
ID_2267,0.4740122662609459,0.6222147155635368,-0.3810087211999231,0.05750127235556074,-0.15105779189909693,0.21944697841233984,-0.6725966413608725,-0.6506586471853965,-0.62655831935096,0.5849202654881185,1.1875610551385527,0.060974101464652264,-0.8928692886374687,-1.3123133621138403,-0.020889627666346104,-1.312176072598989,86000.0
ID_2268,-0.7472393978044682,0.6222147155635368,-0.3810087211999231,-0.6061199692561582,-0.15105779189909693,-0.7048561921996358,-0.6725966413608725,-0.6506586471853965,-0.62655831935096,0.5849202654881185,-0.5083800722335465,-1.3767310278071516,-0.8928692886374687,-1.5996369914235713,0.3856636983977981,-1.6005261162387074,100000.0
ID_2269,-0.7347210546818074,0.6222147155635368,0.2782647963819663,1.3847437555789985,-0.15105779189909693,-0.7048561921996358,1.4303813893323656,1.4418094584216736,1.443526517765285,0.5849202654881185,-0.5083800722335465,0.060974101464652264,1.414753553583822,-1.3123133621138403,-0.020889627666346104,-1.3086998989135845,87000.0
ID_2270,-1.095208581779814,2.455014547181653,4.893179419455191,1.3847437555789985,5.033906973624536,2.068053319636291,1.4303813893323656,1.4418094584216736,1.443526517765285,-1.5114339660212976,-2.752675497455958,4.374089489280064,1.414753553583822,1.2735993016737392,-0.7128274453598268,1.2713966507765084,9.0
ID_2271,-0.6302675150142374,0.6222147155635368,-0.3810087211999231,-0.6061199692561582,-0.15105779189909693,1.1437501490243154,-0.6725966413608725,-0.6506586471853965,-0.62655831935096,0.5849202654881185,-0.696817975274891,0.060974101464652264,-0.8928692886374687,0.6989520430542773,-0.2903308516068944,0.6963628285694146,120000.0
ID_2272,-0.27060059201886,0.6222147155635368,-0.3810087211999231,-0.6061199692561582,-0.15105779189909693,-0.7048561921996358,-0.6725966413608725,-0.6506586471853965,-0.62655831935096,-1.5114339660212976,-0.5083800722335465,0.060974101464652264,-0.31596357808214603,-0.16301884487491597,0.46538003684174956,-0.16753815402398683,51000.0
ID_2273,-0.7252097574654258,0.6222147155635368,-0.3810087211999231,-1.2697412108678772,-0.15105779189909693,-0.7048561921996358,-0.9354688951975273,-0.9122171603862802,-0.62655831935096,0.5849202654881185,0.24537153993183092,0.060974101464652264,-0.8928692886374687,0.9862756723640083,0.9341121068921712,0.9885912478085512,140000.0
ID_2274,-0.49398114505675095,0.6222147155635368,-0.3810087211999231,-0.6061199692561582,-0.15105779189909693,-1.6291593628116114,-0.6725966413608725,-0.6506586471853965,-0.62655831935096,-1.5114339660212976,-1.2432878940947896,-1.3767310278071516,-0.8928692886374687,0.9862756723640083,-2.2290322025637495,0.9817538152703174,66000.0
ID_2275,2.4134026683287213,0.6222147155635368,-0.3810087211999231,0.05750127235556074,-0.15105779189909693,0.21944697841233984,-0.6725966413608725,-0.6506586471853965,-0.62655831935096,-1.5114339660212976,-0.5083800722335465,0.060974101464652264,-0.31596357808214603,-0.450342474184647,1.559088200292738,-0.4561754847451436,79000.0
ID_2276,0.4740122662609459,0.6222147155635368,-0.3810087211999231,-0.6061199692561582,-0.15105779189909693,0.21944697841233984,-0.6725966413608725,-0.6506586471853965,-0.62655831935096,0.5849202654881185,1.1875610551385527,0.060974101464652264,-0.31596357808214603,-1.3123133621138403,-0.020889627666346104,-1.3128081041781534,150000.0
ID_2277,-0.7389782826773273,0.6222147155635368,-0.3810087211999231,-0.6061199692561582,-0.15105779189909693,-0.7048561921996358,-0.6725966413608725,-0.6506586471853965,-0.62655831935096,0.5849202654881185,0.6222473460145197,0.060974101464652264,-0.8928692886374687,-0.7376661034943781,0.3617487968646123,-0.7381764838850733,110000.0
ID_2278,-0.7036812914440965,0.6222147155635368,-0.3810087211999231,-0.6061199692561582,-0.15105779189909693,-0.7048561921996358,0.11602012014909178,-0.6506586471853965,-0.62655831935096,0.5849202654881185,0.43380944297317525,0.060974101464652264,-0.31596357808214603,0.4116284137445462,0.5291531075969093,0.41171878828025155,140000.0
ID_2279,-0.7036812914440965,0.6222147155635368,0.2782647963819663,1.3847437555789985,-0.15105779189909693,-0.7048561921996358,1.4303813893323656,1.4418094584216736,1.443526517765285,0.5849202654881185,0.6222473460145197,0.060974101464652264,1.414753553583822,0.4116284137445462,0.5291531075969093,0.4168612270379988,140000.0
ID_2280,-0.5004082926256666,0.6222147155635368,-0.3810087211999231,-1.2697412108678772,-0.15105779189909693,-1.6291593628116114,-0.9354688951975273,-0.9122171603862802,-0.62655831935096,-1.5114339660212976,-0.5083800722335465,0.060974101464652264,-0.31596357808214603,-0.450342474184647,1.559088200292738,-0.4539346455099241,77000.0
ID_2281,0.7381696835664046,0.6222147155635368,-0.3810087211999231,-0.6061199692561582,-0.15105779189909693,0.21944697841233984,-0.6725966413608725,-0.6506586471853965,-0.62655831935096,0.5849202654881185,1.1875610551385527,0.060974101464652264,-0.8928692886374687,0.4116284137445462,0.5291531075969093,0.41295412273043663,160000.0
ID_2282,0.7456432390514247,0.6222147155635368,-0.3810087211999231,-0.6061199692561582,-0.15105779189909693,0.21944697841233984,-0.6725966413608725,-0.6506586471853965,-0.9222847246532806,0.5849202654881185,0.6222473460145197,0.060974101464652264,-0.31596357808214603,1.2735993016737392,0.22623102150989877,1.2753899412085021,210000.0
ID_2283,-0.5980932252990657,-1.2105851160545795,-0.3810087211999231,-0.2743093484502987,-0.15105779189909693,1.1437501490243154,-0.14685213368756297,-0.6506586471853965,-0.62655831935096,0.5849202654881185,-0.696817975274891,-1.3767310278071516,-0.8928692886374687,0.4116284137445462,0.5291531075969093,0.4098801509590458,200000.0
ID_2284,-0.34419611298151626,-1.2105851160545795,-0.3810087211999231,-0.6061199692561582,-0.15105779189909693,-0.7048561921996358,-0.6725966413608725,-0.6506586471853965,-0.3308319140486392,-1.5114339660212976,-0.696817975274891,0.060974101464652264,-0.8928692886374687,-1.5996369914235713,-1.1464843264949127,-1.6041746621729749,43600.0
ID_2285,-0.8161646350152474,0.6222147155635368,-0.3810087211999231,-0.6061199692561582,-0.15105779189909693,-1.6291593628116114,-0.6725966413608725,-0.6506586471853965,-0.3308319140486392,0.5849202654881185,0.24537153993183092,0.060974101464652264,-0.8928692886374687,-0.7376661034943781,0.3617487968646123,-0.7388085154642378,130000.0
ID_2286,2.8146615522842113,0.6222147155635368,-0.3810087211999231,-0.6061199692561582,-0.15105779189909693,0.21944697841233984,-0.6725966413608725,-0.6506586471853965,-0.62655831935096,-1.5114339660212976,-0.5083800722335465,0.060974101464652264,-0.31596357808214603,-0.16301884487491597,0.46538003684174956,-0.16710722340182924,69000.0
ID_2287,-0.7679747967735919,0.6222147155635368,-0.3810087211999231,-0.2743093484502987,-0.15105779189909693,-1.6291593628116114,-0.6725966413608725,-0.6506586471853965,-0.3308319140486392,0.5849202654881185,-0.5083800722335465,0.060974101464652264,-0.31596357808214603,-0.16301884487491597,-0.08306837165262702,-0.16463655450145903,93000.0
ID_2288,0.7381696835664046,-1.2105851160545795,0.2782647963819663,1.3847437555789985,-0.15105779189909693,0.21944697841233984,1.4303813893323656,1.4418094584216736,1.443526517765285,0.5849202654881185,-0.3199421691922022,0.060974101464652264,1.414753553583822,0.4116284137445462,0.5291531075969093,0.41666012608099195,94000.0
ID_2289,-0.25707990026077276,-1.2105851160545795,-0.3810087211999231,-0.6061199692561582,-0.15105779189909693,-0.7048561921996358,-0.6725966413608725,-0.6506586471853965,-0.9222847246532806,-1.5114339660212976,-0.696817975274891,0.060974101464652264,-0.8928692886374687,0.4116284137445462,-1.5466603454835397,0.4071221949772372,82000.0
ID_2290,-0.34419611298151626,0.6222147155635368,-0.3810087211999231,-1.2697412108678772,-0.15105779189909693,-0.7048561921996358,-0.9354688951975273,-0.9122171603862802,-0.9222847246532806,-1.5114339660212976,-0.696817975274891,0.060974101464652264,-0.8928692886374687,-1.5996369914235713,-1.1464843264949127,-1.6031978860960845,64000.0
ID_2291,-0.7252097574654258,-1.2105851160545795,-0.3810087211999231,-0.2743093484502987,-0.8917670441167587,0.21944697841233984,-0.6725966413608725,-0.3891001339845127,-0.3308319140486392,0.5849202654881185,-0.3199421691922022,0.060974101464652264,-0.8928692886374687,0.9862756723640083,0.9341121068921712,0.9849427018742836,9.0
ID_2292,0.4625183014140505,0.6222147155635368,-0.3810087211999231,-0.6061199692561582,-0.15105779189909693,0.21944697841233984,-0.6725966413608725,-0.3891001339845127,-0.62655831935096,0.5849202654881185,0.9991231520972084,0.060974101464652264,-0.31596357808214603,0.1243047844348151,-1.1560502871081872,0.12486263746401287,160000.0
ID_2293,-0.7036812914440965,-1.2105851160545795,0.2782647963819663,1.3847437555789985,-0.15105779189909693,-0.7048561921996358,1.4303813893323656,1.4418094584216736,1.443526517765285,0.5849202654881185,0.24537153993183092,0.060974101464652264,1.414753553583822,0.4116284137445462,0.5291531075969093,0.4155971638796699,130000.0
ID_2294,-0.3856724183298485,0.6222147155635368,-0.3810087211999231,-0.6061199692561582,-0.15105779189909693,-1.6291593628116114,-0.6725966413608725,-0.6506586471853965,-0.62655831935096,-1.5114339660212976,-0.9794748298369075,-1.3767310278071516,-0.31596357808214603,-0.16301884487491597,0.46538003684174956,-0.16748069660769915,42400.0
ID_2295,-0.31916493414627917,0.6222147155635368,-0.3810087211999231,-0.6061199692561582,-0.15105779189909693,-0.7048561921996358,-0.6725966413608725,-0.6506586471853965,-0.62655831935096,-1.5114339660212976,-1.1867565231823862,-1.3767310278071516,-0.31596357808214603,-1.3123133621138403,-0.10220029287917282,-1.317002495567154,53000.0
ID_2296,-0.8221346675471279,0.6222147155635368,-0.3810087211999231,-1.2697412108678772,-0.15105779189909693,-1.6291593628116114,-0.9354688951975273,-0.9122171603862802,-0.62655831935096,0.5849202654881185,0.6222473460145197,0.060974101464652264,-0.31596357808214603,0.9862756723640083,0.9341121068921712,0.9889072635981334,140000.0
ID_2297,2.8146615522842113,0.6222147155635368,-0.3810087211999231,-0.6061199692561582,-0.15105779189909693,0.21944697841233984,-0.6725966413608725,-0.6506586471853965,-0.62655831935096,-1.5114339660212976,-0.5083800722335465,0.060974101464652264,-0.31596357808214603,-0.16301884487491597,0.46538003684174956,-0.16819891431129516,63000.0
ID_2298,-0.8015644908805469,0.6222147155635368,-0.3810087211999231,-0.6061199692561582,-0.15105779189909693,0.21944697841233984,-0.6725966413608725,-0.3891001339845127,-0.62655831935096,0.5849202654881185,0.6222473460145197,0.060974101464652264,-0.31596357808214603,0.1243047844348151,-1.1560502871081872,0.12153010731932748,130000.0
ID_2299,-0.4848057998555397,0.6222147155635368,-0.3810087211999231,-1.2697412108678772,-0.15105779189909693,-1.6291593628116114,-0.9354688951975273,-0.9122171603862802,-0.62655831935096,-1.5114339660212976,-1.0360062007493107,0.060974101464652264,-0.31596357808214603,0.6989520430542773,0.5769829106632773,0.6948689357459349,72000.0
ID_2300,-0.4820520948131594,0.6222147155635368,-0.3810087211999231,-1.2697412108678772,-0.15105779189909693,-1.6291593628116114,-0.9354688951975273,-0.9122171603862802,-0.9222847246532806,-1.5114339660212976,-0.696817975274891,-1.3767310278071516,-0.8928692886374687,-0.7376661034943781,-1.0014005905269243,-0.7410493546994573,66000.0
ID_2301,-0.7479939129860804,0.6222147155635368,-0.3810087211999231,-0.6061199692561582,-0.15105779189909693,-0.7048561921996358,-0.6725966413608725,-0.3891001339845127,-0.62655831935096,0.5849202654881185,0.9991231520972084,0.060974101464652264,-0.31596357808214603,-0.450342474184647,-0.47686708356573715,-0.45160762015027306,210000.0
ID_2302,-0.8905146711595159,-1.2105851160545795,-0.3810087211999231,-0.6061199692561582,-0.15105779189909693,-1.6291593628116114,-0.6725966413608725,-0.6506586471853965,-0.62655831935096,0.5849202654881185,0.056933636890486534,0.060974101464652264,-0.8928692886374687,1.5609229309834705,-0.2393123950027652,1.5625333791061793,76000.0
ID_2303,-0.7094420423927561,0.6222147155635368,-0.3810087211999231,-0.6061199692561582,-0.8917670441167587,-0.7048561921996358,-0.6725966413608725,-0.6506586471853965,-0.62655831935096,0.5849202654881185,-0.5083800722335465,0.060974101464652264,-0.8928692886374687,0.6989520430542773,-0.2903308516068944,0.698431295555771,9.0
ID_2304,2.817415257326591,-1.2105851160545795,-0.3810087211999231,-1.2697412108678772,-0.8917670441167587,0.21944697841233984,-0.9354688951975273,-0.9122171603862802,-0.62655831935096,-1.5114339660212976,-0.5083800722335465,0.060974101464652264,-0.31596357808214603,-0.7376661034943781,-1.0014005905269243,-0.7409631685750258,9.0
ID_2305,-0.8574702106509521,0.6222147155635368,-0.3810087211999231,-0.6061199692561582,-0.15105779189909693,-1.6291593628116114,-0.6725966413608725,-0.6506586471853965,-0.62655831935096,0.5849202654881185,-0.3199421691922022,0.060974101464652264,-0.8928692886374687,-1.5996369914235713,0.3856636983977981,-1.5985438353767825,96000.0
ID_2306,-0.07508202659977316,0.6222147155635368,-0.3810087211999231,0.05750127235556074,-0.15105779189909693,2.068053319636291,0.11602012014909178,-0.6506586471853965,-0.62655831935096,2.6812744969975344,4.014129600758718,0.060974101464652264,-0.8928692886374687,0.1243047844348151,-1.1560502871081872,0.12319637239167017,200000.0
ID_2307,2.098301707739227,2.455014547181653,4.893179419455191,1.3847437555789985,5.033906973624536,2.068053319636291,1.4303813893323656,1.4418094584216736,1.443526517765285,-1.5114339660212976,-2.752675497455958,4.374089489280064,1.414753553583822,-1.3123133621138403,-0.10220029287917282,-1.3147329276237907,9.0
ID_2308,0.4625183014140505,0.6222147155635368,-0.3810087211999231,0.05750127235556074,-0.15105779189909693,0.21944697841233984,-0.6725966413608725,-0.6506586471853965,-0.62655831935096,0.5849202654881185,-0.3199421691922022,0.060974101464652264,-0.8928692886374687,0.1243047844348151,-1.1560502871081872,0.12244942597993035,66000.0
ID_2309,-0.2685958947480072,0.6222147155635368,-0.3810087211999231,-0.6061199692561582,-0.15105779189909693,-0.7048561921996358,-0.6725966413608725,-0.6506586471853965,-0.62655831935096,-1.5114339660212976,-0.5083800722335465,0.060974101464652264,-0.8928692886374687,0.6989520430542773,0.5769829106632773,0.694121989334195,62000.0
ID_2310,-0.8083661423352263,-1.2105851160545795,0.2782647963819663,1.3847437555789985,-0.15105779189909693,-1.6291593628116114,1.4303813893323656,1.4418094584216736,1.443526517765285,0.5849202654881185,1.1875610551385527,0.060974101464652264,1.414753553583822,0.4116284137445462,0.5291531075969093,0.4157695361285329,170000.0
ID_2311,-0.8015644908805469,-1.2105851160545795,0.2782647963819663,1.3847437555789985,-0.15105779189909693,-0.7048561921996358,1.4303813893323656,1.4418094584216736,1.443526517765285,0.5849202654881185,0.24537153993183092,0.060974101464652264,1.414753553583822,0.1243047844348151,-1.1560502871081872,0.12805152406797907,160000.0
ID_2312,0.4740122662609459,0.6222147155635368,0.2782647963819663,1.3847437555789985,-0.15105779189909693,0.21944697841233984,1.4303813893323656,1.4418094584216736,1.443526517765285,0.5849202654881185,0.24537153993183092,0.060974101464652264,1.414753553583822,-1.3123133621138403,-0.020889627666346104,-1.3085562553728651,120000.0
ID_2313,-1.095208581779814,2.455014547181653,4.893179419455191,1.3847437555789985,5.033906973624536,2.068053319636291,1.4303813893323656,1.4418094584216736,1.443526517765285,-1.5114339660212976,-2.752675497455958,4.374089489280064,1.414753553583822,1.5609229309834705,0.48929493837493176,1.5594306786266445,9.0
ID_2314,-0.05749686619913237,-1.2105851160545795,0.2782647963819663,1.3847437555789985,-0.15105779189909693,1.1437501490243154,1.4303813893323656,1.4418094584216736,1.443526517765285,-1.5114339660212976,-0.5083800722335465,0.060974101464652264,1.414753553583822,-0.16301884487491597,0.46538003684174956,-0.16661883536338395,76000.0
ID_2315,0.4625183014140505,0.6222147155635368,-0.3810087211999231,-0.9379305900620176,-0.15105779189909693,0.21944697841233984,-0.9354688951975273,-0.9122171603862802,-0.62655831935096,0.5849202654881185,0.9991231520972084,0.060974101464652264,-0.31596357808214603,0.1243047844348151,-1.1560502871081872,0.12549466904317735,140000.0
ID_2316,0.7381696835664046,-1.2105851160545795,0.2782647963819663,1.3847437555789985,-0.15105779189909693,0.21944697841233984,1.4303813893323656,1.4418094584216736,1.443526517765285,0.5849202654881185,0.24537153993183092,0.060974101464652264,1.414753553583822,0.4116284137445462,0.5291531075969093,0.41700487057871805,140000.0
ID_2317,-0.8015644908805469,-1.2105851160545795,0.2782647963819663,1.3847437555789985,-0.15105779189909693,-0.7048561921996358,1.4303813893323656,1.4418094584216736,1.443526517765285,0.5849202654881185,0.9991231520972084,0.060974101464652264,1.414753553583822,0.1243047844348151,-1.1560502871081872,0.1278504231109722,110000.0
ID_2318,-0.7347210546818074,0.6222147155635368,-0.3810087211999231,0.05750127235556074,-0.8917670441167587,-0.7048561921996358,-0.14685213368756297,-0.6506586471853965,-0.62655831935096,0.5849202654881185,0.056933636890486534,0.060974101464652264,-0.8928692886374687,-1.3123133621138403,-0.020889627666346104,-1.3126644606374342,9.0
ID_2319,2.817415257326591,0.6222147155635368,-0.3810087211999231,-1.2697412108678772,-0.15105779189909693,0.21944697841233984,-0.9354688951975273,-0.9122171603862802,-0.62655831935096,-1.5114339660212976,-0.5083800722335465,0.060974101464652264,-0.31596357808214603,-0.7376661034943781,-1.0014005905269243,-0.7409918972831696,71000.0
ID_2320,0.833563533644543,-1.2105851160545795,-0.3810087211999231,-0.2743093484502987,-0.15105779189909693,0.21944697841233984,-0.6725966413608725,-0.6506586471853965,-0.62655831935096,0.5849202654881185,0.24537153993183092,0.060974101464652264,-0.31596357808214603,-0.7376661034943781,0.3617487968646123,-0.738578685799087,90000.0
ID_2321,-1.095208581779814,2.455014547181653,4.893179419455191,1.3847437555789985,5.033906973624536,2.068053319636291,1.4303813893323656,1.4418094584216736,1.443526517765285,-1.5114339660212976,-2.752675497455958,4.374089489280064,1.414753553583822,1.5609229309834705,0.48929493837493176,1.559200848961494,9.0
ID_2322,-0.7422331620374208,-1.2105851160545795,0.2782647963819663,1.3847437555789985,-0.15105779189909693,-0.7048561921996358,1.4303813893323656,1.4418094584216736,1.443526517765285,0.5849202654881185,0.9991231520972084,0.060974101464652264,1.414753553583822,1.2735993016737392,0.22623102150989877,1.2792683168079206,160000.0
ID_2323,-0.7252097574654258,0.6222147155635368,-0.3810087211999231,-0.6061199692561582,-0.15105779189909693,-0.7048561921996358,-0.6725966413608725,-0.6506586471853965,-0.62655831935096,0.5849202654881185,0.24537153993183092,0.060974101464652264,-0.8928692886374687,0.9862756723640083,0.9341121068921712,0.9860343927837495,140000.0
ID_2324,-0.8253454876265434,0.6222147155635368,-0.3810087211999231,-1.2697412108678772,-0.15105779189909693,-1.6291593628116114,-0.9354688951975273,-0.9122171603862802,-0.9222847246532806,0.5849202654881185,0.24537153993183092,0.060974101464652264,-0.8928692886374687,-0.450342474184647,-0.47686708356573715,-0.44847619096259456,120000.0
ID_2325,-0.5980932252990657,0.6222147155635368,-0.3810087211999231,0.05750127235556074,-0.15105779189909693,1.1437501490243154,0.11602012014909178,-0.127541620783629,-0.62655831935096,0.5849202654881185,-0.5083800722335465,0.060974101464652264,-0.8928692886374687,0.4116284137445462,0.5291531075969093,0.4100525232079088,130000.0
ID_2326,-0.6546157749989641,-1.2105851160545795,0.2782647963819663,1.3847437555789985,-0.15105779189909693,0.21944697841233984,1.4303813893323656,1.4418094584216736,1.443526517765285,0.5849202654881185,1.5644368612212416,0.060974101464652264,1.414753553583822,1.5609229309834705,-0.2393123950027652,1.56560735087757,190000.0
ID_2327,-0.4848057998555397,0.6222147155635368,-0.3810087211999231,-1.2697412108678772,-0.15105779189909693,-1.6291593628116114,-0.9354688951975273,-0.9122171603862802,-0.62655831935096,-1.5114339660212976,-1.0360062007493107,-1.3767310278071516,-0.8928692886374687,0.6989520430542773,0.5769829106632773,0.6946103773726403,68000.0
ID_2328,-0.23054519847239607,-1.2105851160545795,0.2782647963819663,1.3847437555789985,-0.15105779189909693,-0.7048561921996358,1.4303813893323656,1.4418094584216736,1.443526517765285,-1.5114339660212976,-1.1867565231823862,-1.3767310278071516,1.414753553583822,-1.024989732804109,0.19912746643895535,-1.028106606472703,55000.0
ID_2329,-0.6307521671016962,0.6222147155635368,-0.3810087211999231,-1.2697412108678772,-0.15105779189909693,-1.6291593628116114,-0.9354688951975273,-0.9122171603862802,-0.9222847246532806,-1.5114339660212976,-1.394038216527865,-1.3767310278071516,-0.31596357808214603,1.5609229309834705,0.48929493837493176,1.5567589087692675,42400.0
ID_2330,2.817415257326591,-1.2105851160545795,-0.3810087211999231,-0.6061199692561582,-0.15105779189909693,0.21944697841233984,-0.6725966413608725,-0.6506586471853965,-0.9222847246532806,-1.5114339660212976,-1.5071009583526718,-1.3767310278071516,-0.8928692886374687,-0.7376661034943781,-1.0014005905269243,-0.7416813862786218,66000.0
ID_2331,-0.5804089315168994,0.6222147155635368,-0.3810087211999231,0.05750127235556074,-0.15105779189909693,1.1437501490243154,-0.6725966413608725,-0.6506586471853965,-0.3308319140486392,0.5849202654881185,-0.696817975274891,-1.3767310278071516,-0.31596357808214603,-1.024989732804109,-0.06871943073271414,-1.0272734739365315,98000.0
ID_2332,0.5676382377018765,0.6222147155635368,0.2782647963819663,1.3847437555789985,-0.15105779189909693,0.21944697841233984,1.4303813893323656,1.4418094584216736,1.443526517765285,0.5849202654881185,0.6222473460145197,-1.3767310278071516,1.414753553583822,1.5609229309834705,-0.2393123950027652,1.5649753192984055,130000.0
ID_2333,0.832186681123353,0.6222147155635368,-0.3810087211999231,-1.2697412108678772,-0.15105779189909693,0.21944697841233984,-0.9354688951975273,-0.9122171603862802,-0.9222847246532806,0.5849202654881185,1.1875610551385527,0.060974101464652264,-0.31596357808214603,-0.16301884487491597,-0.08306837165262702,-0.16081563631832838,110000.0
ID_2334,-0.8161646350152474,-1.2105851160545795,0.2782647963819663,1.3847437555789985,-0.15105779189909693,-1.6291593628116114,1.4303813893323656,1.4418094584216736,1.443526517765285,0.5849202654881185,0.24537153993183092,0.060974101464652264,1.414753553583822,-0.7376661034943781,0.3617487968646123,-0.733752262830922,120000.0
ID_2335,-0.8707816208258186,2.455014547181653,4.893179419455191,1.3847437555789985,5.033906973624536,2.068053319636291,1.4303813893323656,1.4418094584216736,1.443526517765285,0.5849202654881185,-2.752675497455958,4.374089489280064,1.414753553583822,1.2735993016737392,0.22623102150989877,1.2794694177649275,9.0
ID_2336,0.7381696835664046,0.6222147155635368,0.2782647963819663,1.3847437555789985,-0.15105779189909693,0.21944697841233984,1.4303813893323656,1.4418094584216736,1.443526517765285,0.5849202654881185,1.752874764262586,0.060974101464652264,1.414753553583822,0.4116284137445462,0.5291531075969093,0.41588445096110827,180000.0
ID_2337,-0.15894886737050795,0.6222147155635368,-0.3810087211999231,-0.6061199692561582,-0.15105779189909693,1.1437501490243154,-0.6725966413608725,-0.6506586471853965,-0.62655831935096,-1.5114339660212976,-0.9040996686203697,-1.3767310278071516,-0.31596357808214603,1.5609229309834705,0.48929493837493176,1.5559832336493837,120000.0
ID_2338,-0.8478322430026209,0.6222147155635368,-0.3810087211999231,-0.9379305900620176,-0.15105779189909693,-1.6291593628116114,-0.9354688951975273,-0.9122171603862802,-0.62655831935096,0.5849202654881185,0.43380944297317525,0.060974101464652264,-0.31596357808214603,-1.3123133621138403,-0.020889627666346104,-1.3093893879090366,99000.0
ID_2339,-1.095208581779814,2.455014547181653,4.893179419455191,1.3847437555789985,5.033906973624536,2.068053319636291,1.4303813893323656,1.4418094584216736,1.443526517765285,-1.5114339660212976,-2.752675497455958,4.374089489280064,1.414753553583822,1.5609229309834705,0.48929493837493176,1.5590572054207745,9.0
ID_2340,-0.5980932252990657,0.6222147155635368,-0.3810087211999231,-0.6061199692561582,-0.15105779189909693,1.1437501490243154,-0.6725966413608725,-0.6506586471853965,-0.62655831935096,0.5849202654881185,0.810685249055864,0.060974101464652264,-0.31596357808214603,0.4116284137445462,0.5291531075969093,0.4124370059838475,150000.0
ID_2341,0.4740122662609459,-1.2105851160545795,0.2782647963819663,1.3847437555789985,-0.15105779189909693,0.21944697841233984,1.4303813893323656,1.4418094584216736,1.443526517765285,0.5849202654881185,1.5644368612212416,0.060974101464652264,1.414753553583822,-1.3123133621138403,-0.020889627666346104,-1.3082689682914268,130000.0
ID_2342,0.751150649136185,-1.2105851160545795,0.2782647963819663,1.3847437555789985,-0.15105779189909693,0.21944697841233984,1.4303813893323656,1.4418094584216736,1.443526517765285,0.5849202654881185,-0.3199421691922022,0.060974101464652264,1.414753553583822,0.6989520430542773,-0.2903308516068944,0.7031428036913607,110000.0
ID_2343,0.631562746555693,0.6222147155635368,0.2782647963819663,1.3847437555789985,-0.15105779189909693,0.21944697841233984,1.4303813893323656,1.4418094584216736,1.443526517765285,0.5849202654881185,0.43380944297317525,0.060974101464652264,1.414753553583822,-0.450342474184647,-0.47686708356573715,-0.4470684842635464,130000.0
ID_2344,-0.6012820157381421,0.6222147155635368,-0.3810087211999231,-1.2697412108678772,-0.15105779189909693,1.1437501490243154,-0.9354688951975273,-0.9122171603862802,-0.62655831935096,0.5849202654881185,0.43380944297317525,0.060974101464652264,-0.31596357808214603,1.2735993016737392,0.22623102150989877,1.2756772282899407,170000.0
ID_2345,-0.25707990026077276,0.6222147155635368,-0.3810087211999231,-0.6061199692561582,-0.15105779189909693,-0.7048561921996358,-0.6725966413608725,-0.6506586471853965,-0.9222847246532806,-1.5114339660212976,-1.0736937813575798,-1.3767310278071516,-0.8928692886374687,0.4116284137445462,-1.5466603454835397,0.4064614346899289,66000.0
ID_2346,0.801703166304203,0.6222147155635368,-0.3810087211999231,-0.6061199692561582,-0.15105779189909693,0.21944697841233984,-0.6725966413608725,-0.6506586471853965,-0.62655831935096,0.5849202654881185,0.43380944297317525,0.060974101464652264,-0.31596357808214603,0.9862756723640083,0.9341121068921712,0.9873846420665099,140000.0
ID_2347,2.098301707739227,0.6222147155635368,0.2782647963819663,1.3847437555789985,-0.15105779189909693,0.21944697841233984,1.4303813893323656,1.4418094584216736,1.443526517765285,-1.5114339660212976,-0.5083800722335465,0.060974101464652264,1.414753553583822,-1.3123133621138403,-0.10220029287917282,-1.3149340285807976,72000.0
ID_2348,2.3949142926741804,0.6222147155635368,-0.3810087211999231,-1.2697412108678772,-0.15105779189909693,0.21944697841233984,-0.9354688951975273,-0.9122171603862802,-0.62655831935096,-1.5114339660212976,-0.8852558783162353,0.060974101464652264,-0.31596357808214603,-1.5996369914235713,-1.1464843264949127,-1.6029967851390776,59000.0
ID_2349,-0.8376104898853053,-1.2105851160545795,0.2782647963819663,1.3847437555789985,-0.15105779189909693,-0.7048561921996358,1.4303813893323656,1.4418094584216736,1.443526517765285,0.5849202654881185,0.056933636890486534,0.060974101464652264,1.414753553583822,1.5609229309834705,-0.2393123950027652,1.567072514992906,130000.0
ID_2350,2.817415257326591,-1.2105851160545795,0.2782647963819663,1.3847437555789985,-0.15105779189909693,0.21944697841233984,1.4303813893323656,1.4418094584216736,1.443526517765285,-1.5114339660212976,-0.3199421691922022,0.060974101464652264,1.414753553583822,-0.7376661034943781,-1.0014005905269243,-0.7408482537424504,76000.0
ID_2351,-0.15894886737050795,0.6222147155635368,-0.3810087211999231,-0.6061199692561582,-0.15105779189909693,1.1437501490243154,-0.14685213368756297,-0.6506586471853965,-0.9222847246532806,-1.5114339660212976,-1.0360062007493107,0.060974101464652264,-0.8928692886374687,1.5609229309834705,0.48929493837493176,1.555035186280637,74000.0
ID_2352,3.0160730464939918,0.6222147155635368,0.2782647963819663,1.3847437555789985,-0.15105779189909693,0.21944697841233984,1.4303813893323656,1.4418094584216736,1.443526517765285,-1.5114339660212976,-0.5083800722335465,0.060974101464652264,1.414753553583822,-1.024989732804109,0.19912746643895535,-1.0278193193912644,70000.0
ID_2353,0.751150649136185,0.6222147155635368,-0.3810087211999231,-0.6061199692561582,-0.15105779189909693,0.21944697841233984,-0.6725966413608725,-0.6506586471853965,-0.62655831935096,0.5849202654881185,0.24537153993183092,0.060974101464652264,-0.8928692886374687,0.6989520430542773,-0.2903308516068944,0.6990633271349355,130000.0
ID_2354,-0.30013683230343124,0.6222147155635368,-0.3810087211999231,-0.6061199692561582,-0.15105779189909693,-0.7048561921996358,-0.6725966413608725,-0.6506586471853965,-0.62655831935096,-1.5114339660212976,-1.0360062007493107,0.060974101464652264,-0.8928692886374687,0.9862756723640083,-2.2290322025637495,0.9816101717295982,51000.0
ID_2355,0.5676382377018765,0.6222147155635368,-0.3810087211999231,-0.6061199692561582,-0.15105779189909693,0.21944697841233984,-0.6725966413608725,-0.6506586471853965,-0.62655831935096,0.5849202654881185,1.375998958179897,0.060974101464652264,-0.8928692886374687,1.5609229309834705,-0.2393123950027652,1.5622460920247407,180000.0
ID_2356,-0.5980932252990657,0.6222147155635368,0.2782647963819663,1.3847437555789985,-0.15105779189909693,1.1437501490243154,1.4303813893323656,1.4418094584216736,1.443526517765285,0.5849202654881185,0.24537153993183092,0.060974101464652264,1.414753553583822,0.4116284137445462,0.5291531075969093,0.4149076748842177,170000.0
ID_2357,-0.7104388836180978,0.6222147155635368,-0.3810087211999231,-0.6061199692561582,-0.15105779189909693,-0.7048561921996358,-0.6725966413608725,-0.6506586471853965,-0.3308319140486392,0.5849202654881185,-0.3199421691922022,0.060974101464652264,-0.8928692886374687,-0.16301884487491597,-0.08306837165262702,-0.16397579421415073,110000.0
ID_2358,-0.6012820157381421,-1.2105851160545795,0.2782647963819663,1.3847437555789985,-0.15105779189909693,1.1437501490243154,1.4303813893323656,1.4418094584216736,1.443526517765285,0.5849202654881185,0.9991231520972084,0.060974101464652264,1.414753553583822,1.2735993016737392,0.22623102150989877,1.2772860359459957,140000.0
ID_2359,-0.8478322430026209,-1.2105851160545795,0.2782647963819663,1.3847437555789985,-0.15105779189909693,-1.6291593628116114,1.4303813893323656,1.4418094584216736,1.443526517765285,0.5849202654881185,0.056933636890486534,0.060974101464652264,1.414753553583822,-1.3123133621138403,-0.020889627666346104,-1.3074358357552556,100000.0
ID_2360,0.6223158050233801,-1.2105851160545795,0.2782647963819663,1.3847437555789985,-0.15105779189909693,0.21944697841233984,1.4303813893323656,1.4418094584216736,1.443526517765285,0.5849202654881185,1.1875610551385527,0.060974101464652264,1.414753553583822,-1.5996369914235713,0.3856636983977981,-1.5958720655194054,110000.0
ID_2361,-0.27060059201886,-1.2105851160545795,-0.3810087211999231,-0.2743093484502987,-0.15105779189909693,-0.7048561921996358,-0.6725966413608725,-0.6506586471853965,-0.62655831935096,-1.5114339660212976,-1.0736937813575798,-1.3767310278071516,-0.8928692886374687,-0.16301884487491597,0.46538003684174956,-0.16811272818686362,62000.0
ID_2362,0.631562746555693,-1.2105851160545795,0.2782647963819663,1.3847437555789985,-0.15105779189909693,0.21944697841233984,1.4303813893323656,1.4418094584216736,1.443526517765285,0.5849202654881185,0.24537153993183092,0.060974101464652264,1.414753553583822,-0.450342474184647,-0.47686708356573715,-0.44528730435862834,66000.0
ID_2363,-0.5804089315168994,0.6222147155635368,-0.3810087211999231,-0.6061199692561582,-0.15105779189909693,1.1437501490243154,-0.14685213368756297,-0.6506586471853965,-0.62655831935096,0.5849202654881185,0.6222473460145197,0.060974101464652264,-0.31596357808214603,-1.024989732804109,-0.06871943073271414,-1.0269861868550931,130000.0
ID_2364,3.0160730464939918,0.6222147155635368,-0.3810087211999231,-0.2743093484502987,-0.15105779189909693,0.21944697841233984,-0.6725966413608725,-0.6506586471853965,-0.62655831935096,-1.5114339660212976,-1.5071009583526718,-1.3767310278071516,-0.31596357808214603,-1.024989732804109,0.19912746643895535,-1.0304623605404977,49900.0
ID_2365,-0.5249438045532752,-1.2105851160545795,0.2782647963819663,1.3847437555789985,-0.15105779189909693,-0.7048561921996358,1.4303813893323656,1.4418094584216736,1.443526517765285,-1.5114339660212976,-0.696817975274891,0.060974101464652264,1.414753553583822,1.5609229309834705,0.48929493837493176,1.557936785803165,88000.0
ID_2366,-0.010535180406378608,-1.2105851160545795,0.2782647963819663,1.3847437555789985,-0.15105779189909693,1.1437501490243154,1.4303813893323656,1.4418094584216736,1.443526517765285,-1.5114339660212976,-0.8852558783162353,0.060974101464652264,1.414753553583822,-1.024989732804109,0.19912746643895535,-1.0279629629319835,38600.0
ID_2367,2.075313778045436,-1.2105851160545795,0.2782647963819663,1.3847437555789985,-0.15105779189909693,0.21944697841233984,1.4303813893323656,1.4418094584216736,1.443526517765285,-1.5114339660212976,-1.0360062007493107,0.060974101464652264,1.414753553583822,0.1243047844348151,5.06660709182652,0.12081188961573149,71000.0
ID_2368,-0.7472393978044682,-1.2105851160545795,-0.3810087211999231,-0.6061199692561582,-0.15105779189909693,-0.7048561921996358,-0.6725966413608725,-0.6506586471853965,-0.9222847246532806,0.5849202654881185,-0.3199421691922022,0.060974101464652264,-0.8928692886374687,-1.5996369914235713,0.3856636983977981,-1.6001239143246937,71000.0
ID_2369,-0.7472393978044682,0.6222147155635368,-0.3810087211999231,-0.6061199692561582,-0.15105779189909693,-0.7048561921996358,-0.6725966413608725,-0.3891001339845127,-0.9222847246532806,0.5849202654881185,0.6222473460145197,0.060974101464652264,-0.8928692886374687,-1.5996369914235713,0.3856636983977981,-1.600612302363139,120000.0
ID_2370,-0.8161646350152474,0.6222147155635368,-0.3810087211999231,-1.2697412108678772,-0.15105779189909693,-1.6291593628116114,-0.9354688951975273,-0.9122171603862802,-0.3308319140486392,0.5849202654881185,-0.696817975274891,-1.3767310278071516,-0.8928692886374687,-0.7376661034943781,0.3617487968646123,-0.7346715814915249,67000.0
ID_2371,-0.17170402912681357,0.6222147155635368,-0.3810087211999231,-0.6061199692561582,-0.15105779189909693,-0.7048561921996358,-0.6725966413608725,-0.6506586471853965,-0.62655831935096,-1.5114339660212976,-0.696817975274891,0.060974101464652264,-0.8928692886374687,-1.3123133621138403,-0.10220029287917282,-1.3167152084857157,60000.0
ID_2372,-0.6662088732273852,0.6222147155635368,-0.3810087211999231,-0.6061199692561582,-0.15105779189909693,1.1437501490243154,-0.14685213368756297,-0.6506586471853965,-0.9222847246532806,0.5849202654881185,0.6222473460145197,0.060974101464652264,-0.31596357808214603,0.1243047844348151,-1.1560502871081872,0.12144392119489596,140000.0
ID_2373,-0.5951963275944817,-1.2105851160545795,0.2782647963819663,1.3847437555789985,-0.15105779189909693,1.1437501490243154,1.4303813893323656,1.4418094584216736,1.443526517765285,0.5849202654881185,0.810685249055864,0.060974101464652264,1.414753553583822,0.9862756723640083,0.9341121068921712,0.9906309860867638,200000.0
ID_2374,0.5676382377018765,0.6222147155635368,-0.3810087211999231,-0.6061199692561582,-0.15105779189909693,0.21944697841233984,-0.6725966413608725,-0.6506586471853965,-0.62655831935096,0.5849202654881185,0.43380944297317525,0.060974101464652264,-0.8928692886374687,1.5609229309834705,-0.2393123950027652,1.5614416881967133,160000.0
ID_2375,-0.32767388272723436,-1.2105851160545795,0.2782647963819663,1.3847437555789985,-0.15105779189909693,-0.7048561921996358,1.4303813893323656,1.4418094584216736,1.443526517765285,-1.5114339660212976,-0.5083800722335465,0.060974101464652264,1.414753553583822,-0.7376661034943781,-1.0014005905269243,-0.7407620676180189,82000.0
ID_2376,0.7381696835664046,0.6222147155635368,-0.3810087211999231,-1.2697412108678772,-0.15105779189909693,0.21944697841233984,-0.9354688951975273,-0.9122171603862802,-0.62655831935096,0.5849202654881185,0.056933636890486534,0.060974101464652264,-0.31596357808214603,0.4116284137445462,0.5291531075969093,0.41470657392721083,110000.0
ID_2377,-0.7702713867789371,0.6222147155635368,-0.3810087211999231,-0.9379305900620176,-0.8917670441167587,-1.6291593628116114,-0.9354688951975273,-0.9122171603862802,-0.62655831935096,0.5849202654881185,-0.3199421691922022,-1.3767310278071516,-0.8928692886374687,-1.024989732804109,-0.06871943073271414,-1.022159763886928,9.0
ID_2378,-0.15894886737050795,0.6222147155635368,-0.3810087211999231,-0.2743093484502987,-0.15105779189909693,1.1437501490243154,-0.14685213368756297,-0.6506586471853965,-0.62655831935096,-1.5114339660212976,-1.0736937813575798,-1.3767310278071516,-0.31596357808214603,1.5609229309834705,0.48929493837493176,1.5550064575724933,120000.0
ID_2379,0.751150649136185,0.6222147155635368,-0.3810087211999231,0.05750127235556074,-0.15105779189909693,0.21944697841233984,-0.6725966413608725,-0.6506586471853965,-0.62655831935096,0.5849202654881185,0.24537153993183092,0.060974101464652264,-0.31596357808214603,0.6989520430542773,-0.2903308516068944,0.7001262893362575,89000.0
ID_2380,2.817415257326591,0.6222147155635368,-0.3810087211999231,-0.6061199692561582,-0.15105779189909693,0.21944697841233984,-0.6725966413608725,-0.6506586471853965,-0.62655831935096,-1.5114339660212976,-1.0736937813575798,-1.3767310278071516,-0.8928692886374687,-0.7376661034943781,-1.0014005905269243,-0.7414515566134711,66000.0
ID_2381,-0.05228134884886409,0.6222147155635368,-0.3810087211999231,-0.9379305900620176,-0.15105779189909693,1.1437501490243154,-0.9354688951975273,-0.9122171603862802,-0.9222847246532806,-1.5114339660212976,-1.695538861394016,-1.3767310278071516,-0.31596357808214603,1.2735993016737392,-0.7128274453598268,1.2693856412064397,38600.0
ID_2382,-0.6307521671016962,-1.2105851160545795,0.2782647963819663,1.3847437555789985,-0.15105779189909693,-1.6291593628116114,1.4303813893323656,1.4418094584216736,1.443526517765285,-1.5114339660212976,-0.9229434589245042,-1.3767310278071516,1.414753553583822,1.5609229309834705,0.48929493837493176,1.5577644135543018,78000.0
ID_2383,-0.30013683230343124,0.6222147155635368,-0.3810087211999231,-0.6061199692561582,-0.8917670441167587,-0.7048561921996358,-0.6725966413608725,-0.6506586471853965,-0.62655831935096,-1.5114339660212976,-1.0360062007493107,0.060974101464652264,-0.8928692886374687,0.9862756723640083,-2.2290322025637495,0.9811792411074406,9.0
ID_2384,-0.7422331620374208,-1.2105851160545795,-0.3810087211999231,-0.6061199692561582,-0.15105779189909693,-0.7048561921996358,-0.6725966413608725,-0.6506586471853965,-0.62655831935096,0.5849202654881185,0.24537153993183092,0.060974101464652264,-0.8928692886374687,1.2735993016737392,0.22623102150989877,1.2737524048443034,100000.0
ID_2385,-0.5912805590242168,0.6222147155635368,-0.3810087211999231,-0.6061199692561582,-0.15105779189909693,-1.6291593628116114,-0.6725966413608725,-0.6506586471853965,-0.62655831935096,-1.5114339660212976,-1.1867565231823862,-1.3767310278071516,-0.8928692886374687,1.2735993016737392,-0.7128274453598268,1.2691270828331451,63000.0
ID_2386,-0.2685958947480072,-1.2105851160545795,-0.3810087211999231,-1.2697412108678772,-0.15105779189909693,-0.7048561921996358,-0.9354688951975273,-0.9122171603862802,-0.62655831935096,-1.5114339660212976,-0.696817975274891,0.060974101464652264,-0.8928692886374687,0.6989520430542773,0.5769829106632773,0.6946965634970719,80000.0
ID_2387,-0.4848057998555397,0.6222147155635368,-0.3810087211999231,-1.2697412108678772,-0.15105779189909693,-1.6291593628116114,-0.9354688951975273,-0.9122171603862802,-0.62655831935096,-1.5114339660212976,-1.0360062007493107,0.060974101464652264,-0.31596357808214603,0.6989520430542773,0.5769829106632773,0.6949838505785102,52000.0
ID_2388,-0.8905146711595159,0.6222147155635368,-0.3810087211999231,-0.6061199692561582,-0.15105779189909693,-1.6291593628116114,-0.6725966413608725,-0.6506586471853965,-0.3308319140486392,0.5849202654881185,0.43380944297317525,0.060974101464652264,-0.31596357808214603,1.5609229309834705,-0.2393123950027652,1.560809656617549,120000.0
ID_2389,-0.8083661423352263,0.6222147155635368,-0.3810087211999231,-1.2697412108678772,-0.15105779189909693,-1.6291593628116114,-0.9354688951975273,-0.9122171603862802,-0.62655831935096,0.5849202654881185,-0.3199421691922022,0.060974101464652264,-0.8928692886374687,0.4116284137445462,0.5291531075969093,0.4140170849317587,110000.0
ID_2390,0.6223158050233801,-1.2105851160545795,0.2782647963819663,1.3847437555789985,-0.15105779189909693,0.21944697841233984,1.4303813893323656,1.4418094584216736,1.443526517765285,0.5849202654881185,-0.3199421691922022,0.060974101464652264,1.414753553583822,-1.5996369914235713,0.3856636983977981,-1.595929522935693,79000.0
ID_2391,0.631562746555693,0.6222147155635368,-0.3810087211999231,-0.6061199692561582,-0.15105779189909693,0.21944697841233984,-0.6725966413608725,-0.6506586471853965,-0.9222847246532806,0.5849202654881185,0.810685249055864,0.060974101464652264,-0.31596357808214603,-0.450342474184647,-0.47686708356573715,-0.4513490617769785,130000.0
ID_2392,2.075313778045436,0.6222147155635368,-0.3810087211999231,-0.9379305900620176,-0.15105779189909693,0.21944697841233984,-0.9354688951975273,-0.9122171603862802,-0.62655831935096,-1.5114339660212976,-1.5071009583526718,-1.3767310278071516,-0.8928692886374687,0.1243047844348151,5.06660709182652,0.12006494320399165,66000.0
ID_2393,0.631562746555693,-1.2105851160545795,0.2782647963819663,1.3847437555789985,-0.15105779189909693,0.21944697841233984,1.4303813893323656,1.4418094584216736,1.443526517765285,0.5849202654881185,0.810685249055864,0.060974101464652264,1.414753553583822,-0.450342474184647,-0.47686708356573715,-0.4451436608179091,100000.0
ID_2394,-0.7479939129860804,-1.2105851160545795,0.2782647963819663,1.3847437555789985,-0.15105779189909693,-0.7048561921996358,1.4303813893323656,1.4418094584216736,1.443526517765285,0.5849202654881185,0.9991231520972084,0.060974101464652264,1.414753553583822,-0.450342474184647,-0.47686708356573715,-0.44511493210976527,170000.0
ID_2395,0.631562746555693,0.6222147155635368,-0.3810087211999231,-0.6061199692561582,-0.15105779189909693,0.21944697841233984,-0.6725966413608725,-0.6506586471853965,-0.62655831935096,0.5849202654881185,0.43380944297317525,0.060974101464652264,-0.8928692886374687,-0.450342474184647,-0.47686708356573715,-0.4493955096231974,99000.0
ID_2396,-1.095208581779814,2.455014547181653,4.893179419455191,1.3847437555789985,5.033906973624536,2.068053319636291,1.4303813893323656,1.4418094584216736,1.443526517765285,-1.5114339660212976,-2.752675497455958,4.374089489280064,1.414753553583822,1.5609229309834705,0.48929493837493176,1.5589135618800554,9.0
ID_2397,0.6223158050233801,0.6222147155635368,-0.3810087211999231,-0.9379305900620176,-0.15105779189909693,0.21944697841233984,-0.9354688951975273,-0.9122171603862802,-0.62655831935096,0.5849202654881185,0.9991231520972084,0.060974101464652264,-0.31596357808214603,-1.5996369914235713,0.3856636983977981,-1.5963604535578506,110000.0
ID_2398,-0.23054519847239607,0.6222147155635368,-0.3810087211999231,-0.6061199692561582,-0.15105779189909693,-0.7048561921996358,-0.6725966413608725,-0.6506586471853965,-0.62655831935096,-1.5114339660212976,-1.5071009583526718,-1.3767310278071516,-0.8928692886374687,-1.024989732804109,0.19912746643895535,-1.0301750734590593,43600.0
ID_2399,-0.8083661423352263,0.6222147155635368,-0.3810087211999231,-0.6061199692561582,-0.15105779189909693,-1.6291593628116114,-0.6725966413608725,-0.6506586471853965,-0.62655831935096,0.5849202654881185,-0.3199421691922022,0.060974101464652264,-0.31596357808214603,0.4116284137445462,0.5291531075969093,0.41269556435714205,82000.0
ID_2400,-0.6546157749989641,-1.2105851160545795,-0.3810087211999231,-0.6061199692561582,-0.15105779189909693,1.1437501490243154,-0.6725966413608725,-0.3891001339845127,-0.9222847246532806,0.5849202654881185,1.1875610551385527,0.060974101464652264,-0.31596357808214603,1.5609229309834705,-0.2393123950027652,1.5598328805406583,170000.0
ID_2401,-0.6302675150142374,0.6222147155635368,-0.3810087211999231,-0.6061199692561582,-0.8917670441167587,0.21944697841233984,-0.6725966413608725,-0.6506586471853965,-0.62655831935096,0.5849202654881185,1.375998958179897,0.060974101464652264,-0.8928692886374687,0.6989520430542773,-0.2903308516068944,0.6993506142163739,9.0
ID_2402,0.9328951819332859,-1.2105851160545795,0.2782647963819663,1.3847437555789985,-0.15105779189909693,0.21944697841233984,1.4303813893323656,1.4418094584216736,1.443526517765285,0.5849202654881185,0.24537153993183092,0.060974101464652264,1.414753553583822,-1.024989732804109,-0.06871943073271414,-1.0195741801539824,120000.0
ID_2403,-0.6012820157381421,-1.2105851160545795,0.2782647963819663,1.3847437555789985,-0.15105779189909693,1.1437501490243154,1.4303813893323656,1.4418094584216736,1.443526517765285,0.5849202654881185,-0.9606310395327731,0.060974101464652264,1.414753553583822,1.2735993016737392,0.22623102150989877,1.2788661148939067,100000.0
ID_2404,-0.7094420423927561,0.6222147155635368,-0.3810087211999231,-1.2697412108678772,-0.15105779189909693,-0.7048561921996358,-0.9354688951975273,-0.9122171603862802,-0.62655831935096,0.5849202654881185,-0.696817975274891,-1.3767310278071516,-0.31596357808214603,0.6989520430542773,-0.2903308516068944,0.7017925544086002,86000.0
ID_2405,0.801703166304203,0.6222147155635368,-0.3810087211999231,-0.6061199692561582,-0.15105779189909693,0.21944697841233984,-0.6725966413608725,-0.6506586471853965,-0.62655831935096,0.5849202654881185,1.752874764262586,0.060974101464652264,-0.8928692886374687,0.9862756723640083,0.9341121068921712,0.9872984559420784,160000.0
ID_2406,2.8146615522842113,2.455014547181653,4.893179419455191,1.3847437555789985,5.033906973624536,2.068053319636291,1.4303813893323656,1.4418094584216736,1.443526517765285,-1.5114339660212976,-2.752675497455958,4.374089489280064,1.414753553583822,-0.16301884487491597,0.46538003684174956,-0.16581443153535647,9.0
ID_2407,-0.8175414875364376,0.6222147155635368,-0.3810087211999231,-0.6061199692561582,-0.15105779189909693,-1.6291593628116114,-0.6725966413608725,-0.6506586471853965,-0.62655831935096,0.5849202654881185,1.1875610551385527,0.060974101464652264,-0.8928692886374687,0.6989520430542773,-0.2903308516068944,0.6990345984267916,170000.0
ID_2408,0.17136355987309534,0.6222147155635368,-0.3810087211999231,-0.6061199692561582,-0.15105779189909693,2.068053319636291,-0.6725966413608725,-0.6506586471853965,-0.62655831935096,2.6812744969975344,4.014129600758718,0.060974101464652264,-0.31596357808214603,-0.16301884487491597,-0.08306837165262702,-0.1636597784245685,210000.0
ID_2409,-0.6082378746751949,0.6222147155635368,-0.3810087211999231,-0.9379305900620176,-0.15105779189909693,1.1437501490243154,-0.9354688951975273,-0.9122171603862802,-0.9222847246532806,0.5849202654881185,1.752874764262586,0.060974101464652264,-0.8928692886374687,-0.450342474184647,-0.47686708356573715,-0.4481601751730123,150000.0
ID_2410,0.833563533644543,0.6222147155635368,-0.3810087211999231,-0.6061199692561582,-0.15105779189909693,0.21944697841233984,-0.6725966413608725,-0.6506586471853965,-0.62655831935096,0.5849202654881185,0.24537153993183092,0.060974101464652264,-0.31596357808214603,-0.7376661034943781,0.3617487968646123,-0.7358781872335661,120000.0
ID_2411,-0.7347210546818074,-1.2105851160545795,0.2782647963819663,1.3847437555789985,-0.15105779189909693,-0.7048561921996358,1.4303813893323656,1.4418094584216736,1.443526517765285,0.5849202654881185,-0.696817975274891,-1.3767310278071516,1.414753553583822,-1.3123133621138403,-0.020889627666346104,-1.307349649630824,86000.0
ID_2412,-0.8478322430026209,2.455014547181653,4.893179419455191,1.3847437555789985,5.033906973624536,2.068053319636291,1.4303813893323656,1.4418094584216736,1.443526517765285,0.5849202654881185,-2.752675497455958,4.374089489280064,1.414753553583822,-1.3123133621138403,-0.020889627666346104,-1.3067176180516595,9.0
ID_2413,-0.49398114505675095,0.6222147155635368,-0.3810087211999231,-1.2697412108678772,-0.15105779189909693,-1.6291593628116114,-0.9354688951975273,-0.9122171603862802,-0.62655831935096,-1.5114339660212976,-1.0360062007493107,-1.3767310278071516,-0.8928692886374687,0.9862756723640083,-2.2290322025637495,0.9821560171843311,81000.0
ID_2414,2.3949142926741804,0.6222147155635368,-0.3810087211999231,-0.6061199692561582,-0.15105779189909693,0.21944697841233984,-0.6725966413608725,-0.6506586471853965,-0.62655831935096,-1.5114339660212976,-0.5083800722335465,0.060974101464652264,-0.31596357808214603,-1.5996369914235713,-1.1464843264949127,-1.6037724602589611,65000.0
ID_2415,0.7381696835664046,0.6222147155635368,-0.3810087211999231,-0.2743093484502987,-0.15105779189909693,0.21944697841233984,-0.6725966413608725,-0.127541620783629,-0.62655831935096,0.5849202654881185,0.43380944297317525,0.060974101464652264,-0.31596357808214603,0.4116284137445462,0.5291531075969093,0.40962159258575126,140000.0
ID_2416,-0.4848057998555397,-1.2105851160545795,0.2782647963819663,1.3847437555789985,-0.15105779189909693,-1.6291593628116114,1.4303813893323656,1.4418094584216736,1.443526517765285,-1.5114339660212976,-0.696817975274891,0.060974101464652264,1.414753553583822,0.6989520430542773,0.5769829106632773,0.6957020682821062,76000.0
ID_2417,-0.7479939129860804,0.6222147155635368,-0.3810087211999231,-1.2697412108678772,-0.15105779189909693,-0.7048561921996358,-0.9354688951975273,-0.9122171603862802,-0.9222847246532806,0.5849202654881185,0.43380944297317525,0.060974101464652264,-0.8928692886374687,-0.450342474184647,-0.47686708356573715,-0.44761432971827936,130000.0
ID_2418,-0.49398114505675095,0.6222147155635368,-0.3810087211999231,-1.2697412108678772,-0.15105779189909693,-1.6291593628116114,-0.9354688951975273,-0.9122171603862802,-0.62655831935096,-1.5114339660212976,-0.8852558783162353,0.060974101464652264,-0.8928692886374687,0.9862756723640083,-2.2290322025637495,0.982184745892475,77000.0
ID_2419,2.2855536506210883,-1.2105851160545795,0.2782647963819663,1.3847437555789985,-0.15105779189909693,0.21944697841233984,1.4303813893323656,1.4418094584216736,1.443526517765285,-1.5114339660212976,-0.5083800722335465,0.060974101464652264,1.414753553583822,1.5609229309834705,0.48929493837493176,1.5577931422624456,110000.0
ID_2420,-0.5804089315168994,0.6222147155635368,-0.3810087211999231,-0.6061199692561582,-0.15105779189909693,1.1437501490243154,-0.6725966413608725,-0.6506586471853965,-0.62655831935096,0.5849202654881185,-0.5083800722335465,0.060974101464652264,-0.8928692886374687,-1.024989732804109,-0.06871943073271414,-1.0269000007306615,110000.0
ID_2421,2.4134026683287213,0.6222147155635368,-0.3810087211999231,-1.2697412108678772,-0.15105779189909693,0.21944697841233984,-0.9354688951975273,-0.9122171603862802,-0.62655831935096,-1.5114339660212976,-0.5083800722335465,0.060974101464652264,-0.31596357808214603,-0.450342474184647,1.559088200292738,-0.4539059168017802,74000.0
ID_2422,2.65258398089979,0.6222147155635368,-0.3810087211999231,-0.6061199692561582,-0.15105779189909693,0.21944697841233984,-0.6725966413608725,-0.6506586471853965,-0.62655831935096,-1.5114339660212976,-0.5083800722335465,0.060974101464652264,-0.31596357808214603,0.6989520430542773,0.5769829106632773,0.694495462540065,85000.0
ID_2423,-0.603887020708234,-1.2105851160545795,-0.3810087211999231,-0.2743093484502987,-0.15105779189909693,1.1437501490243154,-0.14685213368756297,-0.6506586471853965,-0.62655831935096,0.5849202654881185,0.056933636890486534,0.060974101464652264,-0.8928692886374687,-0.16301884487491597,-0.08306837165262702,-0.16503875641547278,120000.0
ID_2424,0.9328951819332859,-1.2105851160545795,0.2782647963819663,1.3847437555789985,-0.15105779189909693,0.21944697841233984,1.4303813893323656,1.4418094584216736,1.443526517765285,0.5849202654881185,0.43380944297317525,0.060974101464652264,1.414753553583822,-1.024989732804109,-0.06871943073271414,-1.021441546183332,120000.0
ID_2425,-0.6904139405499081,0.6222147155635368,-0.3810087211999231,-0.6061199692561582,-0.15105779189909693,-0.7048561921996358,-0.6725966413608725,-0.6506586471853965,-0.62655831935096,0.5849202654881185,-0.696817975274891,0.060974101464652264,-0.8928692886374687,-1.024989732804109,-0.06871943073271414,-1.0257221236967642,100000.0
ID_2426,-0.6662088732273852,0.6222147155635368,-0.3810087211999231,-0.2743093484502987,-0.15105779189909693,1.1437501490243154,-0.14685213368756297,-0.6506586471853965,-0.3308319140486392,0.5849202654881185,0.056933636890486534,-1.3767310278071516,-0.8928692886374687,0.1243047844348151,-1.1560502871081872,0.12175993698447819,190000.0
ID_2427,0.6223158050233801,-1.2105851160545795,-0.3810087211999231,-0.6061199692561582,-0.15105779189909693,0.21944697841233984,-0.6725966413608725,-0.3891001339845127,-0.62655831935096,0.5849202654881185,1.1875610551385527,0.060974101464652264,-0.8928692886374687,-1.5996369914235713,0.3856636983977981,-1.5997791698269674,96000.0
ID_2428,0.7381696835664046,-1.2105851160545795,-0.3810087211999231,-0.6061199692561582,-0.15105779189909693,0.21944697841233984,-0.6725966413608725,-0.3891001339845127,-0.9222847246532806,0.5849202654881185,0.810685249055864,0.060974101464652264,-0.31596357808214603,0.4116284137445462,0.5291531075969093,0.4120635327779776,110000.0
ID_2429,-0.11025234740105451,-1.2105851160545795,-0.3810087211999231,0.05750127235556074,-0.15105779189909693,1.1437501490243154,-0.6725966413608725,-0.6506586471853965,-0.62655831935096,-1.5114339660212976,-0.9606310395327731,-1.3767310278071516,-0.8928692886374687,0.6989520430542773,0.5769829106632773,0.6931452132573045,70000.0
ID_2430,0.833563533644543,0.6222147155635368,-0.3810087211999231,-0.6061199692561582,-0.15105779189909693,0.21944697841233984,-0.6725966413608725,-0.6506586471853965,-0.62655831935096,0.5849202654881185,-0.3199421691922022,0.060974101464652264,-0.31596357808214603,-0.7376661034943781,0.3617487968646123,-0.7383775848420802,100000.0
ID_2431,0.4625183014140505,0.6222147155635368,-0.3810087211999231,-0.6061199692561582,-0.15105779189909693,0.21944697841233984,-0.6725966413608725,-0.6506586471853965,-0.9222847246532806,0.5849202654881185,2.1297505703452746,0.060974101464652264,-0.31596357808214603,0.1243047844348151,-1.1560502871081872,0.12428806330113608,170000.0
ID_2432,-0.8478322430026209,0.6222147155635368,0.2782647963819663,1.3847437555789985,-0.15105779189909693,-1.6291593628116114,1.4303813893323656,1.4418094584216736,1.443526517765285,0.5849202654881185,0.24537153993183092,0.060974101464652264,1.414753553583822,-1.3123133621138403,-0.020889627666346104,-1.3076082080041185,120000.0
ID_2433,-1.095208581779814,2.455014547181653,4.893179419455191,1.3847437555789985,5.033906973624536,2.068053319636291,1.4303813893323656,1.4418094584216736,1.443526517765285,-1.5114339660212976,-2.752675497455958,4.374089489280064,1.414753553583822,1.5609229309834705,0.48929493837493176,1.5594019499185008,9.0
ID_2434,0.7381696835664046,0.6222147155635368,-0.3810087211999231,0.05750127235556074,-0.15105779189909693,0.21944697841233984,-0.6725966413608725,-0.6506586471853965,-0.62655831935096,0.5849202654881185,-0.3199421691922022,0.060974101464652264,-0.31596357808214603,0.4116284137445462,0.5291531075969093,0.4130115801467243,93000.0
ID_2435,0.751150649136185,0.6222147155635368,-0.3810087211999231,0.05750127235556074,-0.8917670441167587,0.21944697841233984,-0.6725966413608725,-0.6506586471853965,-0.62655831935096,0.5849202654881185,0.056933636890486534,0.060974101464652264,-0.31596357808214603,0.6989520430542773,-0.2903308516068944,0.7002986615851206,9.0
ID_2436,-0.8083661423352263,-1.2105851160545795,0.2782647963819663,1.3847437555789985,-0.15105779189909693,-1.6291593628116114,1.4303813893323656,1.4418094584216736,1.443526517765285,0.5849202654881185,-0.3199421691922022,0.060974101464652264,1.414753553583822,0.4116284137445462,0.5291531075969093,0.41660266866470425,67000.0
ID_2437,-0.8574702106509521,0.6222147155635368,-0.3810087211999231,-1.2697412108678772,-0.15105779189909693,-1.6291593628116114,-0.9354688951975273,-0.9122171603862802,-0.9222847246532806,0.5849202654881185,-0.3199421691922022,0.060974101464652264,-0.8928692886374687,-1.5996369914235713,0.3856636983977981,-1.5971361286777344,79000.0
ID_2438,-0.8376104898853053,-1.2105851160545795,0.2782647963819663,1.3847437555789985,-0.15105779189909693,-0.7048561921996358,1.4303813893323656,1.4418094584216736,1.443526517765285,0.5849202654881185,-0.3199421691922022,0.060974101464652264,1.414753553583822,1.5609229309834705,-0.2393123950027652,1.56598082408344,120000.0
ID_2439,-0.31916493414627917,0.6222147155635368,-0.3810087211999231,-0.6061199692561582,-0.15105779189909693,-0.7048561921996358,-0.6725966413608725,-0.6506586471853965,-0.62655831935096,-1.5114339660212976,-0.9606310395327731,-1.3767310278071516,-0.8928692886374687,-1.3123133621138403,-0.10220029287917282,-1.317375968773024,59000.0
ID_2440,0.7456432390514247,-1.2105851160545795,0.2782647963819663,1.3847437555789985,-0.15105779189909693,0.21944697841233984,1.4303813893323656,1.4418094584216736,1.443526517765285,0.5849202654881185,2.1297505703452746,0.060974101464652264,1.414753553583822,1.2735993016737392,0.22623102150989877,1.2770562062808448,210000.0
ID_2441,-0.7679747967735919,0.6222147155635368,-0.3810087211999231,-1.2697412108678772,-0.15105779189909693,-1.6291593628116114,-0.9354688951975273,-0.9122171603862802,-0.62655831935096,0.5849202654881185,0.6222473460145197,0.060974101464652264,-0.31596357808214603,-0.16301884487491597,-0.08306837165262702,-0.16012614732287622,130000.0
ID_2442,-0.8879812625205259,0.6222147155635368,-0.3810087211999231,-1.2697412108678772,-0.15105779189909693,-1.6291593628116114,-0.9354688951975273,-0.9122171603862802,-0.62655831935096,0.5849202654881185,0.6222473460145197,0.060974101464652264,-0.8928692886374687,0.1243047844348151,-1.1560502871081872,0.12658635995264325,110000.0
ID_2443,-0.3856724183298485,-1.2105851160545795,-0.3810087211999231,-0.6061199692561582,-0.8917670441167587,-1.6291593628116114,-0.6725966413608725,-0.3891001339845127,-0.62655831935096,-1.5114339660212976,-0.696817975274891,0.060974101464652264,-0.8928692886374687,-0.16301884487491597,0.46538003684174956,-0.16739451048326764,9.0
ID_2444,0.751150649136185,0.6222147155635368,-0.3810087211999231,-0.6061199692561582,-0.15105779189909693,0.21944697841233984,-0.6725966413608725,-0.6506586471853965,-0.9222847246532806,0.5849202654881185,0.9991231520972084,0.060974101464652264,-0.31596357808214603,0.6989520430542773,-0.2903308516068944,0.6972534185218736,170000.0
ID_2445,0.4740122662609459,-1.2105851160545795,0.2782647963819663,1.3847437555789985,-0.15105779189909693,0.21944697841233984,1.4303813893323656,1.4418094584216736,1.443526517765285,0.5849202654881185,0.810685249055864,0.060974101464652264,1.414753553583822,-1.3123133621138403,-0.020889627666346104,-1.3089297285787351,140000.0
ID_2446,0.9328951819332859,0.6222147155635368,-0.3810087211999231,-0.6061199692561582,-0.15105779189909693,0.21944697841233984,-0.6725966413608725,-0.6506586471853965,-0.62655831935096,0.5849202654881185,1.5644368612212416,0.060974101464652264,-0.31596357808214603,-1.024989732804109,-0.06871943073271414,-1.0267563571899423,100000.0
ID_2447,-0.6012820157381421,-1.2105851160545795,-0.3810087211999231,-0.6061199692561582,-0.15105779189909693,1.1437501490243154,-0.6725966413608725,-0.6506586471853965,-0.62655831935096,0.5849202654881185,0.056933636890486534,0.060974101464652264,-0.8928692886374687,1.2735993016737392,0.22623102150989877,1.2747291809211938,140000.0
ID_2448,-0.603887020708234,0.6222147155635368,-0.3810087211999231,-0.6061199692561582,-0.15105779189909693,1.1437501490243154,-0.6725966413608725,-0.6506586471853965,-0.62655831935096,0.5849202654881185,0.6222473460145197,-1.3767310278071516,-0.8928692886374687,-0.16301884487491597,-0.08306837165262702,-0.162137156892945,140000.0
ID_2449,-0.6904139405499081,0.6222147155635368,-0.3810087211999231,-0.6061199692561582,-0.8917670441167587,-0.7048561921996358,-0.6725966413608725,-0.6506586471853965,-0.9222847246532806,0.5849202654881185,0.24537153993183092,0.060974101464652264,-0.8928692886374687,-1.024989732804109,-0.06871943073271414,-1.0256646662804765,9.0
ID_2450,-0.7036812914440965,-1.2105851160545795,0.2782647963819663,1.3847437555789985,-0.15105779189909693,-0.7048561921996358,1.4303813893323656,1.4418094584216736,1.443526517765285,0.5849202654881185,0.056933636890486534,0.060974101464652264,1.414753553583822,0.4116284137445462,0.5291531075969093,0.41651648254027274,130000.0
ID_2451,-0.6082378746751949,0.6222147155635368,-0.3810087211999231,-0.2743093484502987,-0.15105779189909693,1.1437501490243154,-0.14685213368756297,-0.127541620783629,-0.9222847246532806,0.5849202654881185,0.056933636890486534,0.060974101464652264,-0.8928692886374687,-0.450342474184647,-0.47686708356573715,-0.45223965172943753,120000.0
ID_2452,0.801703166304203,-1.2105851160545795,0.2782647963819663,1.3847437555789985,-0.15105779189909693,0.21944697841233984,1.4303813893323656,1.4418094584216736,1.443526517765285,0.5849202654881185,0.810685249055864,0.060974101464652264,1.414753553583822,0.9862756723640083,0.9341121068921712,0.9906597147949077,180000.0
ID_2453,0.6223158050233801,-1.2105851160545795,0.2782647963819663,1.3847437555789985,-0.15105779189909693,0.21944697841233984,1.4303813893323656,1.4418094584216736,1.443526517765285,0.5849202654881185,0.43380944297317525,0.060974101464652264,1.414753553583822,-1.5996369914235713,0.3856636983977981,-1.5959582516438369,80000.0
ID_2454,-0.8015644908805469,0.6222147155635368,-0.3810087211999231,-0.6061199692561582,-0.15105779189909693,-0.7048561921996358,-0.6725966413608725,-0.6506586471853965,-0.62655831935096,0.5849202654881185,0.056933636890486534,0.060974101464652264,-0.8928692886374687,0.1243047844348151,-1.1560502871081872,0.12345493076496472,130000.0
ID_2455,0.833563533644543,0.6222147155635368,-0.3810087211999231,0.05750127235556074,-0.15105779189909693,0.21944697841233984,-0.6725966413608725,-0.6506586471853965,-0.62655831935096,0.5849202654881185,0.43380944297317525,0.060974101464652264,-0.8928692886374687,-0.7376661034943781,0.3617487968646123,-0.7386936006316625,110000.0
ID_2456,2.4134026683287213,-1.2105851160545795,0.2782647963819663,1.3847437555789985,-0.15105779189909693,0.21944697841233984,1.4303813893323656,1.4418094584216736,1.443526517765285,-1.5114339660212976,-0.696817975274891,0.060974101464652264,1.414753553583822,-0.450342474184647,1.559088200292738,-0.4532451565144719,73000.0
ID_2457,-0.6904139405499081,-1.2105851160545795,-0.3810087211999231,-1.2697412108678772,-0.15105779189909693,-0.7048561921996358,-0.9354688951975273,-0.9122171603862802,-0.9222847246532806,0.5849202654881185,-0.5083800722335465,-1.3767310278071516,-0.8928692886374687,-1.024989732804109,-0.06871943073271414,-1.022877981590524,130000.0
ID_2458,0.4625183014140505,0.6222147155635368,-0.3810087211999231,-0.2743093484502987,-0.15105779189909693,0.21944697841233984,-0.6725966413608725,-0.6506586471853965,-0.62655831935096,0.5849202654881185,0.9991231520972084,0.060974101464652264,-0.31596357808214603,0.1243047844348151,-1.1560502871081872,0.12101299057273836,150000.0
ID_2459,0.6223158050233801,-1.2105851160545795,0.2782647963819663,1.3847437555789985,-0.15105779189909693,0.21944697841233984,1.4303813893323656,1.4418094584216736,1.443526517765285,0.5849202654881185,1.1875610551385527,0.060974101464652264,1.414753553583822,-1.5996369914235713,0.3856636983977981,-1.5955273210216792,97000.0
ID_2460,-0.49398114505675095,0.6222147155635368,-0.3810087211999231,-0.6061199692561582,-0.15105779189909693,-1.6291593628116114,-0.6725966413608725,-0.6506586471853965,-0.62655831935096,-1.5114339660212976,-1.394038216527865,-1.3767310278071516,-0.8928692886374687,0.9862756723640083,-2.2290322025637495,0.9817825439784612,42400.0
ID_2461,-0.6543238822644718,-1.2105851160545795,-0.3810087211999231,-0.2743093484502987,-0.15105779189909693,1.1437501490243154,-0.14685213368756297,-0.6506586471853965,-0.62655831935096,0.5849202654881185,-0.3199421691922022,0.060974101464652264,-0.8928692886374687,-1.5996369914235713,0.3856636983977981,-1.601100690401584,110000.0
ID_2462,-0.6609933558771169,-1.2105851160545795,-0.3810087211999231,-0.9379305900620176,-0.15105779189909693,1.1437501490243154,-0.9354688951975273,-0.9122171603862802,-0.9222847246532806,0.5849202654881185,1.1875610551385527,0.060974101464652264,-0.8928692886374687,-1.3123133621138403,-0.020889627666346104,-1.3099065046556257,150000.0
ID_2463,0.751150649136185,0.6222147155635368,-0.3810087211999231,-0.6061199692561582,-0.15105779189909693,0.21944697841233984,-0.6725966413608725,-0.6506586471853965,-0.62655831935096,0.5849202654881185,0.43380944297317525,0.060974101464652264,-0.31596357808214603,0.6989520430542773,-0.2903308516068944,0.6984887529720587,140000.0
ID_2464,-0.5804089315168994,0.6222147155635368,-0.3810087211999231,-1.2697412108678772,-0.15105779189909693,1.1437501490243154,-0.9354688951975273,-0.9122171603862802,-0.9222847246532806,0.5849202654881185,-0.696817975274891,-1.3767310278071516,-0.31596357808214603,-1.024989732804109,-0.06871943073271414,-1.0222746787195034,74000.0
ID_2465,3.0160730464939918,0.6222147155635368,-0.3810087211999231,0.05750127235556074,-0.15105779189909693,0.21944697841233984,-0.6725966413608725,-0.6506586471853965,-0.62655831935096,-1.5114339660212976,-0.5083800722335465,0.060974101464652264,-0.31596357808214603,-1.024989732804109,0.19912746643895535,-1.0297154141287579,63000.0
ID_2466,-0.7702713867789371,0.6222147155635368,-0.3810087211999231,-0.6061199692561582,-0.15105779189909693,-1.6291593628116114,-0.14685213368756297,-0.3891001339845127,-0.62655831935096,0.5849202654881185,0.056933636890486534,0.060974101464652264,-0.8928692886374687,-1.024989732804109,-0.06871943073271414,-1.0263254265677848,120000.0
ID_2467,-0.6546157749989641,-1.2105851160545795,-0.3810087211999231,0.05750127235556074,-0.15105779189909693,1.1437501490243154,-0.14685213368756297,-0.6506586471853965,-0.3308319140486392,0.5849202654881185,-0.13150426615085783,0.060974101464652264,-0.8928692886374687,1.5609229309834705,-0.2393123950027652,1.5601201676220966,95000.0
ID_2468,-0.5812791023102916,-1.2105851160545795,-0.3810087211999231,-1.2697412108678772,-0.15105779189909693,1.1437501490243154,-0.9354688951975273,-0.9122171603862802,-0.62655831935096,0.5849202654881185,-0.696817975274891,-1.3767310278071516,-0.8928692886374687,-0.7376661034943781,0.3617487968646123,-0.735562171443984,120000.0
ID_2469,0.832186681123353,0.6222147155635368,-0.3810087211999231,-0.6061199692561582,-0.15105779189909693,0.21944697841233984,-0.6725966413608725,-0.6506586471853965,-0.9222847246532806,0.5849202654881185,1.5644368612212416,0.060974101464652264,-0.31596357808214603,-0.16301884487491597,-0.08306837165262702,-0.16383215067343151,150000.0
ID_2470,-0.8015644908805469,-1.2105851160545795,-0.3810087211999231,-1.2697412108678772,-0.15105779189909693,-0.7048561921996358,-0.9354688951975273,-0.9122171603862802,-0.62655831935096,0.5849202654881185,0.24537153993183092,0.060974101464652264,-0.8928692886374687,0.1243047844348151,-1.1560502871081872,0.1264714451200679,130000.0
ID_2471,0.4740122662609459,0.6222147155635368,-0.3810087211999231,0.05750127235556074,-0.15105779189909693,0.21944697841233984,-0.6725966413608725,-0.6506586471853965,-0.62655831935096,0.5849202654881185,1.1875610551385527,0.060974101464652264,-0.8928692886374687,-1.3123133621138403,-0.020889627666346104,-1.3106821797755093,89000.0
ID_2472,-0.6904139405499081,0.6222147155635368,-0.3810087211999231,-0.6061199692561582,-0.8917670441167587,-0.7048561921996358,-0.6725966413608725,-0.6506586471853965,-0.9222847246532806,0.5849202654881185,-0.3199421691922022,0.060974101464652264,-0.8928692886374687,-1.024989732804109,-0.06871943073271414,-1.0252911930746065,9.0
ID_2473,2.3949142926741804,0.6222147155635368,-0.3810087211999231,0.05750127235556074,-0.15105779189909693,0.21944697841233984,-0.6725966413608725,-0.6506586471853965,-0.62655831935096,-1.5114339660212976,-0.696817975274891,0.060974101464652264,-0.31596357808214603,-1.5996369914235713,-1.1464843264949127,-1.6035426305938105,73000.0
ID_2474,-0.8574702106509521,0.6222147155635368,-0.3810087211999231,-1.2697412108678772,-0.15105779189909693,-1.6291593628116114,-0.9354688951975273,-0.9122171603862802,-0.9222847246532806,0.5849202654881185,0.056933636890486534,0.060974101464652264,-0.8928692886374687,-1.5996369914235713,0.3856636983977981,-1.597164857385878,190000.0
ID_2475,-0.7104388836180978,0.6222147155635368,-0.3810087211999231,-0.6061199692561582,-0.15105779189909693,-0.7048561921996358,-0.6725966413608725,-0.6506586471853965,-0.62655831935096,0.5849202654881185,1.5644368612212416,0.060974101464652264,-0.8928692886374687,-0.16301884487491597,-0.08306837165262702,-0.1632288478024109,150000.0
ID_2476,-1.095208581779814,2.455014547181653,4.893179419455191,1.3847437555789985,5.033906973624536,2.068053319636291,1.4303813893323656,1.4418094584216736,1.443526517765285,-1.5114339660212976,-2.752675497455958,4.374089489280064,1.414753553583822,1.5609229309834705,0.48929493837493176,1.559516864751076,9.0
ID_2477,-0.7479939129860804,0.6222147155635368,-0.3810087211999231,0.05750127235556074,-0.15105779189909693,-0.7048561921996358,-0.6725966413608725,-0.6506586471853965,-0.62655831935096,0.5849202654881185,0.24537153993183092,-1.3767310278071516,-0.31596357808214603,-0.450342474184647,-0.47686708356573715,-0.4487922067521768,130000.0
ID_2478,0.751150649136185,-1.2105851160545795,0.2782647963819663,1.3847437555789985,-0.15105779189909693,0.21944697841233984,1.4303813893323656,1.4418094584216736,1.443526517765285,0.5849202654881185,-0.3199421691922022,0.060974101464652264,1.414753553583822,0.6989520430542773,-0.2903308516068944,0.7025107721121963,85000.0
ID_2479,-0.8905146711595159,0.6222147155635368,-0.3810087211999231,-1.2697412108678772,-0.15105779189909693,-1.6291593628116114,-0.9354688951975273,-0.9122171603862802,-0.62655831935096,0.5849202654881185,-0.696817975274891,0.060974101464652264,-0.31596357808214603,1.5609229309834705,-0.2393123950027652,1.5637687135563643,82000.0
ID_2480,0.9328951819332859,-1.2105851160545795,0.2782647963819663,1.3847437555789985,-0.15105779189909693,0.21944697841233984,1.4303813893323656,1.4418094584216736,1.443526517765285,0.5849202654881185,0.056933636890486534,0.060974101464652264,1.414753553583822,-1.024989732804109,-0.06871943073271414,-1.0195167227376947,140000.0
ID_2481,-0.6082378746751949,0.6222147155635368,0.2782647963819663,1.3847437555789985,-0.15105779189909693,1.1437501490243154,1.4303813893323656,1.4418094584216736,1.443526517765285,0.5849202654881185,-0.696817975274891,0.060974101464652264,1.414753553583822,-0.450342474184647,-0.47686708356573715,-0.4456033201482106,100000.0
ID_2482,-0.34419611298151626,-1.2105851160545795,-0.3810087211999231,-0.6061199692561582,-0.15105779189909693,-0.7048561921996358,-0.6725966413608725,-0.6506586471853965,-0.62655831935096,-1.5114339660212976,-0.696817975274891,0.060974101464652264,-0.8928692886374687,-1.5996369914235713,-1.1464843264949127,-1.6046343215032763,66000.0
ID_2483,-0.8905146711595159,0.6222147155635368,-0.3810087211999231,-0.9379305900620176,-0.15105779189909693,-1.6291593628116114,-0.9354688951975273,-0.9122171603862802,-0.9222847246532806,0.5849202654881185,-0.3199421691922022,-1.3767310278071516,-0.8928692886374687,1.5609229309834705,-0.2393123950027652,1.563625070015645,240000.0
ID_2484,0.801703166304203,-1.2105851160545795,0.2782647963819663,1.3847437555789985,-0.15105779189909693,0.21944697841233984,1.4303813893323656,1.4418094584216736,1.443526517765285,0.5849202654881185,0.43380944297317525,0.060974101464652264,1.414753553583822,0.9862756723640083,0.9341121068921712,0.9904586138379008,170000.0
ID_2485,-0.5912805590242168,0.6222147155635368,-0.3810087211999231,-0.6061199692561582,-0.15105779189909693,-1.6291593628116114,-0.6725966413608725,-0.3891001339845127,-0.62655831935096,-1.5114339660212976,-1.0360062007493107,0.060974101464652264,-0.31596357808214603,1.2735993016737392,-0.7128274453598268,1.2690983541250014,81000.0
ID_2486,-0.8478322430026209,-1.2105851160545795,0.2782647963819663,1.3847437555789985,-0.15105779189909693,-1.6291593628116114,1.4303813893323656,1.4418094584216736,1.443526517765285,0.5849202654881185,0.24537153993183092,0.060974101464652264,1.414753553583822,-1.3123133621138403,-0.020889627666346104,-1.3077805802529816,110000.0
ID_2487,-0.23054519847239607,0.6222147155635368,-0.3810087211999231,-0.6061199692561582,-0.15105779189909693,-0.7048561921996358,-0.6725966413608725,-0.6506586471853965,-0.62655831935096,-1.5114339660212976,-0.3199421691922022,0.060974101464652264,-0.8928692886374687,-1.024989732804109,0.19912746643895535,-1.0289397390088741,73000.0
ID_2488,-0.6546157749989641,0.6222147155635368,-0.3810087211999231,-0.6061199692561582,-0.15105779189909693,1.1437501490243154,-0.14685213368756297,-0.6506586471853965,-0.9222847246532806,0.5849202654881185,-0.5083800722335465,0.060974101464652264,-0.31596357808214603,1.5609229309834705,-0.2393123950027652,1.5605510982442543,160000.0
ID_2489,-0.5804089315168994,0.6222147155635368,-0.3810087211999231,-0.6061199692561582,-0.15105779189909693,1.1437501490243154,-0.6725966413608725,-0.6506586471853965,-0.9222847246532806,0.5849202654881185,-0.13150426615085783,-1.3767310278071516,-0.8928692886374687,-1.024989732804109,-0.06871943073271414,-1.0271298303958123,160000.0
ID_2490,-0.6662088732273852,0.6222147155635368,-0.3810087211999231,-1.2697412108678772,-0.15105779189909693,1.1437501490243154,-0.9354688951975273,-0.9122171603862802,-0.62655831935096,0.5849202654881185,0.43380944297317525,0.060974101464652264,-0.8928692886374687,0.1243047844348151,-1.1560502871081872,0.12572449870832805,180000.0
ID_2491,-0.6302675150142374,-1.2105851160545795,0.2782647963819663,1.3847437555789985,-0.15105779189909693,1.1437501490243154,1.4303813893323656,1.4418094584216736,1.443526517765285,0.5849202654881185,0.24537153993183092,0.060974101464652264,1.414753553583822,0.6989520430542773,-0.2903308516068944,0.7033151759402237,110000.0
ID_2492,-0.603887020708234,-1.2105851160545795,0.2782647963819663,1.3847437555789985,-0.15105779189909693,1.1437501490243154,1.4303813893323656,1.4418094584216736,1.443526517765285,0.5849202654881185,-0.5083800722335465,0.060974101464652264,1.414753553583822,-0.16301884487491597,-0.08306837165262702,-0.15834496741795814,74000.0
ID_2493,-0.5249438045532752,0.6222147155635368,-0.3810087211999231,-0.6061199692561582,-0.15105779189909693,-0.7048561921996358,-0.6725966413608725,-0.6506586471853965,-0.62655831935096,-1.5114339660212976,-0.696817975274891,0.060974101464652264,-0.8928692886374687,1.5609229309834705,0.48929493837493176,1.55558103173537,88000.0
ID_2494,-0.6546157749989641,-1.2105851160545795,0.2782647963819663,1.3847437555789985,-0.15105779189909693,1.1437501490243154,1.4303813893323656,1.4418094584216736,1.443526517765285,0.5849202654881185,0.6222473460145197,-1.3767310278071516,1.414753553583822,1.5609229309834705,-0.2393123950027652,1.5671874298254813,150000.0
ID_2495,-0.6012820157381421,-1.2105851160545795,-0.3810087211999231,-0.6061199692561582,-0.15105779189909693,1.1437501490243154,-0.6725966413608725,-0.6506586471853965,-0.62655831935096,0.5849202654881185,0.43380944297317525,0.060974101464652264,-0.31596357808214603,1.2735993016737392,0.22623102150989877,1.2742120641746049,140000.0
ID_2496,-0.5249438045532752,0.6222147155635368,-0.3810087211999231,0.05750127235556074,-0.15105779189909693,-0.7048561921996358,-0.6725966413608725,-0.6506586471853965,-0.9222847246532806,-1.5114339660212976,-0.696817975274891,0.060974101464652264,-0.8928692886374687,1.5609229309834705,0.48929493837493176,1.5554948456109385,83000.0
ID_2497,-0.8574702106509521,-1.2105851160545795,0.2782647963819663,1.3847437555789985,-0.15105779189909693,-1.6291593628116114,1.4303813893323656,1.4418094584216736,1.443526517765285,0.5849202654881185,1.1875610551385527,0.060974101464652264,1.414753553583822,-1.5996369914235713,0.3856636983977981,-1.5942632578633502,140000.0
ID_2498,-0.8221346675471279,0.6222147155635368,-0.3810087211999231,-0.6061199692561582,-0.15105779189909693,-1.6291593628116114,-0.6725966413608725,-0.3891001339845127,-0.62655831935096,0.5849202654881185,0.24537153993183092,0.060974101464652264,-0.8928692886374687,0.9862756723640083,0.9341121068921712,0.986838796611777,130000.0
ID_2499,-0.8707816208258186,-1.2105851160545795,-0.3810087211999231,-0.6061199692561582,-0.15105779189909693,-1.6291593628116114,-0.6725966413608725,-0.6506586471853965,-0.62655831935096,0.5849202654881185,0.056933636890486534,0.060974101464652264,-0.8928692886374687,1.2735993016737392,0.22623102150989877,1.2748440957537692,130000.0
ID_2500,-0.5249438045532752,0.6222147155635368,-0.3810087211999231,-0.6061199692561582,-0.8917670441167587,-0.7048561921996358,-0.6725966413608725,-0.6506586471853965,-0.62655831935096,-1.5114339660212976,-0.696817975274891,-1.3767310278071516,-0.8928692886374687,1.5609229309834705,0.48929493837493176,1.5556384891516577,9.0
ID_2501,-0.6609933558771169,0.6222147155635368,-0.3810087211999231,0.05750127235556074,-0.15105779189909693,1.1437501490243154,-0.14685213368756297,-0.6506586471853965,-0.62655831935096,0.5849202654881185,0.43380944297317525,0.060974101464652264,-0.31596357808214603,-1.3123133621138403,-0.020889627666346104,-1.3142732682934892,120000.0
ID_2502,0.832186681123353,0.6222147155635368,-0.3810087211999231,-0.6061199692561582,-0.15105779189909693,0.21944697841233984,-0.6725966413608725,-0.6506586471853965,-0.62655831935096,0.5849202654881185,0.056933636890486534,0.060974101464652264,-0.8928692886374687,-0.16301884487491597,-0.08306837165262702,-0.16130402435677363,110000.0
ID_2503,-1.095208581779814,2.455014547181653,4.893179419455191,1.3847437555789985,5.033906973624536,2.068053319636291,1.4303813893323656,1.4418094584216736,1.443526517765285,-1.5114339660212976,-2.752675497455958,4.374089489280064,1.414753553583822,1.5609229309834705,0.48929493837493176,1.5583389877171787,9.0
ID_2504,-0.8221346675471279,0.6222147155635368,-0.3810087211999231,-0.6061199692561582,-0.15105779189909693,-1.6291593628116114,-0.6725966413608725,-0.6506586471853965,-0.62655831935096,0.5849202654881185,0.43380944297317525,0.060974101464652264,-0.31596357808214603,0.9862756723640083,0.9341121068921712,0.9867526104873454,150000.0
ID_2505,-0.5804089315168994,0.6222147155635368,-0.3810087211999231,-0.6061199692561582,-0.15105779189909693,1.1437501490243154,-0.6725966413608725,-0.6506586471853965,-0.62655831935096,0.5849202654881185,-0.13150426615085783,0.060974101464652264,-0.8928692886374687,-1.024989732804109,-0.06871943073271414,-1.0271872878121,120000.0
ID_2506,2.753683507825741,-1.2105851160545795,0.2782647963819663,1.3847437555789985,-0.15105779189909693,0.21944697841233984,1.4303813893323656,1.4418094584216736,1.443526517765285,-1.5114339660212976,-0.5083800722335465,0.060974101464652264,1.414753553583822,0.9862756723640083,-2.2290322025637495,0.9828167774716394,89000.0
ID_2507,2.2855536506210883,-1.2105851160545795,0.2782647963819663,1.3847437555789985,-0.15105779189909693,0.21944697841233984,1.4303813893323656,1.4418094584216736,1.443526517765285,-1.5114339660212976,-0.5083800722335465,0.060974101464652264,1.414753553583822,1.5609229309834705,0.48929493837493176,1.5576782274298704,91000.0
ID_2508,-0.603887020708234,0.6222147155635368,0.2782647963819663,1.3847437555789985,-0.15105779189909693,1.1437501490243154,1.4303813893323656,1.4418094584216736,1.443526517765285,0.5849202654881185,-0.3199421691922022,0.060974101464652264,1.414753553583822,-0.16301884487491597,-0.08306837165262702,-0.1593217434948487,110000.0
ID_2509,-0.7094420423927561,0.6222147155635368,-0.3810087211999231,-0.6061199692561582,-0.15105779189909693,-0.7048561921996358,-0.6725966413608725,-0.6506586471853965,-0.3308319140486392,0.5849202654881185,0.056933636890486534,0.060974101464652264,-0.31596357808214603,0.6989520430542773,-0.2903308516068944,0.7006434060828466,120000.0
ID_2510,-0.7472393978044682,-1.2105851160545795,-0.3810087211999231,-0.6061199692561582,-0.15105779189909693,-0.7048561921996358,-0.14685213368756297,-0.6506586471853965,-0.62655831935096,0.5849202654881185,0.43380944297317525,0.060974101464652264,-0.8928692886374687,-1.5996369914235713,0.3856636983977981,-1.5995493401618168,110000.0
ID_2511,-0.7036812914440965,-1.2105851160545795,0.2782647963819663,1.3847437555789985,-0.15105779189909693,0.21944697841233984,1.4303813893323656,1.4418094584216736,1.443526517765285,0.5849202654881185,1.5644368612212416,0.060974101464652264,1.414753553583822,0.4116284137445462,0.5291531075969093,0.4164015677076974,170000.0
ID_2512,0.833563533644543,0.6222147155635368,-0.3810087211999231,-0.2743093484502987,-0.15105779189909693,0.21944697841233984,-0.6725966413608725,-0.6506586471853965,-0.62655831935096,0.5849202654881185,0.24537153993183092,0.060974101464652264,-0.31596357808214603,-0.7376661034943781,0.3617487968646123,-0.7401587647469983,91000.0
ID_2513,0.7381696835664046,0.6222147155635368,-0.3810087211999231,-0.6061199692561582,-0.15105779189909693,0.21944697841233984,-0.6725966413608725,-0.6506586471853965,-0.62655831935096,0.5849202654881185,0.24537153993183092,0.060974101464652264,-0.8928692886374687,0.4116284137445462,0.5291531075969093,0.4108856557440802,130000.0
ID_2514,0.751150649136185,0.6222147155635368,-0.3810087211999231,-0.6061199692561582,-0.15105779189909693,0.21944697841233984,-0.6725966413608725,-0.6506586471853965,-0.62655831935096,0.5849202654881185,0.24537153993183092,0.060974101464652264,-0.8928692886374687,0.6989520430542773,-0.2903308516068944,0.7004997625421274,130000.0
ID_2515,-0.6662088732273852,0.6222147155635368,-0.3810087211999231,-1.2697412108678772,-0.15105779189909693,1.1437501490243154,-0.9354688951975273,-0.9122171603862802,-0.9222847246532806,0.5849202654881185,0.24537153993183092,0.060974101464652264,-0.8928692886374687,0.1243047844348151,-1.1560502871081872,0.1263278015793487,130000.0
ID_2516,-0.6082378746751949,-1.2105851160545795,0.2782647963819663,1.3847437555789985,-0.15105779189909693,1.1437501490243154,1.4303813893323656,1.4418094584216736,1.443526517765285,0.5849202654881185,0.24537153993183092,0.060974101464652264,1.414753553583822,-0.450342474184647,-0.47686708356573715,-0.4472121278042656,120000.0
ID_2517,-0.5804089315168994,0.6222147155635368,-0.3810087211999231,-0.6061199692561582,-0.15105779189909693,1.1437501490243154,-0.6725966413608725,-0.3891001339845127,-0.9222847246532806,0.5849202654881185,0.43380944297317525,0.060974101464652264,-0.8928692886374687,-1.024989732804109,-0.06871943073271414,-1.0272160165202437,110000.0
ID_2518,0.832186681123353,-1.2105851160545795,0.2782647963819663,1.3847437555789985,-0.15105779189909693,0.21944697841233984,1.4303813893323656,1.4418094584216736,1.443526517765285,0.5849202654881185,0.810685249055864,0.060974101464652264,1.414753553583822,-0.16301884487491597,-0.08306837165262702,-0.15765547842250602,110000.0
ID_2519,0.4740122662609459,0.6222147155635368,-0.3810087211999231,-0.6061199692561582,-0.15105779189909693,0.21944697841233984,-0.6725966413608725,-0.6506586471853965,-0.62655831935096,0.5849202654881185,0.43380944297317525,0.060974101464652264,-0.8928692886374687,-1.3123133621138403,-0.020889627666346104,-1.313411407049174,120000.0
ID_2520,0.631562746555693,0.6222147155635368,-0.3810087211999231,-0.6061199692561582,-0.15105779189909693,0.21944697841233984,-0.6725966413608725,-0.3891001339845127,-0.62655831935096,0.5849202654881185,0.24537153993183092,0.060974101464652264,-0.31596357808214603,-0.450342474184647,-0.47686708356573715,-0.4495104244557728,87000.0
ID_2521,0.7456432390514247,-1.2105851160545795,0.2782647963819663,1.3847437555789985,-0.15105779189909693,0.21944697841233984,1.4303813893323656,1.4418094584216736,1.443526517765285,0.5849202654881185,0.9991231520972084,0.060974101464652264,1.414753553583822,1.2735993016737392,0.22623102150989877,1.2776595091518654,160000.0
ID_2522,-0.25707990026077276,-1.2105851160545795,-0.3810087211999231,-0.6061199692561582,-0.15105779189909693,-0.7048561921996358,-0.6725966413608725,-0.6506586471853965,-0.62655831935096,-1.5114339660212976,-0.5083800722335465,0.060974101464652264,-0.8928692886374687,0.4116284137445462,-1.5466603454835397,0.4067487217713673,73000.0
ID_2523,-0.7036812914440965,-1.2105851160545795,-0.3810087211999231,-0.6061199692561582,-0.15105779189909693,-0.7048561921996358,-0.6725966413608725,-0.6506586471853965,-0.62655831935096,0.5849202654881185,0.056933636890486534,0.060974101464652264,-0.8928692886374687,0.4116284137445462,0.5291531075969093,0.41128785765809395,100000.0
ID_2524,0.9328951819332859,0.6222147155635368,0.2782647963819663,1.3847437555789985,-0.15105779189909693,0.21944697841233984,1.4303813893323656,1.4418094584216736,1.443526517765285,0.5849202654881185,0.056933636890486534,0.060974101464652264,1.414753553583822,-1.024989732804109,-0.06871943073271414,-1.0194592653214072,110000.0
ID_2525,-0.6256798424136317,0.6222147155635368,-0.3810087211999231,-0.6061199692561582,-0.15105779189909693,-1.6291593628116114,-0.6725966413608725,-0.6506586471853965,-0.62655831935096,-1.5114339660212976,-1.130225152269983,-1.3767310278071516,-0.31596357808214603,0.1243047844348151,5.06660709182652,0.11940418291668334,69000.0
ID_2526,-0.34569963593465586,0.6222147155635368,-0.3810087211999231,-0.6061199692561582,-0.15105779189909693,-0.7048561921996358,-0.6725966413608725,-0.6506586471853965,-0.62655831935096,-1.5114339660212976,-0.3199421691922022,0.060974101464652264,-0.8928692886374687,-0.450342474184647,1.559088200292738,-0.45551472445783525,79000.0
ID_2527,0.751150649136185,0.6222147155635368,-0.3810087211999231,0.05750127235556074,-0.15105779189909693,0.21944697841233984,-0.6725966413608725,-0.3891001339845127,-0.62655831935096,0.5849202654881185,1.375998958179897,0.060974101464652264,-0.31596357808214603,0.6989520430542773,-0.2903308516068944,0.6980578223499011,170000.0
ID_2528,-0.8175414875364376,0.6222147155635368,-0.3810087211999231,-0.6061199692561582,-0.15105779189909693,-1.6291593628116114,-0.6725966413608725,-0.6506586471853965,-0.62655831935096,0.5849202654881185,-0.3199421691922022,0.060974101464652264,-0.8928692886374687,0.6989520430542773,-0.2903308516068944,0.6997528161303876,80000.0
ID_2529,0.5676382377018765,0.6222147155635368,-0.3810087211999231,-0.2743093484502987,-0.15105779189909693,0.21944697841233984,-0.6725966413608725,-0.6506586471853965,-0.62655831935096,0.5849202654881185,1.375998958179897,0.060974101464652264,-0.31596357808214603,1.5609229309834705,-0.2393123950027652,1.563280325517919,160000.0
ID_2530,-0.25707990026077276,-1.2105851160545795,-0.3810087211999231,-0.6061199692561582,-0.15105779189909693,-0.7048561921996358,-0.6725966413608725,-0.6506586471853965,-0.62655831935096,-1.5114339660212976,-0.696817975274891,0.060974101464652264,-0.8928692886374687,0.4116284137445462,-1.5466603454835397,0.40643270598178505,81000.0
ID_2531,-0.7479939129860804,0.6222147155635368,-0.3810087211999231,0.05750127235556074,-0.15105779189909693,-0.7048561921996358,-0.6725966413608725,-0.3891001339845127,-0.9222847246532806,0.5849202654881185,1.375998958179897,0.060974101464652264,-0.8928692886374687,-0.450342474184647,-0.47686708356573715,-0.4512916043606908,150000.0
ID_2532,-0.7389782826773273,0.6222147155635368,-0.3810087211999231,-0.6061199692561582,-0.15105779189909693,-0.7048561921996358,-0.6725966413608725,-0.6506586471853965,-0.62655831935096,0.5849202654881185,0.24537153993183092,0.060974101464652264,-0.8928692886374687,-0.7376661034943781,0.3617487968646123,-0.7373433513489019,71000.0
ID_2533,0.4625183014140505,0.6222147155635368,0.2782647963819663,1.3847437555789985,-0.15105779189909693,0.21944697841233984,1.4303813893323656,1.4418094584216736,1.443526517765285,0.5849202654881185,0.6222473460145197,0.060974101464652264,1.414753553583822,0.1243047844348151,-1.1560502871081872,0.12971778914032175,120000.0
ID_2534,-0.5951963275944817,0.6222147155635368,-0.3810087211999231,0.05750127235556074,-0.15105779189909693,1.1437501490243154,-0.14685213368756297,-0.6506586471853965,-0.62655831935096,0.5849202654881185,0.43380944297317525,0.060974101464652264,-0.8928692886374687,0.9862756723640083,0.9341121068921712,0.9845404999602698,140000.0
ID_2535,-0.6302675150142374,-1.2105851160545795,-0.3810087211999231,-0.2743093484502987,-0.15105779189909693,1.1437501490243154,-0.14685213368756297,-0.6506586471853965,-0.62655831935096,0.5849202654881185,0.056933636890486534,-1.3767310278071516,-0.8928692886374687,0.6989520430542773,-0.2903308516068944,0.6966501156508529,120000.0
ID_2536,-0.6302675150142374,0.6222147155635368,-0.3810087211999231,-0.6061199692561582,-0.15105779189909693,1.1437501490243154,-0.14685213368756297,-0.6506586471853965,-0.62655831935096,0.5849202654881185,-0.9606310395327731,0.060974101464652264,-0.8928692886374687,0.6989520430542773,-0.2903308516068944,0.6966213869427091,94000.0
ID_2537,-0.8175414875364376,0.6222147155635368,-0.3810087211999231,-1.2697412108678772,-0.15105779189909693,-1.6291593628116114,-0.9354688951975273,-0.9122171603862802,-0.62655831935096,0.5849202654881185,0.056933636890486534,0.060974101464652264,-0.8928692886374687,0.6989520430542773,-0.2903308516068944,0.7013903524945865,100000.0
ID_2538,-0.7036812914440965,0.6222147155635368,-0.3810087211999231,-0.6061199692561582,-0.15105779189909693,0.21944697841233984,-0.6725966413608725,-0.6506586471853965,-0.9222847246532806,0.5849202654881185,1.5644368612212416,0.060974101464652264,-0.31596357808214603,0.4116284137445462,0.5291531075969093,0.4132988672281627,210000.0
ID_2539,-0.34419611298151626,-1.2105851160545795,-0.3810087211999231,-0.6061199692561582,-0.15105779189909693,-0.7048561921996358,-0.6725966413608725,-0.6506586471853965,-0.62655831935096,-1.5114339660212976,-0.8852558783162353,-1.3767310278071516,-0.8928692886374687,-1.5996369914235713,-1.1464843264949127,-1.6038873750915366,63000.0
ID_2540,-0.6904139405499081,0.6222147155635368,-0.3810087211999231,-0.6061199692561582,-0.15105779189909693,-0.7048561921996358,-0.6725966413608725,-0.6506586471853965,-0.62655831935096,0.5849202654881185,0.24537153993183092,0.060974101464652264,-0.8928692886374687,-1.024989732804109,-0.06871943073271414,-1.0249751772850242,110000.0
ID_2541,0.631562746555693,0.6222147155635368,-0.3810087211999231,-1.2697412108678772,-0.15105779189909693,0.21944697841233984,-0.9354688951975273,-0.9122171603862802,-0.62655831935096,0.5849202654881185,1.375998958179897,0.060974101464652264,-0.8928692886374687,-0.450342474184647,-0.47686708356573715,-0.44738450005312863,170000.0
ID_2542,-0.8175414875364376,0.6222147155635368,-0.3810087211999231,-0.6061199692561582,-0.15105779189909693,-1.6291593628116114,-0.14685213368756297,-0.6506586471853965,-0.9222847246532806,0.5849202654881185,0.24537153993183092,0.060974101464652264,-0.31596357808214603,0.6989520430542773,-0.2903308516068944,0.6989771410105039,110000.0
ID_2543,-0.5951963275944817,0.6222147155635368,-0.3810087211999231,-0.6061199692561582,-0.15105779189909693,1.1437501490243154,-0.6725966413608725,-0.6506586471853965,-0.9222847246532806,0.5849202654881185,0.056933636890486534,-1.3767310278071516,-0.8928692886374687,0.9862756723640083,0.9341121068921712,0.9866376956547701,180000.0
ID_2544,-0.7347210546818074,-1.2105851160545795,-0.3810087211999231,-0.6061199692561582,-0.15105779189909693,-0.7048561921996358,-0.6725966413608725,-0.6506586471853965,-0.9222847246532806,0.5849202654881185,-0.5083800722335465,0.060974101464652264,-0.8928692886374687,-1.3123133621138403,-0.020889627666346104,-1.312348444847852,71000.0
ID_2545,-0.8083661423352263,0.6222147155635368,-0.3810087211999231,-0.6061199692561582,-0.15105779189909693,-1.6291593628116114,-0.6725966413608725,-0.6506586471853965,-0.62655831935096,0.5849202654881185,0.056933636890486534,0.060974101464652264,-0.31596357808214603,0.4116284137445462,0.5291531075969093,0.4120348040698338,120000.0
ID_2546,0.7456432390514247,0.6222147155635368,-0.3810087211999231,-0.6061199692561582,-0.15105779189909693,0.21944697841233984,-0.6725966413608725,-0.6506586471853965,-0.62655831935096,0.5849202654881185,0.24537153993183092,0.060974101464652264,-0.8928692886374687,1.2735993016737392,0.22623102150989877,1.2745855373804746,110000.0
ID_2547,-0.6543238822644718,0.6222147155635368,-0.3810087211999231,-0.6061199692561582,-0.15105779189909693,1.1437501490243154,-0.6725966413608725,-0.6506586471853965,-0.9222847246532806,0.5849202654881185,0.056933636890486534,0.060974101464652264,-0.31596357808214603,-1.5996369914235713,0.3856636983977981,-1.6017039932726047,110000.0
ID_2548,-0.3341836414474214,-1.2105851160545795,-0.3810087211999231,-1.2697412108678772,-0.15105779189909693,-0.7048561921996358,-0.9354688951975273,-0.9122171603862802,-0.9222847246532806,-1.5114339660212976,-1.0360062007493107,0.060974101464652264,-0.8928692886374687,1.2735993016737392,-0.7128274453598268,1.2696441995797343,68000.0
ID_2549,-0.8221346675471279,0.6222147155635368,-0.3810087211999231,-0.6061199692561582,-0.15105779189909693,-1.6291593628116114,-0.6725966413608725,-0.6506586471853965,-0.9222847246532806,0.5849202654881185,-0.5083800722335465,0.060974101464652264,-0.8928692886374687,0.9862756723640083,0.9341121068921712,0.9868100679036331,120000.0
ID_2550,2.6266220497602295,-1.2105851160545795,0.2782647963819663,1.3847437555789985,-0.15105779189909693,0.21944697841233984,1.4303813893323656,1.4418094584216736,1.443526517765285,-1.5114339660212976,-0.5083800722335465,0.060974101464652264,1.414753553583822,0.4116284137445462,-1.5466603454835397,0.4085586303844292,90000.0
ID_2551,0.7381696835664046,-1.2105851160545795,0.2782647963819663,1.3847437555789985,-0.15105779189909693,0.21944697841233984,1.4303813893323656,1.4418094584216736,1.443526517765285,0.5849202654881185,2.1297505703452746,0.060974101464652264,1.414753553583822,0.4116284137445462,0.5291531075969093,0.416286652875122,210000.0
ID_2552,-0.5812791023102916,0.6222147155635368,-0.3810087211999231,-0.6061199692561582,-0.15105779189909693,1.1437501490243154,-0.14685213368756297,-0.6506586471853965,-0.62655831935096,0.5849202654881185,1.752874764262586,0.060974101464652264,-0.8928692886374687,-0.7376661034943781,0.3617487968646123,-0.7397278341248407,150000.0
ID_2553,-0.7821563777418505,-1.2105851160545795,-0.3810087211999231,-0.6061199692561582,-0.15105779189909693,2.068053319636291,-0.6725966413608725,-0.6506586471853965,-0.9222847246532806,2.6812744969975344,1.9413126673039303,0.060974101464652264,-0.31596357808214603,0.4116284137445462,0.5291531075969093,0.4120060753616899,220000.0
ID_2554,0.6223158050233801,-1.2105851160545795,0.2782647963819663,1.3847437555789985,-0.15105779189909693,0.21944697841233984,1.4303813893323656,1.4418094584216736,1.443526517765285,0.5849202654881185,-0.13150426615085783,0.060974101464652264,1.414753553583822,-1.5996369914235713,0.3856636983977981,-1.5951251191076654,110000.0
ID_2555,-0.5249438045532752,-1.2105851160545795,0.2782647963819663,1.3847437555789985,-0.15105779189909693,-0.7048561921996358,1.4303813893323656,1.4418094584216736,1.443526517765285,-1.5114339660212976,-0.696817975274891,0.060974101464652264,1.414753553583822,1.5609229309834705,0.48929493837493176,1.5581091580520279,88000.0
ID_2556,-0.6302675150142374,0.6222147155635368,-0.3810087211999231,-1.2697412108678772,-0.15105779189909693,1.1437501490243154,-0.9354688951975273,-0.9122171603862802,-0.62655831935096,0.5849202654881185,0.24537153993183092,0.060974101464652264,-0.31596357808214603,0.6989520430542773,-0.2903308516068944,0.7013328950782988,110000.0
ID_2557,-0.8879812625205259,0.6222147155635368,-0.3810087211999231,-0.9379305900620176,-0.15105779189909693,-1.6291593628116114,-0.9354688951975273,-0.9122171603862802,-0.9222847246532806,0.5849202654881185,0.43380944297317525,0.060974101464652264,-0.31596357808214603,0.1243047844348151,-1.1560502871081872,0.12695983315851317,110000.0
ID_2558,-0.23054519847239607,0.6222147155635368,-0.3810087211999231,-0.6061199692561582,-0.15105779189909693,-0.7048561921996358,-0.6725966413608725,-0.6506586471853965,-0.9222847246532806,-1.5114339660212976,-1.3751944262237308,-1.3767310278071516,-0.8928692886374687,-1.024989732804109,0.19912746643895535,-1.0303187169997785,50000.0
ID_2559,2.4134026683287213,0.6222147155635368,-0.3810087211999231,0.05750127235556074,-0.15105779189909693,0.21944697841233984,-0.6725966413608725,-0.6506586471853965,-0.62655831935096,-1.5114339660212976,-0.9606310395327731,-1.3767310278071516,-0.31596357808214603,-0.450342474184647,1.559088200292738,-0.45568709670669827,65000.0
ID_2560,2.753683507825741,0.6222147155635368,-0.3810087211999231,-0.6061199692561582,-0.15105779189909693,0.21944697841233984,-0.6725966413608725,-0.6506586471853965,-0.62655831935096,-1.5114339660212976,-0.696817975274891,0.060974101464652264,-0.31596357808214603,0.9862756723640083,-2.2290322025637495,0.9815814430214543,80000.0
ID_2561,-0.7036812914440965,0.6222147155635368,-0.3810087211999231,-0.6061199692561582,-0.15105779189909693,-0.7048561921996358,-0.6725966413608725,-0.6506586471853965,-0.62655831935096,0.5849202654881185,-0.13150426615085783,0.060974101464652264,-0.8928692886374687,0.4116284137445462,0.5291531075969093,0.41157514473953233,140000.0
ID_2562,-0.6904139405499081,-1.2105851160545795,-0.3810087211999231,-0.6061199692561582,-0.15105779189909693,-0.7048561921996358,-0.6725966413608725,-0.6506586471853965,-0.62655831935096,0.5849202654881185,-0.3199421691922022,0.060974101464652264,-0.8928692886374687,-1.024989732804109,-0.06871943073271414,-1.0258083098211956,71000.0
ID_2563,-0.4848057998555397,0.6222147155635368,-0.3810087211999231,-0.6061199692561582,-0.15105779189909693,-1.6291593628116114,-0.6725966413608725,-0.6506586471853965,-0.62655831935096,-1.5114339660212976,-1.299819265007193,-1.3767310278071516,-0.8928692886374687,0.6989520430542773,0.5769829106632773,0.6941507180423389,120000.0
ID_2564,0.5676382377018765,-1.2105851160545795,0.2782647963819663,1.3847437555789985,-0.15105779189909693,0.21944697841233984,1.4303813893323656,1.4418094584216736,1.443526517765285,0.5849202654881185,1.375998958179897,0.060974101464652264,1.414753553583822,1.5609229309834705,-0.2393123950027652,1.5669288714521867,150000.0
ID_2565,-0.8376104898853053,0.6222147155635368,0.2782647963819663,1.3847437555789985,-0.15105779189909693,-0.7048561921996358,1.4303813893323656,1.4418094584216736,1.443526517765285,0.5849202654881185,0.6222473460145197,0.060974101464652264,1.414753553583822,1.5609229309834705,-0.2393123950027652,1.5672736159499128,71000.0
ID_2566,0.832186681123353,0.6222147155635368,-0.3810087211999231,0.05750127235556074,-0.15105779189909693,0.21944697841233984,-0.6725966413608725,-0.3891001339845127,-0.62655831935096,0.5849202654881185,1.375998958179897,0.060974101464652264,-0.31596357808214603,-0.16301884487491597,-0.08306837165262702,-0.16426308129558911,130000.0
ID_2567,-0.5249438045532752,-1.2105851160545795,-0.3810087211999231,-1.2697412108678772,-0.15105779189909693,-0.7048561921996358,-0.9354688951975273,-0.9122171603862802,-0.9222847246532806,-1.5114339660212976,-0.3199421691922022,0.060974101464652264,-0.8928692886374687,1.5609229309834705,0.48929493837493176,1.5569025523099866,110000.0
ID_2568,-0.4528462991336738,0.6222147155635368,-0.3810087211999231,-0.6061199692561582,-0.15105779189909693,-0.7048561921996358,-0.6725966413608725,-0.6506586471853965,-0.62655831935096,-1.5114339660212976,-0.5083800722335465,0.060974101464652264,-0.8928692886374687,0.1243047844348151,5.06660709182652,0.11871469392123118,83000.0
ID_2569,-0.7472393978044682,-1.2105851160545795,0.2782647963819663,1.3847437555789985,-0.15105779189909693,-0.7048561921996358,1.4303813893323656,1.4418094584216736,1.443526517765285,0.5849202654881185,1.5644368612212416,0.060974101464652264,1.414753553583822,-1.5996369914235713,0.3856636983977981,-1.5949240181506585,140000.0
ID_2570,-0.7104388836180978,0.6222147155635368,-0.3810087211999231,-1.2697412108678772,-0.15105779189909693,-0.7048561921996358,-0.9354688951975273,-0.9122171603862802,-0.3308319140486392,0.5849202654881185,0.056933636890486534,0.060974101464652264,-0.31596357808214603,-0.16301884487491597,-0.08306837165262702,-0.15963775928443094,100000.0
ID_2571,0.6223158050233801,-1.2105851160545795,0.2782647963819663,1.3847437555789985,-0.15105779189909693,0.21944697841233984,1.4303813893323656,1.4418094584216736,1.443526517765285,0.5849202654881185,0.056933636890486534,0.060974101464652264,1.414753553583822,-1.5996369914235713,0.3856636983977981,-1.595412406189104,66000.0
ID_2572,-0.3341836414474214,-1.2105851160545795,-0.3810087211999231,-0.6061199692561582,-0.15105779189909693,-0.7048561921996358,-0.6725966413608725,-0.6506586471853965,-0.62655831935096,-1.5114339660212976,-1.5071009583526718,-1.3767310278071516,-0.8928692886374687,1.2735993016737392,-0.7128274453598268,1.268408865129549,57000.0
ID_2573,2.2855536506210883,0.6222147155635368,-0.3810087211999231,-0.6061199692561582,-0.15105779189909693,0.21944697841233984,-0.6725966413608725,-0.3891001339845127,-0.62655831935096,-1.5114339660212976,-1.5071009583526718,-1.3767310278071516,-0.31596357808214603,1.5609229309834705,0.48929493837493176,1.5567014513529798,62000.0
ID_2574,-0.7347210546818074,0.6222147155635368,-0.3810087211999231,-0.9379305900620176,-0.8917670441167587,-0.7048561921996358,-0.9354688951975273,-0.9122171603862802,-0.3308319140486392,0.5849202654881185,-0.5083800722335465,0.060974101464652264,-0.31596357808214603,-1.3123133621138403,-0.020889627666346104,-1.3092457443683174,9.0
ID_2575,0.7381696835664046,-1.2105851160545795,0.2782647963819663,1.3847437555789985,-0.15105779189909693,0.21944697841233984,1.4303813893323656,1.4418094584216736,1.443526517765285,0.5849202654881185,-0.13150426615085783,0.060974101464652264,1.414753553583822,0.4116284137445462,0.5291531075969093,0.41631538158326586,120000.0
ID_2576,-0.5912805590242168,-1.2105851160545795,-0.3810087211999231,-0.6061199692561582,-0.15105779189909693,-1.6291593628116114,-0.6725966413608725,-0.6506586471853965,-0.62655831935096,-1.5114339660212976,-0.5083800722335465,0.060974101464652264,-0.8928692886374687,1.2735993016737392,-0.7128274453598268,1.2688972531679945,120000.0
ID_2577,-0.6546157749989641,0.6222147155635368,-0.3810087211999231,-0.6061199692561582,-0.15105779189909693,1.1437501490243154,-0.14685213368756297,-0.6506586471853965,-0.9222847246532806,0.5849202654881185,1.1875610551385527,0.060974101464652264,-0.31596357808214603,1.5609229309834705,-0.2393123950027652,1.5619875336514464,220000.0
ID_2578,2.6415691607302696,0.6222147155635368,-0.3810087211999231,-0.6061199692561582,-0.15105779189909693,0.21944697841233984,-0.6725966413608725,-0.6506586471853965,-0.62655831935096,-1.5114339660212976,-0.5083800722335465,0.060974101464652264,-0.31596357808214603,1.2735993016737392,-0.7128274453598268,1.2685812373784122,85000.0
ID_2579,2.65258398089979,-1.2105851160545795,0.2782647963819663,1.3847437555789985,-0.15105779189909693,0.21944697841233984,1.4303813893323656,1.4418094584216736,1.443526517765285,-1.5114339660212976,-0.5083800722335465,0.060974101464652264,1.414753553583822,0.6989520430542773,0.5769829106632773,0.6954147812006678,79000.0
ID_2580,2.3949142926741804,-1.2105851160545795,-0.3810087211999231,-0.2743093484502987,-0.8917670441167587,0.21944697841233984,-0.6725966413608725,-0.6506586471853965,-0.62655831935096,-1.5114339660212976,-0.8852558783162353,0.060974101464652264,-0.8928692886374687,-1.5996369914235713,-1.1464843264949127,-1.60503652341729,9.0
ID_2581,2.4134026683287213,0.6222147155635368,-0.3810087211999231,-0.2743093484502987,-0.15105779189909693,0.21944697841233984,-0.6725966413608725,-0.6506586471853965,-0.9222847246532806,-1.5114339660212976,-1.0360062007493107,0.060974101464652264,-0.31596357808214603,-0.450342474184647,1.559088200292738,-0.4544230335483693,55000.0
ID_2582,2.8146615522842113,-1.2105851160545795,0.2782647963819663,1.3847437555789985,-0.15105779189909693,0.21944697841233984,1.4303813893323656,1.4418094584216736,1.443526517765285,-1.5114339660212976,-1.0736937813575798,-1.3767310278071516,1.414753553583822,-0.16301884487491597,0.46538003684174956,-0.16633154828194557,64000.0
ID_2583,-0.6546157749989641,0.6222147155635368,-0.3810087211999231,-0.2743093484502987,-0.15105779189909693,1.1437501490243154,-0.14685213368756297,-0.6506586471853965,-0.62655831935096,0.5849202654881185,-0.3199421691922022,-1.3767310278071516,-0.8928692886374687,1.5609229309834705,-0.2393123950027652,1.5603212685791037,260000.0
ID_2584,0.631562746555693,0.6222147155635368,-0.3810087211999231,-0.6061199692561582,-0.15105779189909693,0.21944697841233984,-0.6725966413608725,-0.6506586471853965,-0.62655831935096,0.5849202654881185,1.375998958179897,0.060974101464652264,-0.8928692886374687,-0.450342474184647,-0.47686708356573715,-0.45008499861864953,150000.0
ID_2585,0.4740122662609459,-1.2105851160545795,0.2782647963819663,1.3847437555789985,-0.15105779189909693,0.21944697841233984,1.4303813893323656,1.4418094584216736,1.443526517765285,0.5849202654881185,0.24537153993183092,0.060974101464652264,1.414753553583822,-1.3123133621138403,-0.020889627666346104,-1.3068899903005224,95000.0
ID_2586,-0.6302675150142374,0.6222147155635368,-0.3810087211999231,0.05750127235556074,-0.15105779189909693,1.1437501490243154,-0.14685213368756297,-0.6506586471853965,-0.9222847246532806,0.5849202654881185,-0.5083800722335465,0.060974101464652264,-0.8928692886374687,0.6989520430542773,-0.2903308516068944,0.6965064721101337,110000.0
ID_2587,-0.8376104898853053,-1.2105851160545795,0.2782647963819663,1.3847437555789985,-0.15105779189909693,-0.7048561921996358,1.4303813893323656,1.4418094584216736,1.443526517765285,0.5849202654881185,0.24537153993183092,0.060974101464652264,1.414753553583822,1.5609229309834705,-0.2393123950027652,1.5662106537485907,160000.0
ID_2588,0.4625183014140505,-1.2105851160545795,0.2782647963819663,1.3847437555789985,-0.15105779189909693,0.21944697841233984,1.4303813893323656,1.4418094584216736,1.443526517765285,0.5849202654881185,0.24537153993183092,0.060974101464652264,1.414753553583822,0.1243047844348151,-1.1560502871081872,0.1290283001448696,140000.0
ID_2589,0.4625183014140505,-1.2105851160545795,-0.3810087211999231,0.05750127235556074,-0.8917670441167587,0.21944697841233984,-0.6725966413608725,-0.6506586471853965,-0.62655831935096,0.5849202654881185,0.24537153993183092,0.060974101464652264,-0.31596357808214603,0.1243047844348151,-1.1560502871081872,0.12535102550245814,9.0
ID_2590,2.3949142926741804,-1.2105851160545795,0.2782647963819663,1.3847437555789985,-0.15105779189909693,0.21944697841233984,1.4303813893323656,1.4418094584216736,1.443526517765285,-1.5114339660212976,-1.0360062007493107,0.060974101464652264,1.414753553583822,-1.5996369914235713,-1.1464843264949127,-1.6026233119332076,54000.0
ID_2591,0.751150649136185,0.6222147155635368,-0.3810087211999231,-0.6061199692561582,-0.15105779189909693,0.21944697841233984,-0.6725966413608725,-0.6506586471853965,-0.62655831935096,0.5849202654881185,0.056933636890486534,0.060974101464652264,-0.31596357808214603,0.6989520430542773,-0.2903308516068944,0.6999251883792507,66000.0
ID_2592,-0.6543238822644718,0.6222147155635368,-0.3810087211999231,-0.2743093484502987,-0.15105779189909693,1.1437501490243154,-0.14685213368756297,-0.6506586471853965,-0.62655831935096,0.5849202654881185,1.1875610551385527,0.060974101464652264,-0.8928692886374687,-1.5996369914235713,0.3856636983977981,-1.6016178071481733,130000.0
ID_2593,2.753683507825741,-1.2105851160545795,0.2782647963819663,1.3847437555789985,-0.15105779189909693,0.21944697841233984,1.4303813893323656,1.4418094584216736,1.443526517765285,-1.5114339660212976,-0.5083800722335465,0.060974101464652264,1.414753553583822,0.9862756723640083,-2.2290322025637495,0.9833626229263724,77000.0
ID_2594,2.6266220497602295,-1.2105851160545795,-0.3810087211999231,-0.2743093484502987,-0.15105779189909693,0.21944697841233984,-0.6725966413608725,-0.6506586471853965,-0.9222847246532806,-1.5114339660212976,-1.0360062007493107,0.060974101464652264,-0.31596357808214603,0.4116284137445462,-1.5466603454835397,0.40729456722610025,52000.0
ID_2595,-0.7104388836180978,-1.2105851160545795,0.2782647963819663,1.3847437555789985,-0.15105779189909693,-0.7048561921996358,1.4303813893323656,1.4418094584216736,1.443526517765285,0.5849202654881185,0.056933636890486534,0.060974101464652264,1.414753553583822,-0.16301884487491597,-0.08306837165262702,-0.15900572770526647,180000.0
ID_2596,2.8146615522842113,0.6222147155635368,-0.3810087211999231,-0.6061199692561582,-0.15105779189909693,0.21944697841233984,-0.6725966413608725,-0.6506586471853965,-0.62655831935096,-1.5114339660212976,-1.1490689425741174,-1.3767310278071516,-0.31596357808214603,-0.16301884487491597,0.46538003684174956,-0.16696357986111005,60000.0
ID_2597,-0.15894886737050795,-1.2105851160545795,-0.3810087211999231,-0.6061199692561582,-0.15105779189909693,1.1437501490243154,-0.14685213368756297,-0.127541620783629,-0.62655831935096,-1.5114339660212976,-1.299819265007193,-1.3767310278071516,-0.8928692886374687,1.5609229309834705,0.48929493837493176,1.5550639149887808,65000.0
ID_2598,2.65258398089979,-1.2105851160545795,0.2782647963819663,1.3847437555789985,-0.15105779189909693,0.21944697841233984,1.4303813893323656,1.4418094584216736,1.443526517765285,-1.5114339660212976,-1.0736937813575798,-1.3767310278071516,1.414753553583822,0.6989520430542773,0.5769829106632773,0.6956158821576747,66000.0
ID_2599,-0.7422331620374208,0.6222147155635368,-0.3810087211999231,-1.2697412108678772,-0.15105779189909693,-0.7048561921996358,-0.9354688951975273,-0.9122171603862802,-0.9222847246532806,0.5849202654881185,-0.5083800722335465,-1.3767310278071516,-0.8928692886374687,1.2735993016737392,0.22623102150989877,1.2765965469505434,120000.0
ID_2600,-0.7036812914440965,-1.2105851160545795,0.2782647963819663,1.3847437555789985,-0.15105779189909693,-0.7048561921996358,1.4303813893323656,1.4418094584216736,1.443526517765285,0.5849202654881185,0.24537153993183092,0.060974101464652264,1.414753553583822,0.4116284137445462,0.5291531075969093,0.4169761418705742,130000.0
ID_2601,-0.8905146711595159,-1.2105851160545795,0.2782647963819663,1.3847437555789985,-0.15105779189909693,-1.6291593628116114,1.4303813893323656,1.4418094584216736,1.443526517765285,0.5849202654881185,0.43380944297317525,0.060974101464652264,1.414753553583822,1.5609229309834705,-0.2393123950027652,1.5654924360449947,170000.0
ID_2602,-0.30013683230343124,-1.2105851160545795,0.2782647963819663,1.3847437555789985,-0.15105779189909693,-0.7048561921996358,1.4303813893323656,1.4418094584216736,1.443526517765285,-1.5114339660212976,-0.5083800722335465,0.060974101464652264,1.414753553583822,0.9862756723640083,-2.2290322025637495,0.9836786387159546,70000.0
ID_2603,-0.5980932252990657,0.6222147155635368,-0.3810087211999231,-0.2743093484502987,-0.15105779189909693,1.1437501490243154,-0.14685213368756297,-0.6506586471853965,-0.62655831935096,0.5849202654881185,-0.9606310395327731,0.060974101464652264,-0.8928692886374687,0.4116284137445462,0.5291531075969093,0.41028235287305953,140000.0
ID_2604,-0.7679747967735919,0.6222147155635368,-0.3810087211999231,-0.6061199692561582,-0.8917670441167587,-1.6291593628116114,-0.6725966413608725,-0.6506586471853965,-0.62655831935096,0.5849202654881185,-0.13150426615085783,0.060974101464652264,-0.8928692886374687,-0.16301884487491597,-0.08306837165262702,-0.16210842818480115,9.0
ID_2605,0.631562746555693,0.6222147155635368,-0.3810087211999231,-0.9379305900620176,-0.15105779189909693,0.21944697841233984,-0.9354688951975273,-0.9122171603862802,-0.62655831935096,0.5849202654881185,0.056933636890486534,0.060974101464652264,-0.31596357808214603,-0.450342474184647,-0.47686708356573715,-0.4481889038811561,140000.0
ID_2606,0.832186681123353,0.6222147155635368,-0.3810087211999231,-0.6061199692561582,-0.15105779189909693,0.21944697841233984,-0.6725966413608725,-0.6506586471853965,-0.62655831935096,0.5849202654881185,1.752874764262586,0.060974101464652264,-0.8928692886374687,-0.16301884487491597,-0.08306837165262702,-0.16176368368707508,130000.0
ID_2607,-0.010540687816463355,0.6222147155635368,-0.3810087211999231,-0.6061199692561582,-0.15105779189909693,1.1437501490243154,-0.6725966413608725,-0.6506586471853965,-0.9222847246532806,-1.5114339660212976,-1.394038216527865,-1.3767310278071516,-0.8928692886374687,-1.024989732804109,0.19912746643895535,-1.0306921902056483,70000.0
ID_2608,-0.7036812914440965,0.6222147155635368,0.2782647963819663,1.3847437555789985,-0.15105779189909693,-0.7048561921996358,1.4303813893323656,1.4418094584216736,1.443526517765285,0.5849202654881185,0.6222473460145197,0.060974101464652264,1.414753553583822,0.4116284137445462,0.5291531075969093,0.41703359928686184,140000.0
ID_2609,-0.6082378746751949,0.6222147155635368,0.2782647963819663,1.3847437555789985,-0.15105779189909693,1.1437501490243154,1.4303813893323656,1.4418094584216736,1.443526517765285,0.5849202654881185,-0.5083800722335465,0.060974101464652264,1.414753553583822,-0.450342474184647,-0.47686708356573715,-0.44726958522055327,110000.0
ID_2610,-0.25707990026077276,0.6222147155635368,-0.3810087211999231,-0.6061199692561582,-0.15105779189909693,-0.7048561921996358,-0.6725966413608725,-0.6506586471853965,-0.62655831935096,-1.5114339660212976,-0.3199421691922022,0.060974101464652264,-0.31596357808214603,0.4116284137445462,-1.5466603454835397,0.4062028763166343,85000.0
ID_2611,-1.095208581779814,2.455014547181653,4.893179419455191,1.3847437555789985,5.033906973624536,2.068053319636291,1.4303813893323656,1.4418094584216736,1.443526517765285,-1.5114339660212976,-2.752675497455958,4.374089489280064,1.414753553583822,1.2735993016737392,-0.7128274453598268,1.2712242785276455,9.0
ID_2612,-0.04590376797071128,0.6222147155635368,-0.3810087211999231,-1.2697412108678772,-0.15105779189909693,1.1437501490243154,-0.9354688951975273,-0.9122171603862802,-0.9222847246532806,-1.5114339660212976,-1.1490689425741174,-1.3767310278071516,-0.8928692886374687,0.4116284137445462,-1.5466603454835397,0.40789787009712086,67000.0
ID_2613,0.631562746555693,0.6222147155635368,-0.3810087211999231,-0.6061199692561582,-0.15105779189909693,0.21944697841233984,-0.6725966413608725,-0.6506586471853965,-0.62655831935096,0.5849202654881185,0.9991231520972084,0.060974101464652264,-0.31596357808214603,-0.450342474184647,-0.47686708356573715,-0.44919440866619054,120000.0
ID_2614,-0.34569963593465586,0.6222147155635368,-0.3810087211999231,-0.6061199692561582,-0.15105779189909693,-0.7048561921996358,-0.6725966413608725,-0.6506586471853965,-0.62655831935096,-1.5114339660212976,-1.299819265007193,-1.3767310278071516,-0.8928692886374687,-0.450342474184647,1.559088200292738,-0.4551412512519653,57000.0
ID_2615,2.098301707739227,-1.2105851160545795,0.2782647963819663,1.3847437555789985,-0.15105779189909693,0.21944697841233984,1.4303813893323656,1.4418094584216736,1.443526517765285,-1.5114339660212976,-0.3199421691922022,0.060974101464652264,1.414753553583822,-1.3123133621138403,-0.10220029287917282,-1.314847842456366,70000.0
ID_2616,0.751150649136185,-1.2105851160545795,0.2782647963819663,1.3847437555789985,-0.15105779189909693,0.21944697841233984,1.4303813893323656,1.4418094584216736,1.443526517765285,0.5849202654881185,1.5644368612212416,0.060974101464652264,1.414753553583822,0.6989520430542773,-0.2903308516068944,0.7031140749832169,160000.0
ID_2617,0.631562746555693,0.6222147155635368,-0.3810087211999231,-0.6061199692561582,-0.15105779189909693,0.21944697841233984,-0.6725966413608725,-0.6506586471853965,-0.62655831935096,0.5849202654881185,1.1875610551385527,0.060974101464652264,-0.8928692886374687,-0.450342474184647,-0.47686708356573715,-0.44942423833134126,190000.0
ID_2618,-0.6662088732273852,-1.2105851160545795,-0.3810087211999231,-0.6061199692561582,-0.15105779189909693,1.1437501490243154,-0.6725966413608725,-0.6506586471853965,-0.62655831935096,0.5849202654881185,-0.3199421691922022,0.060974101464652264,-0.8928692886374687,0.1243047844348151,-1.1560502871081872,0.12451789296628679,120000.0
ID_2619,0.832186681123353,0.6222147155635368,-0.3810087211999231,-0.6061199692561582,-0.15105779189909693,0.21944697841233984,-0.6725966413608725,-0.6506586471853965,-0.9222847246532806,0.5849202654881185,1.5644368612212416,0.060974101464652264,-0.8928692886374687,-0.16301884487491597,-0.08306837165262702,-0.16268300234767794,140000.0
ID_2620,-0.7679747967735919,0.6222147155635368,-0.3810087211999231,-1.2697412108678772,-0.15105779189909693,-1.6291593628116114,-0.9354688951975273,-0.9122171603862802,-0.62655831935096,0.5849202654881185,0.43380944297317525,0.060974101464652264,-0.31596357808214603,-0.16301884487491597,-0.08306837165262702,-0.16001123249030086,130000.0
ID_2621,0.9328951819332859,0.6222147155635368,-0.3810087211999231,-0.6061199692561582,-0.15105779189909693,0.21944697841233984,-0.6725966413608725,-0.3891001339845127,-0.62655831935096,0.5849202654881185,0.9991231520972084,0.060974101464652264,-0.31596357808214603,-1.024989732804109,-0.06871943073271414,-1.0267850858980863,98000.0
ID_2622,-0.5980932252990657,-1.2105851160545795,-0.3810087211999231,-0.6061199692561582,-0.15105779189909693,1.1437501490243154,-0.6725966413608725,-0.6506586471853965,-0.62655831935096,0.5849202654881185,1.752874764262586,0.060974101464652264,-0.8928692886374687,0.4116284137445462,0.5291531075969093,0.4123795485675598,200000.0
ID_2623,-0.5804089315168994,-1.2105851160545795,0.2782647963819663,1.3847437555789985,-0.15105779189909693,1.1437501490243154,1.4303813893323656,1.4418094584216736,1.443526517765285,0.5849202654881185,0.056933636890486534,0.060974101464652264,1.414753553583822,-1.024989732804109,-0.06871943073271414,-1.0219012055136334,210000.0
ID_2624,0.4625183014140505,0.6222147155635368,-0.3810087211999231,-0.6061199692561582,-0.15105779189909693,0.21944697841233984,-0.6725966413608725,-0.6506586471853965,-0.62655831935096,0.5849202654881185,1.752874764262586,0.060974101464652264,-0.31596357808214603,0.1243047844348151,-1.1560502871081872,0.12313891497538249,120000.0
ID_2625,0.832186681123353,0.6222147155635368,-0.3810087211999231,-0.6061199692561582,-0.15105779189909693,0.21944697841233984,-0.6725966413608725,-0.6506586471853965,-0.9222847246532806,0.5849202654881185,0.24537153993183092,0.060974101464652264,-0.31596357808214603,-0.16301884487491597,-0.08306837165262702,-0.1638034219652877,120000.0
ID_2626,-0.31916493414627917,0.6222147155635368,-0.3810087211999231,-0.6061199692561582,-0.8917670441167587,-0.7048561921996358,-0.6725966413608725,-0.6506586471853965,-0.62655831935096,-1.5114339660212976,-0.9229434589245042,0.060974101464652264,-0.8928692886374687,-1.3123133621138403,-0.10220029287917282,-1.3176345271463186,9.0
ID_2627,-0.23054519847239607,-1.2105851160545795,0.2782647963819663,1.3847437555789985,-0.15105779189909693,-0.7048561921996358,1.4303813893323656,1.4418094584216736,1.443526517765285,-1.5114339660212976,-0.696817975274891,0.060974101464652264,1.414753553583822,-1.024989732804109,0.19912746643895535,-1.0275894897261137,64000.0
ID_2628,-0.32767388272723436,0.6222147155635368,-0.3810087211999231,-0.6061199692561582,-0.15105779189909693,-0.7048561921996358,-0.6725966413608725,-0.6506586471853965,-0.62655831935096,-1.5114339660212976,-1.0360062007493107,-1.3767310278071516,-0.8928692886374687,-0.7376661034943781,-1.0014005905269243,-0.7423996039822177,59000.0
ID_2629,-0.31916493414627917,0.6222147155635368,-0.3810087211999231,-0.9379305900620176,-0.15105779189909693,-0.7048561921996358,-0.9354688951975273,-0.9122171603862802,-0.62655831935096,-1.5114339660212976,-0.8852558783162353,0.060974101464652264,-0.8928692886374687,-1.3123133621138403,-0.10220029287917282,-1.3159682620739759,62000.0
ID_2630,-0.3856724183298485,0.6222147155635368,-0.3810087211999231,0.05750127235556074,-0.15105779189909693,-1.6291593628116114,-0.6725966413608725,-0.6506586471853965,-0.9222847246532806,-1.5114339660212976,-1.1867565231823862,-1.3767310278071516,-0.8928692886374687,-0.16301884487491597,0.46538003684174956,-0.1686585736415966,59000.0
ID_2631,-0.6904139405499081,-1.2105851160545795,0.2782647963819663,1.3847437555789985,-0.15105779189909693,-0.7048561921996358,1.4303813893323656,1.4418094584216736,1.443526517765285,0.5849202654881185,0.43380944297317525,0.060974101464652264,1.414753553583822,-1.024989732804109,-0.06871943073271414,-1.0195454514458386,150000.0
ID_2632,-0.6662088732273852,0.6222147155635368,-0.3810087211999231,-0.6061199692561582,-0.15105779189909693,1.1437501490243154,-0.14685213368756297,-0.6506586471853965,-0.9222847246532806,0.5849202654881185,0.056933636890486534,0.060974101464652264,-0.31596357808214603,0.1243047844348151,-1.1560502871081872,0.12397204751155384,130000.0
ID_2633,-0.8905146711595159,-1.2105851160545795,-0.3810087211999231,-0.6061199692561582,-0.15105779189909693,-1.6291593628116114,-0.6725966413608725,-0.6506586471853965,-0.62655831935096,0.5849202654881185,0.24537153993183092,0.060974101464652264,-0.8928692886374687,1.5609229309834705,-0.2393123950027652,1.5626482939387545,75000.0
ID_2634,-0.6082378746751949,0.6222147155635368,0.2782647963819663,1.3847437555789985,-0.15105779189909693,1.1437501490243154,1.4303813893323656,1.4418094584216736,1.443526517765285,0.5849202654881185,-0.696817975274891,0.060974101464652264,1.414753553583822,-0.450342474184647,-0.47686708356573715,-0.44617789431108734,180000.0
ID_2635,-0.8083661423352263,0.6222147155635368,-0.3810087211999231,-1.2697412108678772,-0.15105779189909693,-1.6291593628116114,-0.9354688951975273,-0.9122171603862802,-0.9222847246532806,0.5849202654881185,-0.696817975274891,0.060974101464652264,-0.8928692886374687,0.4116284137445462,0.5291531075969093,0.4135861543096011,86000.0
ID_2636,-0.7252097574654258,-1.2105851160545795,0.2782647963819663,1.3847437555789985,-0.15105779189909693,-0.7048561921996358,1.4303813893323656,1.4418094584216736,1.443526517765285,0.5849202654881185,0.24537153993183092,0.060974101464652264,1.414753553583822,0.9862756723640083,0.9341121068921712,0.9908895444600584,140000.0
ID_2637,-0.603887020708234,0.6222147155635368,-0.3810087211999231,0.05750127235556074,-0.15105779189909693,1.1437501490243154,-0.14685213368756297,-0.6506586471853965,-0.62655831935096,0.5849202654881185,1.1875610551385527,0.060974101464652264,-0.31596357808214603,-0.16301884487491597,-0.08306837165262702,-0.16532604349691118,150000.0
ID_2638,-0.30013683230343124,0.6222147155635368,-0.3810087211999231,-0.6061199692561582,-0.15105779189909693,-0.7048561921996358,-0.6725966413608725,-0.6506586471853965,-0.62655831935096,-1.5114339660212976,-0.696817975274891,-1.3767310278071516,-0.8928692886374687,0.9862756723640083,-2.2290322025637495,0.9813803420644475,80000.0
ID_2639,-0.8253454876265434,-1.2105851160545795,0.2782647963819663,1.3847437555789985,-0.15105779189909693,-1.6291593628116114,1.4303813893323656,1.4418094584216736,1.443526517765285,0.5849202654881185,-0.3199421691922022,-1.3767310278071516,1.414753553583822,-0.450342474184647,-0.47686708356573715,-0.4454022191912037,67000.0
ID_2640,-0.8221346675471279,-1.2105851160545795,0.2782647963819663,1.3847437555789985,-0.15105779189909693,-1.6291593628116114,1.4303813893323656,1.4418094584216736,1.443526517765285,0.5849202654881185,-0.3199421691922022,0.060974101464652264,1.414753553583822,0.9862756723640083,0.9341121068921712,0.991320475082216,94000.0
ID_2641,-0.5980932252990657,0.6222147155635368,-0.3810087211999231,0.05750127235556074,-0.15105779189909693,1.1437501490243154,-0.6725966413608725,-0.127541620783629,-0.62655831935096,0.5849202654881185,0.43380944297317525,0.060974101464652264,-0.8928692886374687,0.4116284137445462,0.5291531075969093,0.4119773466535461,220000.0
ID_2642,-0.32767388272723436,0.6222147155635368,-0.3810087211999231,-0.6061199692561582,-0.15105779189909693,-0.7048561921996358,-0.6725966413608725,-0.6506586471853965,-0.62655831935096,-1.5114339660212976,-1.5071009583526718,-1.3767310278071516,-0.8928692886374687,-0.7376661034943781,-1.0014005905269243,-0.7425719762310807,43600.0
ID_2643,-0.7104388836180978,0.6222147155635368,-0.3810087211999231,-0.6061199692561582,-0.8917670441167587,-0.7048561921996358,-0.6725966413608725,-0.6506586471853965,-0.3308319140486392,0.5849202654881185,0.056933636890486534,0.060974101464652264,-0.8928692886374687,-0.16301884487491597,-0.08306837165262702,-0.16414816646301375,9.0
ID_2644,-0.8015644908805469,-1.2105851160545795,-0.3810087211999231,-1.2697412108678772,-0.15105779189909693,-0.7048561921996358,-0.9354688951975273,-0.9122171603862802,-0.9222847246532806,0.5849202654881185,0.24537153993183092,0.060974101464652264,-0.8928692886374687,0.1243047844348151,-1.1560502871081872,0.12644271641192406,130000.0
ID_2645,0.9328951819332859,0.6222147155635368,-0.3810087211999231,-0.6061199692561582,-0.15105779189909693,0.21944697841233984,-0.6725966413608725,-0.6506586471853965,-0.62655831935096,0.5849202654881185,1.375998958179897,0.060974101464652264,-0.8928692886374687,-1.024989732804109,-0.06871943073271414,-1.025578480156045,120000.0
ID_2646,-0.7104388836180978,0.6222147155635368,-0.3810087211999231,-0.6061199692561582,-0.15105779189909693,-0.7048561921996358,-0.6725966413608725,-0.3891001339845127,-0.9222847246532806,0.5849202654881185,1.1875610551385527,0.060974101464652264,-0.8928692886374687,-0.16301884487491597,-0.08306837165262702,-0.16420562387930143,130000.0
ID_2647,-0.30013683230343124,-1.2105851160545795,0.2782647963819663,1.3847437555789985,-0.15105779189909693,-0.7048561921996358,1.4303813893323656,1.4418094584216736,1.443526517765285,-1.5114339660212976,-0.3199421691922022,0.060974101464652264,1.414753553583822,0.9862756723640083,-2.2290322025637495,0.9835349951752355,92000.0
ID_2648,-0.6302675150142374,-1.2105851160545795,0.2782647963819663,1.3847437555789985,-0.15105779189909693,1.1437501490243154,1.4303813893323656,1.4418094584216736,1.443526517765285,0.5849202654881185,0.24537153993183092,0.060974101464652264,1.414753553583822,0.6989520430542773,-0.2903308516068944,0.7032289898157922,180000.0
ID_2649,-0.4820520948131594,-1.2105851160545795,0.2782647963819663,1.3847437555789985,-0.15105779189909693,-1.6291593628116114,1.4303813893323656,1.4418094584216736,1.443526517765285,-1.5114339660212976,-1.0736937813575798,-1.3767310278071516,1.414753553583822,-0.7376661034943781,-1.0014005905269243,-0.740560966661012,58000.0
ID_2650,0.631562746555693,0.6222147155635368,-0.3810087211999231,-0.6061199692561582,-0.15105779189909693,0.21944697841233984,-0.6725966413608725,-0.6506586471853965,-0.62655831935096,0.5849202654881185,1.1875610551385527,0.060974101464652264,-0.8928692886374687,-0.450342474184647,-0.47686708356573715,-0.4492518660824782,170000.0
ID_2651,-0.7679747967735919,0.6222147155635368,-0.3810087211999231,-0.9379305900620176,-0.15105779189909693,-1.6291593628116114,-0.9354688951975273,-0.9122171603862802,-0.62655831935096,0.5849202654881185,0.6222473460145197,0.060974101464652264,-0.31596357808214603,-0.16301884487491597,-0.08306837165262702,-0.159810131533294,160000.0
ID_2652,-0.4528462991336738,0.6222147155635368,-0.3810087211999231,-0.6061199692561582,-0.15105779189909693,-0.7048561921996358,-0.6725966413608725,-0.6506586471853965,-0.62655831935096,-1.5114339660212976,-0.5083800722335465,0.060974101464652264,-0.8928692886374687,0.1243047844348151,5.06660709182652,0.11888706617009423,77000.0
ID_2653,0.832186681123353,0.6222147155635368,-0.3810087211999231,0.05750127235556074,-0.15105779189909693,0.21944697841233984,-0.6725966413608725,-0.6506586471853965,-0.62655831935096,0.5849202654881185,0.810685249055864,0.060974101464652264,-0.8928692886374687,-0.16301884487491597,-0.08306837165262702,-0.16575697411906878,90000.0
ID_2654,0.9328951819332859,0.6222147155635368,-0.3810087211999231,0.05750127235556074,-0.15105779189909693,0.21944697841233984,-0.6725966413608725,-0.6506586471853965,-0.62655831935096,0.5849202654881185,0.9991231520972084,0.060974101464652264,-0.8928692886374687,-1.024989732804109,-0.06871943073271414,-1.0234812844615446,110000.0
ID_2655,-0.8376104898853053,-1.2105851160545795,0.2782647963819663,1.3847437555789985,-0.15105779189909693,-0.7048561921996358,1.4303813893323656,1.4418094584216736,1.443526517765285,0.5849202654881185,0.056933636890486534,0.060974101464652264,1.414753553583822,1.5609229309834705,-0.2393123950027652,1.5666128556626044,130000.0
ID_2656,-0.8015644908805469,0.6222147155635368,-0.3810087211999231,-0.6061199692561582,-0.15105779189909693,-0.7048561921996358,-0.6725966413608725,-0.6506586471853965,-0.62655831935096,0.5849202654881185,0.6222473460145197,0.060974101464652264,-0.31596357808214603,0.1243047844348151,-1.1560502871081872,0.12382840397083464,140000.0
ID_2657,-0.5646632460845687,0.6222147155635368,-0.3810087211999231,-1.2697412108678772,-0.8917670441167587,-1.6291593628116114,-0.9354688951975273,-0.9122171603862802,-0.9222847246532806,-1.5114339660212976,-0.9229434589245042,0.060974101464652264,-0.8928692886374687,-1.5996369914235713,-1.1464843264949127,-1.6031116999716528,9.0
ID_2658,2.6266220497602295,-1.2105851160545795,-0.3810087211999231,-0.6061199692561582,-0.15105779189909693,0.21944697841233984,-0.6725966413608725,-0.6506586471853965,-0.62655831935096,-1.5114339660212976,-0.5083800722335465,0.060974101464652264,-0.8928692886374687,0.4116284137445462,-1.5466603454835397,0.4074956681831071,76000.0
ID_2659,2.817415257326591,0.6222147155635368,0.2782647963819663,1.3847437555789985,-0.15105779189909693,0.21944697841233984,1.4303813893323656,1.4418094584216736,1.443526517765285,-1.5114339660212976,-0.3199421691922022,0.060974101464652264,1.414753553583822,-0.7376661034943781,-1.0014005905269243,-0.7406758814935873,61000.0
ID_2660,-0.6012820157381421,0.6222147155635368,0.2782647963819663,1.3847437555789985,-0.15105779189909693,1.1437501490243154,1.4303813893323656,1.4418094584216736,1.443526517765285,0.5849202654881185,1.752874764262586,0.060974101464652264,1.414753553583822,1.2735993016737392,0.22623102150989877,1.27829154073103,200000.0
ID_2661,3.0160730464939918,0.6222147155635368,-0.3810087211999231,-0.6061199692561582,-0.15105779189909693,0.21944697841233984,-0.6725966413608725,-0.6506586471853965,-0.62655831935096,-1.5114339660212976,-0.5083800722335465,0.060974101464652264,-0.8928692886374687,-1.024989732804109,0.19912746643895535,-1.0290259251333056,71000.0
ID_2662,-0.7252097574654258,0.6222147155635368,-0.3810087211999231,-0.6061199692561582,-0.15105779189909693,-0.7048561921996358,-0.6725966413608725,-0.6506586471853965,-0.62655831935096,0.5849202654881185,1.375998958179897,0.060974101464652264,-0.31596357808214603,0.9862756723640083,0.9341121068921712,0.9860631214918933,120000.0
ID_2663,0.5676382377018765,0.6222147155635368,-0.3810087211999231,0.05750127235556074,-0.15105779189909693,0.21944697841233984,-0.6725966413608725,-0.6506586471853965,-0.62655831935096,0.5849202654881185,0.43380944297317525,0.060974101464652264,-0.31596357808214603,1.5609229309834705,-0.2393123950027652,1.5617864326944395,140000.0
ID_2664,-0.5980932252990657,0.6222147155635368,-0.3810087211999231,-0.6061199692561582,-0.15105779189909693,1.1437501490243154,-0.6725966413608725,-0.6506586471853965,-0.9222847246532806,0.5849202654881185,1.1875610551385527,-1.3767310278071516,-0.31596357808214603,0.4116284137445462,0.5291531075969093,0.40942049162874433,160000.0
ID_2665,0.751150649136185,0.6222147155635368,-0.3810087211999231,-0.6061199692561582,-0.15105779189909693,0.21944697841233984,-0.6725966413608725,-0.6506586471853965,-0.9222847246532806,0.5849202654881185,0.810685249055864,0.060974101464652264,-0.31596357808214603,0.6989520430542773,-0.2903308516068944,0.6973108759381612,150000.0
ID_2666,-0.6662088732273852,0.6222147155635368,-0.3810087211999231,-0.6061199692561582,-0.15105779189909693,1.1437501490243154,-0.6725966413608725,-0.6506586471853965,-0.9222847246532806,0.5849202654881185,0.24537153993183092,0.060974101464652264,-0.8928692886374687,0.1243047844348151,-1.1560502871081872,0.12207595277406043,260000.0
ID_2667,0.5676382377018765,0.6222147155635368,0.2782647963819663,1.3847437555789985,-0.15105779189909693,0.21944697841233984,1.4303813893323656,1.4418094584216736,1.443526517765285,0.5849202654881185,0.24537153993183092,0.060974101464652264,1.414753553583822,1.5609229309834705,-0.2393123950027652,1.564889133173974,140000.0
ID_2668,0.4625183014140505,0.6222147155635368,-0.3810087211999231,-0.6061199692561582,-0.15105779189909693,0.21944697841233984,-0.6725966413608725,-0.6506586471853965,-0.62655831935096,0.5849202654881185,0.056933636890486534,0.060974101464652264,-0.31596357808214603,0.1243047844348151,-1.1560502871081872,0.1242306058848484,130000.0
ID_2669,-0.7094420423927561,0.6222147155635368,-0.3810087211999231,-1.2697412108678772,-0.15105779189909693,-0.7048561921996358,-0.9354688951975273,-0.9122171603862802,-0.62655831935096,0.5849202654881185,0.9991231520972084,0.060974101464652264,-0.8928692886374687,0.6989520430542773,-0.2903308516068944,0.7013041663701549,120000.0
ID_2670,-0.8574702106509521,-1.2105851160545795,0.2782647963819663,1.3847437555789985,-0.15105779189909693,-1.6291593628116114,1.4303813893323656,1.4418094584216736,1.443526517765285,0.5849202654881185,-0.3199421691922022,0.060974101464652264,1.414753553583822,-1.5996369914235713,0.3856636983977981,-1.5945505449447888,110000.0
ID_2671,-0.7479939129860804,0.6222147155635368,-0.3810087211999231,-0.9379305900620176,-0.15105779189909693,-0.7048561921996358,-0.9354688951975273,-0.9122171603862802,-0.62655831935096,0.5849202654881185,0.056933636890486534,0.060974101464652264,-0.31596357808214603,-0.450342474184647,-0.47686708356573715,-0.4479590742160054,120000.0
ID_2672,-0.7422331620374208,-1.2105851160545795,-0.3810087211999231,-0.6061199692561582,-0.15105779189909693,-0.7048561921996358,-0.6725966413608725,-0.6506586471853965,-0.62655831935096,0.5849202654881185,0.24537153993183092,0.060974101464652264,-0.31596357808214603,1.2735993016737392,0.22623102150989877,1.273809862260591,90000.0
ID_2673,0.7456432390514247,0.6222147155635368,-0.3810087211999231,-0.6061199692561582,-0.15105779189909693,0.21944697841233984,-0.6725966413608725,-0.6506586471853965,-0.62655831935096,0.5849202654881185,0.6222473460145197,0.060974101464652264,-0.8928692886374687,1.2735993016737392,0.22623102150989877,1.2751026541270638,210000.0
ID_2674,-0.8221346675471279,-1.2105851160545795,0.2782647963819663,1.3847437555789985,-0.15105779189909693,-1.6291593628116114,1.4303813893323656,1.4418094584216736,1.443526517765285,0.5849202654881185,0.056933636890486534,0.060974101464652264,1.414753553583822,0.9862756723640083,0.9341121068921712,0.991148102833353,110000.0
ID_2675,0.833563533644543,0.6222147155635368,0.2782647963819663,1.3847437555789985,-0.15105779189909693,0.21944697841233984,1.4303813893323656,1.4418094584216736,1.443526517765285,0.5849202654881185,0.43380944297317525,0.060974101464652264,1.414753553583822,-0.7376661034943781,0.3617487968646123,-0.7323445561318739,120000.0
ID_2676,-0.6904139405499081,0.6222147155635368,-0.3810087211999231,-1.2697412108678772,-0.15105779189909693,-0.7048561921996358,-0.9354688951975273,-0.9122171603862802,-0.62655831935096,0.5849202654881185,0.43380944297317525,0.060974101464652264,-0.8928692886374687,-1.024989732804109,-0.06871943073271414,-1.021958662929921,130000.0
ID_2677,-0.30013683230343124,0.6222147155635368,-0.3810087211999231,0.05750127235556074,-0.8917670441167587,-0.7048561921996358,-0.14685213368756297,-0.6506586471853965,-0.9222847246532806,-1.5114339660212976,-0.9606310395327731,-1.3767310278071516,-0.8928692886374687,0.9862756723640083,-2.2290322025637495,0.981093054983009,9.0
ID_2678,0.751150649136185,0.6222147155635368,-0.3810087211999231,-0.6061199692561582,-0.15105779189909693,0.21944697841233984,-0.6725966413608725,-0.3891001339845127,-0.62655831935096,0.5849202654881185,1.5644368612212416,0.060974101464652264,-0.8928692886374687,0.6989520430542773,-0.2903308516068944,0.7001550180444014,210000.0
ID_2679,0.5676382377018765,0.6222147155635368,-0.3810087211999231,-0.9379305900620176,-0.15105779189909693,0.21944697841233984,-0.9354688951975273,-0.9122171603862802,-0.62655831935096,0.5849202654881185,2.1297505703452746,0.060974101464652264,-0.31596357808214603,1.5609229309834705,-0.2393123950027652,1.5639698145133711,210000.0
ID_2680,-0.5980932252990657,0.6222147155635368,-0.3810087211999231,-0.6061199692561582,-0.15105779189909693,1.1437501490243154,-0.6725966413608725,-0.3891001339845127,-0.9222847246532806,0.5849202654881185,0.24537153993183092,0.060974101464652264,-0.31596357808214603,0.4116284137445462,0.5291531075969093,0.40921939067173746,120000.0
ID_2681,-0.7479939129860804,-1.2105851160545795,0.2782647963819663,1.3847437555789985,-0.15105779189909693,0.21944697841233984,1.4303813893323656,1.4418094584216736,1.443526517765285,0.5849202654881185,-0.3199421691922022,0.060974101464652264,1.414753553583822,-0.450342474184647,-0.47686708356573715,-0.4454884053156352,130000.0
ID_2682,-0.6546157749989641,0.6222147155635368,0.2782647963819663,1.3847437555789985,-0.15105779189909693,1.1437501490243154,1.4303813893323656,1.4418094584216736,1.443526517765285,0.5849202654881185,0.6222473460145197,0.060974101464652264,1.414753553583822,1.5609229309834705,-0.2393123950027652,1.5664692121218853,180000.0
ID_2683,0.7456432390514247,0.6222147155635368,-0.3810087211999231,-0.6061199692561582,-0.15105779189909693,0.21944697841233984,-0.6725966413608725,-0.3891001339845127,-0.9222847246532806,0.5849202654881185,0.24537153993183092,0.060974101464652264,-0.8928692886374687,1.2735993016737392,0.22623102150989877,1.2744418938397555,150000.0
ID_2684,-0.7104388836180978,-1.2105851160545795,0.2782647963819663,1.3847437555789985,-0.15105779189909693,-0.7048561921996358,1.4303813893323656,1.4418094584216736,1.443526517765285,0.5849202654881185,1.5644368612212416,0.060974101464652264,1.414753553583822,-0.16301884487491597,-0.08306837165262702,-0.15886208416454728,140000.0
ID_2685,-0.5812791023102916,-1.2105851160545795,-0.3810087211999231,0.05750127235556074,-0.15105779189909693,1.1437501490243154,-0.14685213368756297,-0.6506586471853965,-0.62655831935096,0.5849202654881185,-0.13150426615085783,0.060974101464652264,-0.8928692886374687,-0.7376661034943781,0.3617487968646123,-0.7398714776655598,150000.0
ID_2686,0.6223158050233801,-1.2105851160545795,0.2782647963819663,1.3847437555789985,-0.15105779189909693,0.21944697841233984,1.4303813893323656,1.4418094584216736,1.443526517765285,0.5849202654881185,1.752874764262586,0.060974101464652264,1.414753553583822,-1.5996369914235713,0.3856636983977981,-1.5961306238926998,150000.0
ID_2687,-0.5812791023102916,2.455014547181653,4.893179419455191,1.3847437555789985,5.033906973624536,2.068053319636291,1.4303813893323656,1.4418094584216736,1.443526517765285,0.5849202654881185,-2.752675497455958,4.374089489280064,1.414753553583822,-0.7376661034943781,0.3617487968646123,-0.7319136255097163,9.0
ID_2688,-0.49398114505675095,0.6222147155635368,-0.3810087211999231,-1.2697412108678772,-0.8917670441167587,-1.6291593628116114,-0.9354688951975273,-0.9122171603862802,-0.9222847246532806,-1.5114339660212976,-1.299819265007193,-1.3767310278071516,-0.31596357808214603,0.9862756723640083,-2.2290322025637495,0.9821272884761872,9.0
ID_2689,-0.27060059201886,0.6222147155635368,-0.3810087211999231,-0.6061199692561582,-0.8917670441167587,-0.7048561921996358,-0.6725966413608725,-0.6506586471853965,-0.9222847246532806,-1.5114339660212976,-0.5083800722335465,0.060974101464652264,-0.8928692886374687,-0.16301884487491597,0.46538003684174956,-0.16794035593800058,9.0
ID_2690,-0.7104388836180978,0.6222147155635368,-0.3810087211999231,0.05750127235556074,-0.8917670441167587,-0.7048561921996358,-0.6725966413608725,-0.6506586471853965,-0.62655831935096,0.5849202654881185,0.24537153993183092,0.060974101464652264,-0.8928692886374687,-0.16301884487491597,-0.08306837165262702,-0.1633724913431301,9.0
ID_2691,2.4134026683287213,0.6222147155635368,-0.3810087211999231,-0.6061199692561582,-0.15105779189909693,0.21944697841233984,-0.6725966413608725,-0.6506586471853965,-0.9222847246532806,-1.5114339660212976,-0.696817975274891,0.060974101464652264,-0.31596357808214603,-0.450342474184647,1.559088200292738,-0.4547103206298077,71000.0
ID_2692,0.6223158050233801,0.6222147155635368,-0.3810087211999231,-0.6061199692561582,-0.15105779189909693,0.21944697841233984,-0.6725966413608725,-0.6506586471853965,-0.9222847246532806,0.5849202654881185,0.810685249055864,0.060974101464652264,-0.31596357808214603,-1.5996369914235713,0.3856636983977981,-1.5978543463813302,100000.0
ID_2693,-0.8707816208258186,-1.2105851160545795,-0.3810087211999231,-1.2697412108678772,-0.15105779189909693,-1.6291593628116114,-0.9354688951975273,-0.9122171603862802,-0.9222847246532806,0.5849202654881185,-0.5083800722335465,0.060974101464652264,-0.31596357808214603,1.2735993016737392,0.22623102150989877,1.2761656163283859,120000.0
ID_2694,2.8146615522842113,-1.2105851160545795,-0.3810087211999231,-0.2743093484502987,-0.8917670441167587,0.21944697841233984,-0.6725966413608725,-0.3891001339845127,-0.3308319140486392,-1.5114339660212976,-1.0360062007493107,0.060974101464652264,-0.8928692886374687,-0.16301884487491597,0.46538003684174956,-0.16854365880902122,9.0
ID_2695,3.0160730464939918,0.6222147155635368,0.2782647963819663,1.3847437555789985,-0.15105779189909693,0.21944697841233984,1.4303813893323656,1.4418094584216736,1.443526517765285,-1.5114339660212976,-0.696817975274891,-1.3767310278071516,1.414753553583822,-1.024989732804109,0.19912746643895535,-1.0281927925971344,69000.0
ID_2696,2.753683507825741,-1.2105851160545795,0.2782647963819663,1.3847437555789985,-0.15105779189909693,0.21944697841233984,1.4303813893323656,1.4418094584216736,1.443526517765285,-1.5114339660212976,-0.5083800722335465,0.060974101464652264,1.414753553583822,0.9862756723640083,-2.2290322025637495,0.9830178784286463,69000.0
ID_2697,-0.7479939129860804,0.6222147155635368,0.2782647963819663,1.3847437555789985,-0.15105779189909693,-0.7048561921996358,1.4303813893323656,1.4418094584216736,1.443526517765285,0.5849202654881185,-0.3199421691922022,0.060974101464652264,1.414753553583822,-0.450342474184647,-0.47686708356573715,-0.44456908665503236,210000.0
ID_2698,-0.8253454876265434,0.6222147155635368,-0.3810087211999231,-1.2697412108678772,-0.15105779189909693,-1.6291593628116114,-0.9354688951975273,-0.9122171603862802,-0.62655831935096,0.5849202654881185,-0.5083800722335465,0.060974101464652264,-0.8928692886374687,-0.450342474184647,-0.47686708356573715,-0.44770051584271087,94000.0
ID_2699,-0.6082378746751949,-1.2105851160545795,-0.3810087211999231,-0.6061199692561582,-0.15105779189909693,1.1437501490243154,-0.6725966413608725,-0.6506586471853965,-0.62655831935096,0.5849202654881185,0.43380944297317525,0.060974101464652264,-0.31596357808214603,-0.450342474184647,-0.47686708356573715,-0.4502573708675126,130000.0
ID_2700,0.833563533644543,-1.2105851160545795,0.2782647963819663,1.3847437555789985,-0.15105779189909693,0.21944697841233984,1.4303813893323656,1.4418094584216736,1.443526517765285,0.5849202654881185,0.24537153993183092,0.060974101464652264,1.414753553583822,-0.7376661034943781,0.3617487968646123,-0.7332351460843329,120000.0
ID_2701,-0.6012820157381421,0.6222147155635368,-0.3810087211999231,-1.2697412108678772,-0.15105779189909693,1.1437501490243154,-0.9354688951975273,-0.9122171603862802,-0.62655831935096,0.5849202654881185,0.810685249055864,0.060974101464652264,-0.8928692886374687,1.2735993016737392,0.22623102150989877,1.2755048560410776,260000.0
ID_2702,0.6223158050233801,0.6222147155635368,-0.3810087211999231,-0.6061199692561582,-0.15105779189909693,0.21944697841233984,-0.6725966413608725,-0.6506586471853965,-0.62655831935096,0.5849202654881185,0.6222473460145197,0.060974101464652264,-0.31596357808214603,-1.5996369914235713,0.3856636983977981,-1.5988885798745085,120000.0
ID_2703,0.4740122662609459,0.6222147155635368,0.2782647963819663,1.3847437555789985,-0.15105779189909693,0.21944697841233984,1.4303813893323656,1.4418094584216736,1.443526517765285,0.5849202654881185,2.1297505703452746,0.060974101464652264,1.414753553583822,-1.3123133621138403,-0.020889627666346104,-1.3089009998705914,130000.0
ID_2704,0.7456432390514247,-1.2105851160545795,0.2782647963819663,1.3847437555789985,-0.15105779189909693,0.21944697841233984,1.4303813893323656,1.4418094584216736,1.443526517765285,0.5849202654881185,0.43380944297317525,0.060974101464652264,1.414753553583822,1.2735993016737392,0.22623102150989877,1.278119168482167,110000.0
ID_2705,0.9328951819332859,-1.2105851160545795,0.2782647963819663,1.3847437555789985,-0.15105779189909693,0.21944697841233984,1.4303813893323656,1.4418094584216736,1.443526517765285,0.5849202654881185,0.810685249055864,0.060974101464652264,1.414753553583822,-1.024989732804109,-0.06871943073271414,-1.0212979026426128,66000.0
ID_2706,0.4625183014140505,-1.2105851160545795,0.2782647963819663,1.3847437555789985,-0.15105779189909693,0.21944697841233984,1.4303813893323656,1.4418094584216736,1.443526517765285,0.5849202654881185,1.752874764262586,0.060974101464652264,1.414753553583822,0.1243047844348151,-1.1560502871081872,0.12787915181911602,170000.0
ID_2707,-0.23054519847239607,0.6222147155635368,-0.3810087211999231,0.05750127235556074,-0.8917670441167587,-0.7048561921996358,-0.6725966413608725,-0.6506586471853965,-0.62655831935096,-1.5114339660212976,-0.696817975274891,0.060974101464652264,-0.8928692886374687,-1.024989732804109,0.19912746643895535,-1.0297728715450456,9.0
ID_2708,-0.8275704813007867,0.6222147155635368,-0.3810087211999231,-0.6061199692561582,-0.15105779189909693,2.068053319636291,-0.14685213368756297,-0.3891001339845127,-0.9222847246532806,2.6812744969975344,2.1297505703452746,0.060974101464652264,-0.31596357808214603,0.1243047844348151,-1.1560502871081872,0.12181739440076587,320000.0
ID_2709,-0.25707990026077276,-1.2105851160545795,0.2782647963819663,1.3847437555789985,-0.15105779189909693,-0.7048561921996358,1.4303813893323656,1.4418094584216736,1.443526517765285,-1.5114339660212976,-0.5083800722335465,0.060974101464652264,1.414753553583822,0.4116284137445462,-1.5466603454835397,0.4083575294274223,110000.0
ID_2710,0.6223158050233801,0.6222147155635368,-0.3810087211999231,0.05750127235556074,-0.15105779189909693,0.21944697841233984,-0.6725966413608725,-0.3891001339845127,-0.62655831935096,0.5849202654881185,1.1875610551385527,0.060974101464652264,-0.31596357808214603,-1.5996369914235713,0.3856636983977981,-1.6019625516458993,140000.0
ID_2711,-0.6609933558771169,0.6222147155635368,-0.3810087211999231,-0.6061199692561582,-0.15105779189909693,1.1437501490243154,-0.6725966413608725,-0.6506586471853965,-0.3308319140486392,0.5849202654881185,0.24537153993183092,0.060974101464652264,-0.31596357808214603,-1.3123133621138403,-0.020889627666346104,-1.3111418391058107,92000.0
ID_2712,-0.15837058931160805,-1.2105851160545795,-0.3810087211999231,-0.6061199692561582,-0.15105779189909693,1.1437501490243154,-0.6725966413608725,-0.6506586471853965,-0.62655831935096,-1.5114339660212976,-1.3563506359195963,-1.3767310278071516,-0.8928692886374687,-1.5996369914235713,-1.1464843264949127,-1.605237624374297,72000.0
ID_2713,-0.3341836414474214,-1.2105851160545795,0.2782647963819663,1.3847437555789985,-0.15105779189909693,-0.7048561921996358,1.4303813893323656,1.4418094584216736,1.443526517765285,-1.5114339660212976,-0.5083800722335465,0.060974101464652264,1.414753553583822,1.2735993016737392,-0.7128274453598268,1.2708220766136318,70000.0
ID_2714,2.098301707739227,0.6222147155635368,-0.3810087211999231,-0.6061199692561582,-0.15105779189909693,0.21944697841233984,-0.6725966413608725,-0.3891001339845127,-0.62655831935096,-1.5114339660212976,-0.5083800722335465,0.060974101464652264,-0.31596357808214603,-1.3123133621138403,-0.10220029287917282,-1.3162555491554142,81000.0
ID_2715,-0.15837058931160805,0.6222147155635368,-0.3810087211999231,-0.6061199692561582,-0.15105779189909693,1.1437501490243154,-0.6725966413608725,-0.6506586471853965,-0.62655831935096,-1.5114339660212976,-1.695538861394016,-1.3767310278071516,-0.31596357808214603,-1.5996369914235713,-1.1464843264949127,-1.6051801669580095,43900.0
ID_2716,-0.3902600909304541,-1.2105851160545795,0.2782647963819663,1.3847437555789985,-0.15105779189909693,-1.6291593628116114,1.4303813893323656,1.4418094584216736,1.443526517765285,-1.5114339660212976,-0.9794748298369075,0.060974101464652264,1.414753553583822,-1.024989732804109,0.19912746643895535,-1.0276756758505452,59000.0
ID_2717,0.4625183014140505,0.6222147155635368,-0.3810087211999231,-0.6061199692561582,-0.15105779189909693,0.21944697841233984,-0.6725966413608725,-0.6506586471853965,-0.62655831935096,0.5849202654881185,0.810685249055864,0.060974101464652264,-0.31596357808214603,0.1243047844348151,-1.1560502871081872,0.12308145755909482,110000.0
ID_2718,0.9328951819332859,0.6222147155635368,-0.3810087211999231,0.05750127235556074,-0.15105779189909693,0.21944697841233984,0.11602012014909178,-0.6506586471853965,-0.62655831935096,0.5849202654881185,0.43380944297317525,0.060974101464652264,-0.31596357808214603,-1.024989732804109,-0.06871943073271414,-1.0235387418778323,120000.0
ID_2719,-0.8015644908805469,0.6222147155635368,-0.3810087211999231,-0.6061199692561582,-0.15105779189909693,-0.7048561921996358,-0.6725966413608725,-0.6506586471853965,-0.62655831935096,0.5849202654881185,0.43380944297317525,0.060974101464652264,-0.31596357808214603,0.1243047844348151,-1.1560502871081872,0.12293781401837561,130000.0
ID_2720,0.6223158050233801,0.6222147155635368,-0.3810087211999231,-0.2743093484502987,-0.15105779189909693,0.21944697841233984,-0.6725966413608725,-0.6506586471853965,-0.62655831935096,0.5849202654881185,1.1875610551385527,0.060974101464652264,-0.31596357808214603,-1.5996369914235713,0.3856636983977981,-1.5983714631279193,110000.0
ID_2721,-0.7702713867789371,-1.2105851160545795,0.2782647963819663,1.3847437555789985,-0.15105779189909693,-1.6291593628116114,1.4303813893323656,1.4418094584216736,1.443526517765285,0.5849202654881185,-0.5083800722335465,0.060974101464652264,1.414753553583822,-1.024989732804109,-0.06871943073271414,-1.0207520571878799,100000.0
ID_2722,-0.25707990026077276,-1.2105851160545795,-0.3810087211999231,-0.6061199692561582,-0.8917670441167587,-0.7048561921996358,-0.6725966413608725,-0.6506586471853965,-0.62655831935096,-1.5114339660212976,-0.9606310395327731,-1.3767310278071516,-0.8928692886374687,0.4116284137445462,-1.5466603454835397,0.4066912643550796,9.0
ID_2723,2.753683507825741,0.6222147155635368,-0.3810087211999231,-1.2697412108678772,-0.15105779189909693,0.21944697841233984,-0.9354688951975273,-0.9122171603862802,-0.62655831935096,-1.5114339660212976,-0.5083800722335465,0.060974101464652264,-0.8928692886374687,0.9862756723640083,-2.2290322025637495,0.9827593200553517,76000.0
ID_2724,-0.603887020708234,0.6222147155635368,0.2782647963819663,1.3847437555789985,-0.15105779189909693,1.1437501490243154,1.4303813893323656,1.4418094584216736,1.443526517765285,0.5849202654881185,0.6222473460145197,0.060974101464652264,1.414753553583822,-0.16301884487491597,-0.08306837165262702,-0.15825878129352663,110000.0
ID_2725,-0.8175414875364376,-1.2105851160545795,-0.3810087211999231,-1.2697412108678772,-0.15105779189909693,-1.6291593628116114,-0.9354688951975273,-0.9122171603862802,-0.9222847246532806,0.5849202654881185,0.24537153993183092,0.060974101464652264,-0.8928692886374687,0.6989520430542773,-0.2903308516068944,0.700930693164285,170000.0
ID_2726,-0.7094420423927561,0.6222147155635368,-0.3810087211999231,-0.6061199692561582,-0.15105779189909693,-0.7048561921996358,-0.6725966413608725,-0.6506586471853965,-0.62655831935096,0.5849202654881185,0.6222473460145197,0.060974101464652264,-0.8928692886374687,0.6989520430542773,-0.2903308516068944,0.6981727371824764,150000.0
ID_2727,0.4625183014140505,0.6222147155635368,-0.3810087211999231,-0.6061199692561582,-0.15105779189909693,0.21944697841233984,-0.6725966413608725,-0.6506586471853965,-0.9222847246532806,0.5849202654881185,1.375998958179897,0.060974101464652264,-0.31596357808214603,0.1243047844348151,-1.1560502871081872,0.12216213889849195,160000.0
ID_2728,0.833563533644543,0.6222147155635368,0.2782647963819663,1.3847437555789985,-0.15105779189909693,0.21944697841233984,1.4303813893323656,1.4418094584216736,1.443526517765285,0.5849202654881185,1.375998958179897,0.060974101464652264,1.414753553583822,-0.7376661034943781,0.3617487968646123,-0.73231582742373,150000.0
ID_2729,0.5676382377018765,-1.2105851160545795,-0.3810087211999231,-0.6061199692561582,-0.15105779189909693,0.21944697841233984,-0.6725966413608725,-0.6506586471853965,-0.62655831935096,0.5849202654881185,1.752874764262586,0.060974101464652264,-0.31596357808214603,1.5609229309834705,-0.2393123950027652,1.562935581020193,210000.0
ID_2730,0.832186681123353,-1.2105851160545795,-0.3810087211999231,-1.2697412108678772,-0.15105779189909693,0.21944697841233984,-0.9354688951975273,-0.9122171603862802,-0.62655831935096,0.5849202654881185,0.6222473460145197,0.060974101464652264,-0.8928692886374687,-0.16301884487491597,-0.08306837165262702,-0.16035597698802692,130000.0
ID_2731,-0.8015644908805469,0.6222147155635368,-0.3810087211999231,-0.9379305900620176,-0.15105779189909693,-0.7048561921996358,-0.9354688951975273,-0.9122171603862802,-0.62655831935096,0.5849202654881185,0.6222473460145197,0.060974101464652264,-0.8928692886374687,0.1243047844348151,-1.1560502871081872,0.12635653028749252,140000.0
ID_2732,-0.6012820157381421,0.6222147155635368,-0.3810087211999231,-1.2697412108678772,-0.15105779189909693,1.1437501490243154,-0.9354688951975273,-0.9122171603862802,-0.62655831935096,0.5849202654881185,0.056933636890486534,0.060974101464652264,-0.8928692886374687,1.2735993016737392,0.22623102150989877,1.275619770873653,120000.0
ID_2733,2.817415257326591,-1.2105851160545795,0.2782647963819663,1.3847437555789985,-0.15105779189909693,0.21944697841233984,1.4303813893323656,1.4418094584216736,1.443526517765285,-1.5114339660212976,-0.9606310395327731,-1.3767310278071516,1.414753553583822,-0.7376661034943781,-1.0014005905269243,-0.740733338909875,61000.0
ID_2734,-0.8175414875364376,0.6222147155635368,-0.3810087211999231,0.05750127235556074,-0.15105779189909693,-1.6291593628116114,-0.14685213368756297,-0.6506586471853965,-0.62655831935096,0.5849202654881185,0.24537153993183092,0.060974101464652264,-0.31596357808214603,0.6989520430542773,-0.2903308516068944,0.69894841230236,110000.0
ID_2735,0.801703166304203,0.6222147155635368,-0.3810087211999231,-0.6061199692561582,-0.15105779189909693,0.21944697841233984,-0.6725966413608725,-0.6506586471853965,-0.62655831935096,0.5849202654881185,0.43380944297317525,0.060974101464652264,-0.8928692886374687,0.9862756723640083,0.9341121068921712,0.9849714305824274,86000.0
ID_2736,-0.5249438045532752,-1.2105851160545795,0.2782647963819663,1.3847437555789985,-0.15105779189909693,-0.7048561921996358,1.4303813893323656,1.4418094584216736,1.443526517765285,-1.5114339660212976,-1.2432878940947896,-1.3767310278071516,1.414753553583822,1.5609229309834705,0.48929493837493176,1.5580517006357402,66000.0
ID_2737,0.832186681123353,-1.2105851160545795,0.2782647963819663,1.3847437555789985,-0.15105779189909693,0.21944697841233984,1.4303813893323656,1.4418094584216736,1.443526517765285,0.5849202654881185,1.752874764262586,0.060974101464652264,1.414753553583822,-0.16301884487491597,-0.08306837165262702,-0.15926428607856102,150000.0
ID_2738,0.631562746555693,-1.2105851160545795,0.2782647963819663,1.3847437555789985,-0.15105779189909693,0.21944697841233984,1.4303813893323656,1.4418094584216736,1.443526517765285,0.5849202654881185,1.1875610551385527,0.060974101464652264,1.414753553583822,-0.450342474184647,-0.47686708356573715,-0.4460342507703682,150000.0
ID_2739,-0.6302675150142374,0.6222147155635368,-0.3810087211999231,-0.9379305900620176,-0.15105779189909693,1.1437501490243154,-0.9354688951975273,-0.9122171603862802,-0.3308319140486392,0.5849202654881185,-0.5083800722335465,0.060974101464652264,-0.8928692886374687,0.6989520430542773,-0.2903308516068944,0.7008445070398536,110000.0
ID_2740,-0.8253454876265434,0.6222147155635368,-0.3810087211999231,-0.6061199692561582,-0.15105779189909693,-1.6291593628116114,-0.6725966413608725,-0.6506586471853965,-0.3308319140486392,0.5849202654881185,0.43380944297317525,0.060974101464652264,-0.31596357808214603,-0.450342474184647,-0.47686708356573715,-0.4521821943131498,130000.0
ID_2741,-0.8015644908805469,0.6222147155635368,-0.3810087211999231,-1.2697412108678772,-0.15105779189909693,-0.7048561921996358,-0.9354688951975273,-0.9122171603862802,-0.3308319140486392,0.5849202654881185,0.24537153993183092,0.060974101464652264,-0.31596357808214603,0.1243047844348151,-1.1560502871081872,0.12721839153180772,150000.0
ID_2742,2.2855536506210883,-1.2105851160545795,0.2782647963819663,1.3847437555789985,-0.15105779189909693,0.21944697841233984,1.4303813893323656,1.4418094584216736,1.443526517765285,-1.5114339660212976,-0.696817975274891,0.060974101464652264,1.414753553583822,1.5609229309834705,0.48929493837493176,1.5581666154683156,75000.0
ID_2743,-0.6256798424136317,0.6222147155635368,-0.3810087211999231,-0.6061199692561582,-0.15105779189909693,-1.6291593628116114,-0.6725966413608725,-0.6506586471853965,-0.62655831935096,-1.5114339660212976,-1.4505695874402684,-1.3767310278071516,-0.8928692886374687,0.1243047844348151,5.06660709182652,0.11954782645740254,62000.0
ID_2744,0.801703166304203,0.6222147155635368,0.2782647963819663,1.3847437555789985,-0.15105779189909693,0.21944697841233984,1.4303813893323656,1.4418094584216736,1.443526517765285,0.5849202654881185,0.24537153993183092,0.060974101464652264,1.414753553583822,0.9862756723640083,0.9341121068921712,0.9905735286704761,85000.0
ID_2745,-0.5812791023102916,0.6222147155635368,-0.3810087211999231,-0.9379305900620176,-0.15105779189909693,1.1437501490243154,-0.9354688951975273,-0.9122171603862802,-0.3308319140486392,0.5849202654881185,-0.3199421691922022,0.060974101464652264,-0.31596357808214603,-0.7376661034943781,0.3617487968646123,-0.7355334427358401,130000.0
ID_2746,-0.6012820157381421,0.6222147155635368,-0.3810087211999231,-0.6061199692561582,-0.15105779189909693,1.1437501490243154,-0.14685213368756297,-0.6506586471853965,-0.62655831935096,0.5849202654881185,0.056933636890486534,0.060974101464652264,-0.8928692886374687,1.2735993016737392,0.22623102150989877,1.2718563101068099,130000.0
ID_2747,-0.7104388836180978,0.6222147155635368,-0.3810087211999231,-0.6061199692561582,-0.15105779189909693,0.21944697841233984,-0.6725966413608725,-0.6506586471853965,-0.9222847246532806,0.5849202654881185,0.24537153993183092,0.060974101464652264,-0.8928692886374687,-0.16301884487491597,-0.08306837165262702,-0.1651249425399043,80000.0
ID_2748,-0.6904139405499081,0.6222147155635368,0.2782647963819663,1.3847437555789985,-0.15105779189909693,-0.7048561921996358,1.4303813893323656,1.4418094584216736,1.443526517765285,0.5849202654881185,0.24537153993183092,0.060974101464652264,1.414753553583822,-1.024989732804109,-0.06871943073271414,-1.0204934988145853,120000.0
ID_2749,-0.7422331620374208,-1.2105851160545795,0.2782647963819663,1.3847437555789985,-0.15105779189909693,-0.7048561921996358,1.4303813893323656,1.4418094584216736,1.443526517765285,0.5849202654881185,0.24537153993183092,0.060974101464652264,1.414753553583822,1.2735993016737392,0.22623102150989877,1.279009758434626,180000.0
ID_2750,-0.8574702106509521,-1.2105851160545795,-0.3810087211999231,-0.6061199692561582,-0.8917670441167587,-1.6291593628116114,-0.6725966413608725,-0.127541620783629,-0.62655831935096,0.5849202654881185,-0.3199421691922022,0.060974101464652264,-0.8928692886374687,-1.5996369914235713,0.3856636983977981,-1.5986587502093577,9.0
ID_2751,2.3949142926741804,0.6222147155635368,-0.3810087211999231,-0.6061199692561582,-0.15105779189909693,0.21944697841233984,-0.6725966413608725,-0.6506586471853965,-0.62655831935096,-1.5114339660212976,-0.5083800722335465,0.060974101464652264,-0.8928692886374687,-1.5996369914235713,-1.1464843264949127,-1.603427715761235,62000.0
ID_2752,0.833563533644543,-1.2105851160545795,0.2782647963819663,1.3847437555789985,-0.15105779189909693,0.21944697841233984,1.4303813893323656,1.4418094584216736,1.443526517765285,0.5849202654881185,0.9991231520972084,0.060974101464652264,1.414753553583822,-0.7376661034943781,0.3617487968646123,-0.7323732848400177,140000.0
ID_2753,2.65258398089979,0.6222147155635368,-0.3810087211999231,-0.6061199692561582,-0.15105779189909693,0.21944697841233984,-0.6725966413608725,-0.6506586471853965,-0.62655831935096,-1.5114339660212976,-0.696817975274891,0.060974101464652264,-0.31596357808214603,0.6989520430542773,0.5769829106632773,0.6942081754586266,81000.0
ID_2754,0.751150649136185,-1.2105851160545795,0.2782647963819663,1.3847437555789985,-0.15105779189909693,0.21944697841233984,1.4303813893323656,1.4418094584216736,1.443526517765285,0.5849202654881185,0.056933636890486534,0.060974101464652264,1.414753553583822,0.6989520430542773,-0.2903308516068944,0.7032002611076483,130000.0
ID_2755,-0.6543238822644718,0.6222147155635368,-0.3810087211999231,0.05750127235556074,-0.15105779189909693,1.1437501490243154,-0.6725966413608725,-0.6506586471853965,-0.62655831935096,0.5849202654881185,-0.696817975274891,-1.3767310278071516,-0.8928692886374687,-1.5996369914235713,0.3856636983977981,-1.6017327219807487,74000.0
ID_2756,-0.4820520948131594,0.6222147155635368,-0.3810087211999231,-1.2697412108678772,-0.15105779189909693,-1.6291593628116114,-0.9354688951975273,-0.9122171603862802,-0.62655831935096,-1.5114339660212976,-0.5083800722335465,0.060974101464652264,-0.31596357808214603,-0.7376661034943781,-1.0014005905269243,-0.7411929982401765,68000.0
ID_2757,-0.7479939129860804,0.6222147155635368,0.2782647963819663,1.3847437555789985,-0.15105779189909693,-0.7048561921996358,1.4303813893323656,1.4418094584216736,1.443526517765285,0.5849202654881185,0.810685249055864,0.060974101464652264,1.414753553583822,-0.450342474184647,-0.47686708356573715,-0.4460055220622243,110000.0
ID_2758,-0.6012820157381421,-1.2105851160545795,0.2782647963819663,1.3847437555789985,-0.15105779189909693,1.1437501490243154,1.4303813893323656,1.4418094584216736,1.443526517765285,0.5849202654881185,0.24537153993183092,0.060974101464652264,1.414753553583822,1.2735993016737392,0.22623102150989877,1.2790384871427698,140000.0
ID_2759,0.7456432390514247,-1.2105851160545795,0.2782647963819663,1.3847437555789985,-0.15105779189909693,0.21944697841233984,1.4303813893323656,1.4418094584216736,1.443526517765285,0.5849202654881185,0.43380944297317525,0.060974101464652264,1.414753553583822,1.2735993016737392,0.22623102150989877,1.2780042536495917,140000.0
ID_2760,-0.05749686619913237,0.6222147155635368,-0.3810087211999231,0.05750127235556074,-0.15105779189909693,1.1437501490243154,-0.6725966413608725,-0.6506586471853965,-0.62655831935096,-1.5114339660212976,-0.696817975274891,-1.3767310278071516,-0.31596357808214603,-0.16301884487491597,0.46538003684174956,-0.167509425315843,90000.0
ID_2761,0.7381696835664046,0.6222147155635368,-0.3810087211999231,-0.6061199692561582,-0.15105779189909693,0.21944697841233984,-0.6725966413608725,-0.6506586471853965,-0.62655831935096,0.5849202654881185,1.375998958179897,0.060974101464652264,-0.31596357808214603,0.4116284137445462,0.5291531075969093,0.4128966653141489,170000.0
ID_2762,-0.6012820157381421,0.6222147155635368,-0.3810087211999231,-0.6061199692561582,-0.15105779189909693,1.1437501490243154,-0.6725966413608725,-0.6506586471853965,-0.62655831935096,0.5849202654881185,0.056933636890486534,0.060974101464652264,-0.8928692886374687,1.2735993016737392,0.22623102150989877,1.274183335466461,120000.0
ID_2763,-1.095208581779814,2.455014547181653,4.893179419455191,1.3847437555789985,5.033906973624536,2.068053319636291,1.4303813893323656,1.4418094584216736,1.443526517765285,-1.5114339660212976,-2.752675497455958,4.374089489280064,1.414753553583822,0.6989520430542773,0.5769829106632773,0.6959893553635447,9.0
ID_2764,-0.7422331620374208,-1.2105851160545795,0.2782647963819663,1.3847437555789985,-0.15105779189909693,-0.7048561921996358,1.4303813893323656,1.4418094584216736,1.443526517765285,0.5849202654881185,1.9413126673039303,0.060974101464652264,1.414753553583822,1.2735993016737392,0.22623102150989877,1.2775158656111463,210000.0
ID_2765,-0.6662088732273852,0.6222147155635368,0.2782647963819663,1.3847437555789985,-0.15105779189909693,1.1437501490243154,1.4303813893323656,1.4418094584216736,1.443526517765285,0.5849202654881185,0.9991231520972084,0.060974101464652264,1.414753553583822,0.1243047844348151,-1.1560502871081872,0.1288846566041504,130000.0
ID_2766,3.0160730464939918,-1.2105851160545795,0.2782647963819663,1.3847437555789985,-0.15105779189909693,0.21944697841233984,1.4303813893323656,1.4418094584216736,1.443526517765285,-1.5114339660212976,-0.13150426615085783,0.060974101464652264,1.414753553583822,-1.024989732804109,0.19912746643895535,-1.027704404558689,78000.0
ID_2767,-0.34569963593465586,-1.2105851160545795,-0.3810087211999231,-0.6061199692561582,-0.15105779189909693,-0.7048561921996358,-0.6725966413608725,-0.6506586471853965,-0.62655831935096,-1.5114339660212976,-0.3199421691922022,0.060974101464652264,-0.8928692886374687,-0.450342474184647,1.559088200292738,-0.4554859957496914,79000.0
ID_2768,-0.7472393978044682,-1.2105851160545795,0.2782647963819663,1.3847437555789985,-0.15105779189909693,-0.7048561921996358,1.4303813893323656,1.4418094584216736,1.443526517765285,0.5849202654881185,0.056933636890486534,0.060974101464652264,1.414753553583822,-1.5996369914235713,0.3856636983977981,-1.5948665607343708,110000.0
ID_2769,-0.2685958947480072,0.6222147155635368,-0.3810087211999231,-0.6061199692561582,-0.15105779189909693,-0.7048561921996358,-0.6725966413608725,-0.6506586471853965,-0.62655831935096,-1.5114339660212976,-0.5083800722335465,0.060974101464652264,-0.8928692886374687,0.6989520430542773,0.5769829106632773,0.6943230902912019,85000.0
ID_2770,-0.27060059201886,0.6222147155635368,0.2782647963819663,1.3847437555789985,-0.15105779189909693,-0.7048561921996358,1.4303813893323656,1.4418094584216736,1.443526517765285,-1.5114339660212976,-0.696817975274891,0.060974101464652264,1.414753553583822,-0.16301884487491597,0.46538003684174956,-0.16607298990865102,70000.0
ID_2771,-0.5912805590242168,0.6222147155635368,-0.3810087211999231,-1.2697412108678772,-0.15105779189909693,-1.6291593628116114,-0.9354688951975273,-0.9122171603862802,-0.62655831935096,-1.5114339660212976,-1.2432878940947896,-1.3767310278071516,-0.8928692886374687,1.2735993016737392,-0.7128274453598268,1.2694718273308712,120000.0
ID_2772,-0.6609933558771169,0.6222147155635368,-0.3810087211999231,-0.6061199692561582,-0.15105779189909693,1.1437501490243154,-0.6725966413608725,-0.6506586471853965,-0.9222847246532806,0.5849202654881185,-0.3199421691922022,0.060974101464652264,-0.31596357808214603,-1.3123133621138403,-0.020889627666346104,-1.3145892840830715,100000.0
ID_2773,2.3949142926741804,0.6222147155635368,-0.3810087211999231,-0.6061199692561582,-0.15105779189909693,0.21944697841233984,-0.6725966413608725,-0.6506586471853965,-0.62655831935096,-1.5114339660212976,-0.3199421691922022,0.060974101464652264,-0.8928692886374687,-1.5996369914235713,-1.1464843264949127,-1.6037437315508174,72000.0
ID_2774,0.4740122662609459,0.6222147155635368,-0.3810087211999231,-0.6061199692561582,-0.15105779189909693,0.21944697841233984,-0.6725966413608725,-0.6506586471853965,-0.62655831935096,0.5849202654881185,0.810685249055864,0.060974101464652264,-0.8928692886374687,-1.3123133621138403,-0.020889627666346104,-1.3113429400628176,100000.0
ID_2775,-0.8574702106509521,0.6222147155635368,-0.3810087211999231,-1.2697412108678772,-0.15105779189909693,-0.7048561921996358,-0.9354688951975273,-0.9122171603862802,-0.9222847246532806,0.5849202654881185,0.43380944297317525,0.060974101464652264,-0.8928692886374687,-1.5996369914235713,0.3856636983977981,-1.596647740639289,94000.0
ID_2776,-0.6662088732273852,-1.2105851160545795,0.2782647963819663,1.3847437555789985,-0.15105779189909693,1.1437501490243154,1.4303813893323656,1.4418094584216736,1.443526517765285,0.5849202654881185,-0.696817975274891,-1.3767310278071516,1.414753553583822,0.1243047844348151,-1.1560502871081872,0.12799406665169138,160000.0
ID_2777,-0.4820520948131594,0.6222147155635368,-0.3810087211999231,-0.6061199692561582,-0.15105779189909693,-1.6291593628116114,-0.6725966413608725,-0.3891001339845127,-0.62655831935096,-1.5114339660212976,-0.696817975274891,-1.3767310278071516,-0.8928692886374687,-0.7376661034943781,-1.0014005905269243,-0.7417675724030532,66000.0
ID_2778,-0.27060059201886,0.6222147155635368,-0.3810087211999231,0.05750127235556074,-0.15105779189909693,-0.7048561921996358,-0.6725966413608725,-0.6506586471853965,-0.62655831935096,-1.5114339660212976,-1.299819265007193,-1.3767310278071516,-0.8928692886374687,-0.16301884487491597,0.46538003684174956,-0.1680839994787198,57000.0
ID_2779,-0.8175414875364376,2.455014547181653,4.893179419455191,1.3847437555789985,5.033906973624536,2.068053319636291,1.4303813893323656,1.4418094584216736,1.443526517765285,0.5849202654881185,-2.752675497455958,4.374089489280064,1.414753553583822,0.6989520430542773,-0.2903308516068944,0.7045792390985527,9.0
ID_2780,-0.5912805590242168,-1.2105851160545795,-0.3810087211999231,-1.2697412108678772,-0.15105779189909693,-1.6291593628116114,-0.9354688951975273,-0.9122171603862802,-0.62655831935096,-1.5114339660212976,-0.5083800722335465,0.060974101464652264,-0.8928692886374687,1.2735993016737392,-0.7128274453598268,1.270046401493748,81000.0
ID_2781,-0.04590376797071128,0.6222147155635368,-0.3810087211999231,0.05750127235556074,-0.15105779189909693,1.1437501490243154,-0.6725966413608725,-0.6506586471853965,-0.62655831935096,-1.5114339660212976,-1.299819265007193,-1.3767310278071516,-0.31596357808214603,0.4116284137445462,-1.5466603454835397,0.4069210940202303,63000.0
ID_2782,-0.6012820157381421,0.6222147155635368,-0.3810087211999231,-0.6061199692561582,-0.15105779189909693,1.1437501490243154,-0.6725966413608725,-0.3891001339845127,-0.62655831935096,0.5849202654881185,0.056933636890486534,0.060974101464652264,-0.31596357808214603,1.2735993016737392,0.22623102150989877,1.2717413952742345,140000.0
ID_2783,0.832186681123353,0.6222147155635368,-0.3810087211999231,0.05750127235556074,-0.15105779189909693,0.21944697841233984,-0.6725966413608725,-0.6506586471853965,-0.62655831935096,0.5849202654881185,1.375998958179897,0.060974101464652264,-0.31596357808214603,-0.16301884487491597,-0.08306837165262702,-0.16144766789749285,140000.0
ID_2784,-0.603887020708234,0.6222147155635368,-0.3810087211999231,-0.6061199692561582,-0.15105779189909693,1.1437501490243154,-0.6725966413608725,-0.6506586471853965,-0.9222847246532806,0.5849202654881185,-0.13150426615085783,0.060974101464652264,-0.31596357808214603,-0.16301884487491597,-0.08306837165262702,-0.16216588560108883,150000.0
ID_2785,0.832186681123353,0.6222147155635368,-0.3810087211999231,-0.6061199692561582,-0.15105779189909693,0.21944697841233984,-0.6725966413608725,-0.6506586471853965,-0.9222847246532806,0.5849202654881185,0.9991231520972084,0.060974101464652264,-0.8928692886374687,-0.16301884487491597,-0.08306837165262702,-0.16116038081605444,150000.0
ID_2786,-0.6082378746751949,-1.2105851160545795,-0.3810087211999231,-0.2743093484502987,-0.15105779189909693,1.1437501490243154,-0.14685213368756297,-0.6506586471853965,-0.62655831935096,0.5849202654881185,-0.3199421691922022,0.060974101464652264,-0.8928692886374687,-0.450342474184647,-0.47686708356573715,-0.45241202397830055,110000.0
ID_2787,0.631562746555693,-1.2105851160545795,0.2782647963819663,1.3847437555789985,-0.15105779189909693,0.21944697841233984,1.4303813893323656,1.4418094584216736,1.443526517765285,0.5849202654881185,0.056933636890486534,0.060974101464652264,1.414753553583822,-0.450342474184647,-0.47686708356573715,-0.44623535172737505,110000.0
ID_2788,-0.8707816208258186,0.6222147155635368,-0.3810087211999231,-0.6061199692561582,-0.15105779189909693,-1.6291593628116114,-0.14685213368756297,-0.6506586471853965,-0.62655831935096,0.5849202654881185,0.056933636890486534,0.060974101464652264,-0.8928692886374687,1.2735993016737392,0.22623102150989877,1.27432697900718,91000.0
ID_2789,0.7381696835664046,0.6222147155635368,-0.3810087211999231,-0.9379305900620176,-0.15105779189909693,0.21944697841233984,-0.9354688951975273,-0.9122171603862802,-0.62655831935096,0.5849202654881185,0.810685249055864,0.060974101464652264,-0.8928692886374687,0.4116284137445462,0.5291531075969093,0.413787255266608,150000.0
ID_2790,0.832186681123353,-1.2105851160545795,0.2782647963819663,1.3847437555789985,-0.15105779189909693,0.21944697841233984,1.4303813893323656,1.4418094584216736,1.443526517765285,0.5849202654881185,0.24537153993183092,0.060974101464652264,1.414753553583822,-0.16301884487491597,-0.08306837165262702,-0.158373696126102,100000.0
ID_2791,0.4740122662609459,0.6222147155635368,-0.3810087211999231,-0.2743093484502987,-0.15105779189909693,0.21944697841233984,-0.6725966413608725,-0.3891001339845127,-0.62655831935096,0.5849202654881185,0.810685249055864,0.060974101464652264,-0.31596357808214603,-1.3123133621138403,-0.020889627666346104,-1.3146467414993592,110000.0
ID_2792,0.801703166304203,0.6222147155635368,-0.3810087211999231,-0.6061199692561582,-0.15105779189909693,0.21944697841233984,-0.6725966413608725,-0.6506586471853965,-0.62655831935096,0.5849202654881185,1.752874764262586,0.060974101464652264,-0.31596357808214603,0.9862756723640083,0.9341121068921712,0.9874995568990853,140000.0
ID_2793,-0.5980932252990657,0.6222147155635368,-0.3810087211999231,-0.9379305900620176,-0.15105779189909693,1.1437501490243154,-0.9354688951975273,-0.9122171603862802,-0.9222847246532806,0.5849202654881185,0.056933636890486534,0.060974101464652264,-0.8928692886374687,0.4116284137445462,0.5291531075969093,0.4139308988073272,110000.0
ID_2794,2.6415691607302696,-1.2105851160545795,0.2782647963819663,1.3847437555789985,-0.15105779189909693,0.21944697841233984,1.4303813893323656,1.4418094584216736,1.443526517765285,-1.5114339660212976,-0.5083800722335465,0.060974101464652264,1.414753553583822,1.2735993016737392,-0.7128274453598268,1.270419874699618,93000.0
ID_2795,0.631562746555693,-1.2105851160545795,0.2782647963819663,1.3847437555789985,-0.15105779189909693,0.21944697841233984,1.4303813893323656,1.4418094584216736,1.443526517765285,0.5849202654881185,0.43380944297317525,0.060974101464652264,1.414753553583822,-0.450342474184647,-0.47686708356573715,-0.4462066230192312,160000.0
ID_2796,0.4740122662609459,0.6222147155635368,-0.3810087211999231,-0.6061199692561582,-0.15105779189909693,0.21944697841233984,-0.6725966413608725,-0.6506586471853965,-0.62655831935096,0.5849202654881185,0.24537153993183092,0.060974101464652264,-0.31596357808214603,-1.3123133621138403,-0.020889627666346104,-1.310394892694071,120000.0
ID_2797,-1.095208581779814,2.455014547181653,4.893179419455191,1.3847437555789985,5.033906973624536,2.068053319636291,1.4303813893323656,1.4418094584216736,1.443526517765285,-1.5114339660212976,-2.752675497455958,4.374089489280064,1.414753553583822,1.2735993016737392,-0.7128274453598268,1.2713391933602207,9.0
ID_2798,0.4740122662609459,0.6222147155635368,-0.3810087211999231,-0.6061199692561582,-0.15105779189909693,0.21944697841233984,-0.6725966413608725,-0.6506586471853965,-0.62655831935096,0.5849202654881185,0.43380944297317525,0.060974101464652264,-0.31596357808214603,-1.3123133621138403,-0.020889627666346104,-1.31053853623479,120000.0
ID_2799,-0.6012820157381421,0.6222147155635368,-0.3810087211999231,0.05750127235556074,-0.15105779189909693,1.1437501490243154,-0.6725966413608725,-0.127541620783629,-0.62655831935096,0.5849202654881185,-0.5083800722335465,-1.3767310278071516,-0.8928692886374687,1.2735993016737392,0.22623102150989877,1.273982234509454,130000.0
ID_2800,-0.6082378746751949,-1.2105851160545795,-0.3810087211999231,-0.9379305900620176,-0.8917670441167587,1.1437501490243154,-0.9354688951975273,-0.9122171603862802,-0.9222847246532806,0.5849202654881185,-0.9606310395327731,-1.3767310278071516,-0.8928692886374687,-0.450342474184647,-0.47686708356573715,-0.44856237708702607,9.0
ID_2801,-0.11025234740105451,0.6222147155635368,-0.3810087211999231,-0.6061199692561582,-0.15105779189909693,-0.7048561921996358,-0.6725966413608725,-0.6506586471853965,-0.9222847246532806,-1.5114339660212976,-0.5083800722335465,0.060974101464652264,-0.8928692886374687,0.6989520430542773,0.5769829106632773,0.6937197874201813,73000.0
ID_2802,-0.8574702106509521,0.6222147155635368,-0.3810087211999231,-1.2697412108678772,-0.15105779189909693,-1.6291593628116114,-0.9354688951975273,-0.9122171603862802,-0.9222847246532806,0.5849202654881185,0.056933636890486534,0.060974101464652264,-0.31596357808214603,-1.5996369914235713,0.3856636983977981,-1.5972797722184535,78000.0
ID_2803,-0.34569963593465586,-1.2105851160545795,0.2782647963819663,1.3847437555789985,-0.15105779189909693,-0.7048561921996358,1.4303813893323656,1.4418094584216736,1.443526517765285,-1.5114339660212976,-0.696817975274891,0.060974101464652264,1.414753553583822,-0.450342474184647,1.559088200292738,-0.4533888000551911,69000.0
ID_2804,2.6266220497602295,-1.2105851160545795,0.2782647963819663,1.3847437555789985,-0.15105779189909693,0.21944697841233984,1.4303813893323656,1.4418094584216736,1.443526517765285,-1.5114339660212976,-1.5071009583526718,-1.3767310278071516,1.414753553583822,0.4116284137445462,-1.5466603454835397,0.4089033748821552,41700.0
ID_2805,3.0160730464939918,0.6222147155635368,0.2782647963819663,1.3847437555789985,-0.15105779189909693,0.21944697841233984,1.4303813893323656,1.4418094584216736,1.443526517765285,-1.5114339660212976,-1.1867565231823862,-1.3767310278071516,1.414753553583822,-1.024989732804109,0.19912746643895535,-1.028250250013422,41700.0
ID_2806,-0.6546157749989641,0.6222147155635368,-0.3810087211999231,-0.9379305900620176,-0.15105779189909693,1.1437501490243154,-0.9354688951975273,-0.9122171603862802,-0.9222847246532806,0.5849202654881185,-0.13150426615085783,0.060974101464652264,-0.8928692886374687,1.5609229309834705,-0.2393123950027652,1.5635676125993574,130000.0
ID_2807,0.4740122662609459,0.6222147155635368,0.2782647963819663,1.3847437555789985,-0.15105779189909693,0.21944697841233984,1.4303813893323656,1.4418094584216736,1.443526517765285,0.5849202654881185,0.810685249055864,0.060974101464652264,1.414753553583822,-1.3123133621138403,-0.020889627666346104,-1.3078380376692693,140000.0
ID_2808,-0.7479939129860804,0.6222147155635368,-0.3810087211999231,-1.2697412108678772,-0.15105779189909693,-0.7048561921996358,-0.9354688951975273,-0.9122171603862802,-0.62655831935096,0.5849202654881185,0.6222473460145197,0.060974101464652264,-0.8928692886374687,-0.450342474184647,-0.47686708356573715,-0.4480165316322931,130000.0
ID_2809,-0.7252097574654258,-1.2105851160545795,0.2782647963819663,1.3847437555789985,-0.15105779189909693,-0.7048561921996358,1.4303813893323656,1.4418094584216736,1.443526517765285,0.5849202654881185,0.24537153993183092,0.060974101464652264,1.414753553583822,0.9862756723640083,0.9341121068921712,0.9915790334555106,140000.0
ID_2810,-0.7252097574654258,0.6222147155635368,-0.3810087211999231,-0.6061199692561582,-0.8917670441167587,-0.7048561921996358,-0.6725966413608725,-0.6506586471853965,-0.62655831935096,0.5849202654881185,0.24537153993183092,0.060974101464652264,-0.31596357808214603,0.9862756723640083,0.9341121068921712,0.9852874463720096,9.0
ID_2811,2.6415691607302696,-1.2105851160545795,-0.3810087211999231,-0.9379305900620176,-0.8917670441167587,-0.7048561921996358,-0.9354688951975273,-0.9122171603862802,-0.62655831935096,-1.5114339660212976,-0.5083800722335465,0.060974101464652264,-0.8928692886374687,1.2735993016737392,-0.7128274453598268,1.2699027579530289,9.0
ID_2812,-0.5951963275944817,0.6222147155635368,-0.3810087211999231,-0.6061199692561582,-0.15105779189909693,1.1437501490243154,-0.6725966413608725,-0.6506586471853965,-0.62655831935096,0.5849202654881185,1.1875610551385527,0.060974101464652264,-0.8928692886374687,0.9862756723640083,0.9341121068921712,0.9851438028312904,210000.0
ID_2813,0.4625183014140505,0.6222147155635368,-0.3810087211999231,-0.6061199692561582,-0.15105779189909693,0.21944697841233984,-0.6725966413608725,-0.6506586471853965,-0.62655831935096,0.5849202654881185,2.1297505703452746,0.060974101464652264,-0.31596357808214603,0.1243047844348151,-1.1560502871081872,0.12302400014280714,180000.0
ID_2814,-0.3341836414474214,0.6222147155635368,0.2782647963819663,1.3847437555789985,-0.15105779189909693,-0.7048561921996358,1.4303813893323656,1.4418094584216736,1.443526517765285,-1.5114339660212976,-0.3199421691922022,0.060974101464652264,1.414753553583822,1.2735993016737392,-0.7128274453598268,1.2706497043647687,89000.0
ID_2815,-0.7036812914440965,-1.2105851160545795,-0.3810087211999231,-0.6061199692561582,-0.8917670441167587,-0.7048561921996358,-0.6725966413608725,-0.6506586471853965,-0.62655831935096,0.5849202654881185,0.43380944297317525,0.060974101464652264,-0.8928692886374687,0.4116284137445462,0.5291531075969093,0.41131658636623775,9.0
ID_2816,0.751150649136185,-1.2105851160545795,0.2782647963819663,1.3847437555789985,-0.15105779189909693,0.21944697841233984,1.4303813893323656,1.4418094584216736,1.443526517765285,0.5849202654881185,1.1875610551385527,0.060974101464652264,1.414753553583822,0.6989520430542773,-0.2903308516068944,0.7027118730692031,210000.0
ID_2817,0.4625183014140505,2.455014547181653,4.893179419455191,1.3847437555789985,5.033906973624536,2.068053319636291,1.4303813893323656,1.4418094584216736,1.443526517765285,0.5849202654881185,-2.752675497455958,4.374089489280064,1.414753553583822,0.1243047844348151,-1.1560502871081872,0.1298901613891848,9.0
ID_2818,-0.8175414875364376,0.6222147155635368,-0.3810087211999231,-0.6061199692561582,-0.15105779189909693,-1.6291593628116114,-0.6725966413608725,-0.3891001339845127,-0.62655831935096,0.5849202654881185,-0.5083800722335465,0.060974101464652264,-0.8928692886374687,0.6989520430542773,-0.2903308516068944,0.6996379012978122,67000.0
ID_2819,-0.6543238822644718,0.6222147155635368,-0.3810087211999231,-0.6061199692561582,-0.15105779189909693,1.1437501490243154,-0.6725966413608725,-0.6506586471853965,-0.62655831935096,0.5849202654881185,-0.696817975274891,-1.3767310278071516,-0.8928692886374687,-1.5996369914235713,0.3856636983977981,-1.6013879774830226,110000.0
ID_2820,0.832186681123353,0.6222147155635368,-0.3810087211999231,0.05750127235556074,-0.15105779189909693,0.21944697841233984,-0.6725966413608725,-0.6506586471853965,-0.62655831935096,0.5849202654881185,0.24537153993183092,-1.3767310278071516,-0.8928692886374687,-0.16301884487491597,-0.08306837165262702,-0.16449291096073984,120000.0
ID_2821,2.8146615522842113,-1.2105851160545795,0.2782647963819663,1.3847437555789985,-0.15105779189909693,0.21944697841233984,1.4303813893323656,1.4418094584216736,1.443526517765285,-1.5114339660212976,-0.3199421691922022,0.060974101464652264,1.414753553583822,-0.16301884487491597,0.46538003684174956,-0.16598680378421948,68000.0
ID_2822,0.7381696835664046,-1.2105851160545795,0.2782647963819663,1.3847437555789985,-0.15105779189909693,0.21944697841233984,1.4303813893323656,1.4418094584216736,1.443526517765285,0.5849202654881185,1.1875610551385527,0.060974101464652264,1.414753553583822,0.4116284137445462,0.5291531075969093,0.4155109777552384,160000.0
ID_2823,-0.6012820157381421,0.6222147155635368,-0.3810087211999231,-0.6061199692561582,-0.8917670441167587,1.1437501490243154,-0.6725966413608725,-0.6506586471853965,-0.62655831935096,0.5849202654881185,-0.3199421691922022,0.060974101464652264,-0.8928692886374687,1.2735993016737392,0.22623102150989877,1.2747579096293378,9.0
ID_2824,-0.7422331620374208,-1.2105851160545795,-0.3810087211999231,-0.6061199692561582,-0.15105779189909693,-0.7048561921996358,-0.6725966413608725,-0.6506586471853965,-0.62655831935096,0.5849202654881185,-0.13150426615085783,-1.3767310278071516,-0.8928692886374687,1.2735993016737392,0.22623102150989877,1.2734363890547211,130000.0
ID_2825,0.833563533644543,0.6222147155635368,-0.3810087211999231,0.05750127235556074,-0.15105779189909693,0.21944697841233984,-0.6725966413608725,-0.3891001339845127,-0.62655831935096,0.5849202654881185,0.24537153993183092,0.060974101464652264,-0.31596357808214603,-0.7376661034943781,0.3617487968646123,-0.7401874934551421,85000.0
ID_2826,-0.6082378746751949,2.455014547181653,4.893179419455191,1.3847437555789985,5.033906973624536,2.068053319636291,1.4303813893323656,1.4418094584216736,1.443526517765285,0.5849202654881185,-2.752675497455958,4.374089489280064,1.414753553583822,-0.450342474184647,-0.47686708356573715,-0.4448276450283269,9.0
ID_2827,2.075313778045436,0.6222147155635368,-0.3810087211999231,-0.6061199692561582,-0.15105779189909693,0.21944697841233984,-0.6725966413608725,-0.6506586471853965,-0.62655831935096,-1.5114339660212976,-0.5083800722335465,0.060974101464652264,-0.31596357808214603,0.1243047844348151,5.06660709182652,0.11983511353884094,83000.0
ID_2828,-0.5812791023102916,0.6222147155635368,-0.3810087211999231,-0.6061199692561582,-0.15105779189909693,1.1437501490243154,-0.6725966413608725,-0.3891001339845127,-0.9222847246532806,0.5849202654881185,0.24537153993183092,0.060974101464652264,-0.8928692886374687,-0.7376661034943781,0.3617487968646123,-0.7394118183352584,130000.0
ID_2829,-0.4820520948131594,-1.2105851160545795,0.2782647963819663,1.3847437555789985,-0.15105779189909693,-1.6291593628116114,1.4303813893323656,1.4418094584216736,1.443526517765285,-1.5114339660212976,-0.9794748298369075,-1.3767310278071516,1.414753553583822,-0.7376661034943781,-1.0014005905269243,-0.7402449508714297,70000.0
ID_2830,-0.603887020708234,0.6222147155635368,-0.3810087211999231,-0.6061199692561582,-0.15105779189909693,1.1437501490243154,-0.6725966413608725,-0.6506586471853965,-0.62655831935096,0.5849202654881185,-0.13150426615085783,0.060974101464652264,-0.8928692886374687,-0.16301884487491597,-0.08306837165262702,-0.165354772205055,120000.0
ID_2831,2.8146615522842113,-1.2105851160545795,0.2782647963819663,1.3847437555789985,-0.15105779189909693,0.21944697841233984,1.4303813893323656,1.4418094584216736,1.443526517765285,-1.5114339660212976,-0.3199421691922022,0.060974101464652264,1.414753553583822,-0.16301884487491597,0.46538003684174956,-0.16615917603308253,70000.0
ID_2832,0.801703166304203,-1.2105851160545795,0.2782647963819663,1.3847437555789985,-0.15105779189909693,0.21944697841233984,1.4303813893323656,1.4418094584216736,1.443526517765285,0.5849202654881185,0.24537153993183092,0.060974101464652264,1.414753553583822,0.9862756723640083,0.9341121068921712,0.9898265822587363,110000.0
ID_2833,-0.32767388272723436,0.6222147155635368,-0.3810087211999231,-0.6061199692561582,-0.15105779189909693,-0.7048561921996358,-0.6725966413608725,-0.6506586471853965,-0.9222847246532806,-1.5114339660212976,-0.9794748298369075,0.060974101464652264,-0.8928692886374687,-0.7376661034943781,-1.0014005905269243,-0.7424570613985054,61000.0
ID_2834,2.65258398089979,0.6222147155635368,-0.3810087211999231,-0.6061199692561582,-0.8917670441167587,0.21944697841233984,-0.6725966413608725,-0.3891001339845127,-0.62655831935096,-1.5114339660212976,-0.5083800722335465,0.060974101464652264,-0.8928692886374687,0.6989520430542773,0.5769829106632773,0.6940645319179074,9.0
ID_2835,-0.6302675150142374,0.6222147155635368,-0.3810087211999231,-0.2743093484502987,-0.15105779189909693,1.1437501490243154,-0.14685213368756297,-0.3891001339845127,-0.9222847246532806,0.5849202654881185,-0.9606310395327731,0.060974101464652264,-0.31596357808214603,0.6989520430542773,-0.2903308516068944,0.696822487899716,87000.0
ID_2836,-0.8015644908805469,-1.2105851160545795,0.2782647963819663,1.3847437555789985,-0.15105779189909693,-0.7048561921996358,1.4303813893323656,1.4418094584216736,1.443526517765285,0.5849202654881185,-0.3199421691922022,0.060974101464652264,1.414753553583822,0.1243047844348151,-1.1560502871081872,0.1293730446425957,120000.0
ID_2837,-0.8253454876265434,0.6222147155635368,-0.3810087211999231,-0.6061199692561582,-0.15105779189909693,-1.6291593628116114,-0.6725966413608725,-0.6506586471853965,-0.62655831935096,0.5849202654881185,-0.3199421691922022,-1.3767310278071516,-0.8928692886374687,-0.450342474184647,-0.47686708356573715,-0.4496827967046358,180000.0
ID_2838,0.7381696835664046,0.6222147155635368,-0.3810087211999231,-0.6061199692561582,-0.15105779189909693,0.21944697841233984,-0.6725966413608725,-0.6506586471853965,-0.9222847246532806,0.5849202654881185,0.24537153993183092,0.060974101464652264,-0.31596357808214603,0.4116284137445462,0.5291531075969093,0.4114889586151008,91000.0
ID_2839,-0.7472393978044682,-1.2105851160545795,0.2782647963819663,1.3847437555789985,-0.15105779189909693,-0.7048561921996358,1.4303813893323656,1.4418094584216736,1.443526517765285,0.5849202654881185,0.24537153993183092,0.060974101464652264,1.414753553583822,-1.5996369914235713,0.3856636983977981,-1.5941770717389188,120000.0
ID_2840,-0.8574702106509521,-1.2105851160545795,-0.3810087211999231,-0.6061199692561582,-0.15105779189909693,-1.6291593628116114,-0.6725966413608725,-0.6506586471853965,-0.62655831935096,0.5849202654881185,-0.5083800722335465,0.060974101464652264,-0.8928692886374687,-1.5996369914235713,0.3856636983977981,-1.5985725640849262,100000.0
ID_2841,-0.5804089315168994,0.6222147155635368,-0.3810087211999231,-1.2697412108678772,-0.15105779189909693,1.1437501490243154,-0.9354688951975273,-0.9122171603862802,-0.9222847246532806,0.5849202654881185,-0.696817975274891,0.060974101464652264,-0.8928692886374687,-1.024989732804109,-0.06871943073271414,-1.0231365399638186,100000.0
ID_2842,-0.8253454876265434,-1.2105851160545795,0.2782647963819663,1.3847437555789985,-0.15105779189909693,-1.6291593628116114,1.4303813893323656,1.4418094584216736,1.443526517765285,0.5849202654881185,0.24537153993183092,0.060974101464652264,1.414753553583822,-0.450342474184647,-0.47686708356573715,-0.4457756923970736,120000.0
ID_2843,-0.5951963275944817,-1.2105851160545795,0.2782647963819663,1.3847437555789985,-0.15105779189909693,1.1437501490243154,1.4303813893323656,1.4418094584216736,1.443526517765285,0.5849202654881185,0.24537153993183092,0.060974101464652264,1.414753553583822,0.9862756723640083,0.9341121068921712,0.9892807368040033,140000.0
ID_2844,-0.6609933558771169,0.6222147155635368,0.2782647963819663,1.3847437555789985,-0.15105779189909693,1.1437501490243154,1.4303813893323656,1.4418094584216736,1.443526517765285,0.5849202654881185,0.810685249055864,0.060974101464652264,1.414753553583822,-1.3123133621138403,-0.020889627666346104,-1.3075507505878308,140000.0
ID_2845,-0.603887020708234,0.6222147155635368,-0.3810087211999231,-0.2743093484502987,-0.15105779189909693,1.1437501490243154,-0.14685213368756297,-0.6506586471853965,-0.62655831935096,0.5849202654881185,-0.9606310395327731,0.060974101464652264,-0.8928692886374687,-0.16301884487491597,-0.08306837165262702,-0.16492384158289744,74000.0
ID_2846,0.4740122662609459,0.6222147155635368,-0.3810087211999231,0.05750127235556074,-0.15105779189909693,0.21944697841233984,-0.6725966413608725,-0.6506586471853965,-0.62655831935096,0.5849202654881185,0.43380944297317525,0.060974101464652264,-0.8928692886374687,-1.3123133621138403,-0.020889627666346104,-1.3103374352777832,120000.0
ID_2847,0.6223158050233801,0.6222147155635368,-0.3810087211999231,-0.6061199692561582,-0.15105779189909693,0.21944697841233984,-0.6725966413608725,-0.6506586471853965,-0.62655831935096,0.5849202654881185,1.5644368612212416,0.060974101464652264,-0.31596357808214603,-1.5996369914235713,0.3856636983977981,-1.5981703621709125,140000.0
ID_2848,0.833563533644543,-1.2105851160545795,0.2782647963819663,1.3847437555789985,-0.15105779189909693,0.21944697841233984,1.4303813893323656,1.4418094584216736,1.443526517765285,0.5849202654881185,0.24537153993183092,0.060974101464652264,1.414753553583822,-0.7376661034943781,0.3617487968646123,-0.7332064173761891,66000.0
ID_2849,-0.7094420423927561,0.6222147155635368,-0.3810087211999231,0.05750127235556074,-0.15105779189909693,-0.7048561921996358,-0.6725966413608725,-0.6506586471853965,-0.62655831935096,0.5849202654881185,0.056933636890486534,-1.3767310278071516,-0.8928692886374687,0.6989520430542773,-0.2903308516068944,0.6981152797661887,120000.0
ID_2850,-0.3856724183298485,0.6222147155635368,-0.3810087211999231,-0.6061199692561582,-0.8917670441167587,-1.6291593628116114,-0.6725966413608725,-0.6506586471853965,-0.62655831935096,-1.5114339660212976,-0.8852558783162353,-1.3767310278071516,-0.8928692886374687,-0.16301884487491597,0.46538003684174956,-0.16733705306697996,9.0
ID_2851,-0.6082378746751949,0.6222147155635368,-0.3810087211999231,-0.6061199692561582,-0.15105779189909693,1.1437501490243154,-0.14685213368756297,-0.6506586471853965,-0.9222847246532806,0.5849202654881185,1.1875610551385527,0.060974101464652264,-0.31596357808214603,-0.450342474184647,-0.47686708356573715,-0.45040101440823177,140000.0
ID_2852,-0.6609933558771169,-1.2105851160545795,0.2782647963819663,1.3847437555789985,-0.15105779189909693,1.1437501490243154,1.4303813893323656,1.4418094584216736,1.443526517765285,0.5849202654881185,0.9991231520972084,0.060974101464652264,1.414753553583822,-1.3123133621138403,-0.020889627666346104,-1.3091021008275983,140000.0
ID_2853,-1.095208581779814,2.455014547181653,4.893179419455191,1.3847437555789985,5.033906973624536,2.068053319636291,1.4303813893323656,1.4418094584216736,1.443526517765285,-1.5114339660212976,-2.752675497455958,4.374089489280064,1.414753553583822,1.5609229309834705,0.48929493837493176,1.5584251738416102,9.0
ID_2854,-0.27060059201886,0.6222147155635368,-0.3810087211999231,-0.6061199692561582,-0.15105779189909693,-0.7048561921996358,-0.6725966413608725,-0.6506586471853965,-0.3308319140486392,-1.5114339660212976,-0.3199421691922022,-1.3767310278071516,-0.8928692886374687,-0.16301884487491597,0.46538003684174956,-0.16828510043572667,79000.0
ID_2855,-1.095208581779814,2.455014547181653,4.893179419455191,1.3847437555789985,5.033906973624536,2.068053319636291,1.4303813893323656,1.4418094584216736,1.443526517765285,-1.5114339660212976,-2.752675497455958,4.374089489280064,1.414753553583822,1.2735993016737392,-0.7128274453598268,1.2710519062787824,9.0
ID_2856,-0.8879812625205259,0.6222147155635368,-0.3810087211999231,-1.2697412108678772,-0.8917670441167587,-1.6291593628116114,-0.9354688951975273,-0.9122171603862802,-0.62655831935096,0.5849202654881185,-0.3199421691922022,0.060974101464652264,-0.31596357808214603,0.1243047844348151,-1.1560502871081872,0.12678746090965012,9.0
ID_2857,0.7456432390514247,-1.2105851160545795,0.2782647963819663,1.3847437555789985,-0.15105779189909693,0.21944697841233984,1.4303813893323656,1.4418094584216736,1.443526517765285,0.5849202654881185,0.43380944297317525,0.060974101464652264,1.414753553583822,1.2735993016737392,0.22623102150989877,1.2791534019753452,140000.0
ID_2858,-0.5812791023102916,0.6222147155635368,-0.3810087211999231,-0.6061199692561582,-0.15105779189909693,1.1437501490243154,-0.6725966413608725,-0.6506586471853965,-0.9222847246532806,0.5849202654881185,0.9991231520972084,0.060974101464652264,-0.31596357808214603,-0.7376661034943781,0.3617487968646123,-0.7364814901045867,180000.0
ID_2859,2.4134026683287213,0.6222147155635368,-0.3810087211999231,-0.6061199692561582,-0.15105779189909693,0.21944697841233984,-0.6725966413608725,-0.6506586471853965,-0.62655831935096,-1.5114339660212976,-0.5083800722335465,0.060974101464652264,-0.31596357808214603,-0.450342474184647,1.559088200292738,-0.4548539641705269,77000.0
ID_2860,-0.6662088732273852,-1.2105851160545795,0.2782647963819663,1.3847437555789985,-0.15105779189909693,1.1437501490243154,1.4303813893323656,1.4418094584216736,1.443526517765285,0.5849202654881185,-0.5083800722335465,0.060974101464652264,1.414753553583822,0.1243047844348151,-1.1560502871081872,0.127706779570253,120000.0
ID_2861,0.631562746555693,-1.2105851160545795,0.2782647963819663,1.3847437555789985,-0.15105779189909693,0.21944697841233984,1.4303813893323656,1.4418094584216736,1.443526517765285,0.5849202654881185,1.1875610551385527,0.060974101464652264,1.414753553583822,-0.450342474184647,-0.47686708356573715,-0.4453160330667722,150000.0
ID_2862,-0.8574702106509521,2.455014547181653,4.893179419455191,1.3847437555789985,5.033906973624536,2.068053319636291,1.4303813893323656,1.4418094584216736,1.443526517765285,0.5849202654881185,-2.752675497455958,4.374089489280064,1.414753553583822,-1.5996369914235713,0.3856636983977981,-1.5937174124086173,9.0
ID_2863,-0.7472393978044682,-1.2105851160545795,0.2782647963819663,1.3847437555789985,-0.15105779189909693,-0.7048561921996358,1.4303813893323656,1.4418094584216736,1.443526517765285,0.5849202654881185,1.9413126673039303,0.060974101464652264,1.414753553583822,-1.5996369914235713,0.3856636983977981,-1.5942919865714942,180000.0
ID_2864,0.7456432390514247,0.6222147155635368,0.2782647963819663,1.3847437555789985,-0.15105779189909693,0.21944697841233984,1.4303813893323656,1.4418094584216736,1.443526517765285,0.5849202654881185,1.375998958179897,0.060974101464652264,1.414753553583822,1.2735993016737392,0.22623102150989877,1.2783202694391738,170000.0
ID_2865,-0.603887020708234,0.6222147155635368,-0.3810087211999231,0.05750127235556074,-0.15105779189909693,1.1437501490243154,-0.14685213368756297,-0.6506586471853965,-0.62655831935096,0.5849202654881185,-0.5083800722335465,-1.3767310278071516,-0.8928692886374687,-0.16301884487491597,-0.08306837165262702,-0.16529731478876736,100000.0
ID_2866,-0.06619306672296948,-1.2105851160545795,-0.3810087211999231,-0.6061199692561582,-0.15105779189909693,1.1437501490243154,-0.6725966413608725,-0.6506586471853965,-0.62655831935096,-1.5114339660212976,-0.5083800722335465,0.060974101464652264,-0.8928692886374687,-0.450342474184647,1.559088200292738,-0.45585946895556134,82000.0
ID_2867,2.2855536506210883,0.6222147155635368,-0.3810087211999231,0.05750127235556074,-0.15105779189909693,0.21944697841233984,-0.6725966413608725,-0.6506586471853965,-0.62655831935096,-1.5114339660212976,-0.696817975274891,0.060974101464652264,-0.31596357808214603,1.5609229309834705,0.48929493837493176,1.556126877190103,41700.0
ID_2868,-0.8221346675471279,0.6222147155635368,-0.3810087211999231,-1.2697412108678772,-0.15105779189909693,-1.6291593628116114,-0.9354688951975273,-0.9122171603862802,-0.62655831935096,0.5849202654881185,0.24537153993183092,0.060974101464652264,-0.8928692886374687,0.9862756723640083,0.9341121068921712,0.9882177746026812,240000.0
ID_2869,2.6415691607302696,0.6222147155635368,0.2782647963819663,1.3847437555789985,-0.15105779189909693,0.21944697841233984,1.4303813893323656,1.4418094584216736,1.443526517765285,-1.5114339660212976,-0.5083800722335465,0.060974101464652264,1.414753553583822,1.2735993016737392,-0.7128274453598268,1.2704773321159055,85000.0
ID_2870,0.6223158050233801,0.6222147155635368,-0.3810087211999231,-0.6061199692561582,-0.15105779189909693,0.21944697841233984,-0.6725966413608725,-0.6506586471853965,-0.62655831935096,0.5849202654881185,0.810685249055864,0.060974101464652264,-0.8928692886374687,-1.5996369914235713,0.3856636983977981,-1.5989173085826522,120000.0
ID_2871,-0.7104388836180978,0.6222147155635368,-0.3810087211999231,-0.6061199692561582,-0.15105779189909693,-0.7048561921996358,-0.6725966413608725,-0.6506586471853965,-0.62655831935096,0.5849202654881185,0.056933636890486534,0.060974101464652264,-0.8928692886374687,-0.16301884487491597,-0.08306837165262702,-0.16411943775486992,120000.0
ID_2872,-0.7036812914440965,0.6222147155635368,-0.3810087211999231,-0.9379305900620176,-0.8917670441167587,-0.7048561921996358,-0.9354688951975273,-0.9122171603862802,-0.9222847246532806,0.5849202654881185,0.056933636890486534,0.060974101464652264,-0.8928692886374687,0.4116284137445462,0.5291531075969093,0.41433310072134094,9.0
ID_2873,-0.6082378746751949,-1.2105851160545795,-0.3810087211999231,-0.6061199692561582,-0.15105779189909693,1.1437501490243154,-0.14685213368756297,-0.6506586471853965,-0.9222847246532806,0.5849202654881185,0.24537153993183092,0.060974101464652264,-0.31596357808214603,-0.450342474184647,-0.47686708356573715,-0.45037228570008797,120000.0
ID_2874,2.2855536506210883,0.6222147155635368,-0.3810087211999231,-0.6061199692561582,-0.15105779189909693,0.21944697841233984,-0.6725966413608725,-0.6506586471853965,-0.62655831935096,-1.5114339660212976,-1.0360062007493107,0.060974101464652264,-0.8928692886374687,1.5609229309834705,0.48929493837493176,1.556500350395973,60000.0
ID_2875,-0.7347210546818074,-1.2105851160545795,0.2782647963819663,1.3847437555789985,-0.15105779189909693,-0.7048561921996358,1.4303813893323656,1.4418094584216736,1.443526517765285,0.5849202654881185,1.1875610551385527,0.060974101464652264,1.414753553583822,-1.3123133621138403,-0.020889627666346104,-1.3067750754679472,150000.0
ID_2876,-0.25707990026077276,0.6222147155635368,-0.3810087211999231,-0.6061199692561582,-0.15105779189909693,-0.7048561921996358,-0.6725966413608725,-0.6506586471853965,-0.62655831935096,-1.5114339660212976,-0.5083800722335465,0.060974101464652264,-0.8928692886374687,0.4116284137445462,-1.5466603454835397,0.40671999306322343,90000.0
ID_2877,2.3949142926741804,0.6222147155635368,-0.3810087211999231,-0.6061199692561582,-0.15105779189909693,0.21944697841233984,-0.6725966413608725,-0.6506586471853965,-0.62655831935096,-1.5114339660212976,-1.5071009583526718,-1.3767310278071516,-0.8928692886374687,-1.5996369914235713,-1.1464843264949127,-1.605065252125434,80000.0
ID_2878,-0.8253454876265434,-1.2105851160545795,0.2782647963819663,1.3847437555789985,-0.15105779189909693,-1.6291593628116114,1.4303813893323656,1.4418094584216736,1.443526517765285,0.5849202654881185,-0.696817975274891,0.060974101464652264,1.414753553583822,-0.450342474184647,-0.47686708356573715,-0.4469248407228272,67000.0
ID_2879,-0.6082378746751949,0.6222147155635368,-0.3810087211999231,-0.6061199692561582,-0.15105779189909693,1.1437501490243154,-0.6725966413608725,-0.6506586471853965,-0.62655831935096,0.5849202654881185,-0.3199421691922022,-1.3767310278071516,-0.8928692886374687,-0.450342474184647,-0.47686708356573715,-0.44997008378607417,74000.0
ID_2880,0.6223158050233801,0.6222147155635368,-0.3810087211999231,-0.6061199692561582,-0.15105779189909693,0.21944697841233984,-0.6725966413608725,-0.6506586471853965,-0.62655831935096,0.5849202654881185,0.24537153993183092,0.060974101464652264,-0.31596357808214603,-1.5996369914235713,0.3856636983977981,-1.5979979899220496,120000.0
ID_2881,0.7456432390514247,-1.2105851160545795,0.2782647963819663,1.3847437555789985,-0.15105779189909693,0.21944697841233984,1.4303813893323656,1.4418094584216736,1.443526517765285,0.5849202654881185,0.24537153993183092,0.060974101464652264,1.414753553583822,1.2735993016737392,0.22623102150989877,1.2787799287694752,130000.0
ID_2882,-0.7389782826773273,-1.2105851160545795,0.2782647963819663,1.3847437555789985,-0.15105779189909693,-0.7048561921996358,1.4303813893323656,1.4418094584216736,1.443526517765285,0.5849202654881185,0.24537153993183092,0.060974101464652264,1.414753553583822,-0.7376661034943781,0.3617487968646123,-0.7330053164191822,120000.0
ID_2883,0.7381696835664046,0.6222147155635368,-0.3810087211999231,-0.6061199692561582,-0.15105779189909693,0.21944697841233984,-0.6725966413608725,-0.127541620783629,-0.62655831935096,0.5849202654881185,0.24537153993183092,0.060974101464652264,-0.31596357808214603,0.4116284137445462,0.5291531075969093,0.4091619332554498,120000.0
ID_2884,-0.010540687816463355,0.6222147155635368,0.2782647963819663,1.3847437555789985,-0.15105779189909693,1.1437501490243154,1.4303813893323656,1.4418094584216736,1.443526517765285,-1.5114339660212976,-1.5071009583526718,-1.3767310278071516,1.414753553583822,-1.024989732804109,0.19912746643895535,-1.027532032309826,38600.0
ID_2885,0.7456432390514247,0.6222147155635368,-0.3810087211999231,-1.2697412108678772,-0.15105779189909693,0.21944697841233984,-0.9354688951975273,-0.9122171603862802,-0.3308319140486392,0.5849202654881185,0.24537153993183092,0.060974101464652264,-0.31596357808214603,1.2735993016737392,0.22623102150989877,1.276510360826112,130000.0
ID_2886,2.075313778045436,0.6222147155635368,0.2782647963819663,1.3847437555789985,-0.15105779189909693,0.21944697841233984,1.4303813893323656,1.4418094584216736,1.443526517765285,-1.5114339660212976,-0.5083800722335465,0.060974101464652264,1.414753553583822,0.1243047844348151,5.06660709182652,0.12058205995058076,72000.0
ID_2887,-1.095208581779814,2.455014547181653,4.893179419455191,1.3847437555789985,5.033906973624536,2.068053319636291,1.4303813893323656,1.4418094584216736,1.443526517765285,-1.5114339660212976,-2.752675497455958,4.374089489280064,1.414753553583822,0.9862756723640083,-2.2290322025637495,0.9839084683811053,9.0
ID_2888,-0.3341836414474214,-1.2105851160545795,-0.3810087211999231,-1.2697412108678772,-0.8917670441167587,-0.7048561921996358,-0.9354688951975273,-0.9122171603862802,-0.62655831935096,-1.5114339660212976,-0.5083800722335465,0.060974101464652264,-0.8928692886374687,1.2735993016737392,-0.7128274453598268,1.2698453005367412,9.0
ID_2889,0.4625183014140505,-1.2105851160545795,0.2782647963819663,1.3847437555789985,-0.15105779189909693,0.21944697841233984,1.4303813893323656,1.4418094584216736,1.443526517765285,0.5849202654881185,0.6222473460145197,0.060974101464652264,1.414753553583822,0.1243047844348151,-1.1560502871081872,0.1283675398575613,100000.0
ID_2890,-0.8240897981272179,0.6222147155635368,-0.3810087211999231,0.05750127235556074,-0.15105779189909693,2.068053319636291,0.11602012014909178,-0.6506586471853965,-0.9222847246532806,2.6812744969975344,2.1297505703452746,0.060974101464652264,-0.31596357808214603,-1.3123133621138403,-0.020889627666346104,-1.3141870821690578,270000.0
ID_2891,0.4625183014140505,-1.2105851160545795,0.2782647963819663,1.3847437555789985,-0.15105779189909693,0.21944697841233984,1.4303813893323656,1.4418094584216736,1.443526517765285,0.5849202654881185,1.1875610551385527,0.060974101464652264,1.414753553583822,0.1243047844348151,-1.1560502871081872,0.12739076378067077,140000.0
ID_2892,-0.7422331620374208,0.6222147155635368,0.2782647963819663,1.3847437555789985,-0.15105779189909693,-0.7048561921996358,1.4303813893323656,1.4418094584216736,1.443526517765285,0.5849202654881185,1.9413126673039303,0.060974101464652264,1.414753553583822,1.2735993016737392,0.22623102150989877,1.278492641688037,210000.0
ID_2893,-0.5249438045532752,-1.2105851160545795,-0.3810087211999231,-0.6061199692561582,-0.15105779189909693,-0.7048561921996358,-0.6725966413608725,-0.6506586471853965,-0.62655831935096,-1.5114339660212976,-1.0736937813575798,-1.3767310278071516,-0.8928692886374687,1.5609229309834705,0.48929493837493176,1.5556959465679454,72000.0
ID_2894,0.9328951819332859,-1.2105851160545795,0.2782647963819663,1.3847437555789985,-0.15105779189909693,0.21944697841233984,1.4303813893323656,1.4418094584216736,1.443526517765285,0.5849202654881185,0.43380944297317525,0.060974101464652264,1.414753553583822,-1.024989732804109,-0.06871943073271414,-1.0211829878100374,120000.0
ID_2895,0.4740122662609459,0.6222147155635368,-0.3810087211999231,-0.6061199692561582,-0.15105779189909693,0.21944697841233984,-0.6725966413608725,-0.6506586471853965,-0.9222847246532806,0.5849202654881185,1.5644368612212416,0.060974101464652264,-0.8928692886374687,-1.3123133621138403,-0.020889627666346104,-1.3105098075266464,100000.0
ID_2896,0.7381696835664046,0.6222147155635368,-0.3810087211999231,-0.2743093484502987,-0.15105779189909693,0.21944697841233984,-0.6725966413608725,-0.6506586471853965,-0.62655831935096,0.5849202654881185,0.6222473460145197,0.060974101464652264,-0.31596357808214603,0.4116284137445462,0.5291531075969093,0.4109718418685117,140000.0
ID_2897,0.6223158050233801,-1.2105851160545795,0.2782647963819663,1.3847437555789985,-0.15105779189909693,0.21944697841233984,1.4303813893323656,1.4418094584216736,1.443526517765285,0.5849202654881185,0.24537153993183092,0.060974101464652264,1.414753553583822,-1.5996369914235713,0.3856636983977981,-1.5950676616913777,100000.0
ID_2898,0.4625183014140505,2.455014547181653,4.893179419455191,1.3847437555789985,5.033906973624536,2.068053319636291,1.4303813893323656,1.4418094584216736,1.443526517765285,0.5849202654881185,-2.752675497455958,4.374089489280064,1.414753553583822,0.1243047844348151,-1.1560502871081872,0.12986143268104097,9.0
ID_2899,-0.8015644908805469,-1.2105851160545795,0.2782647963819663,1.3847437555789985,-0.15105779189909693,-0.7048561921996358,1.4303813893323656,1.4418094584216736,1.443526517765285,0.5849202654881185,1.1875610551385527,0.060974101464652264,1.414753553583822,0.1243047844348151,-1.1560502871081872,0.12848245469013667,210000.0
ID_2900,-0.5812791023102916,-1.2105851160545795,-0.3810087211999231,0.05750127235556074,-0.15105779189909693,1.1437501490243154,-0.14685213368756297,-0.6506586471853965,-0.9222847246532806,0.5849202654881185,-0.13150426615085783,0.060974101464652264,-0.8928692886374687,-0.7376661034943781,0.3617487968646123,-0.7395554618759776,150000.0
ID_2901,2.098301707739227,0.6222147155635368,-0.3810087211999231,-0.6061199692561582,-0.15105779189909693,0.21944697841233984,-0.6725966413608725,-0.6506586471853965,-0.62655831935096,-1.5114339660212976,-0.696817975274891,0.060974101464652264,-0.31596357808214603,-1.3123133621138403,-0.10220029287917282,-1.3161693630309828,64000.0
ID_2902,-0.8879812625205259,0.6222147155635368,-0.3810087211999231,-1.2697412108678772,-0.15105779189909693,-1.6291593628116114,-0.9354688951975273,-0.9122171603862802,-0.62655831935096,0.5849202654881185,-0.5083800722335465,0.060974101464652264,-0.8928692886374687,0.1243047844348151,-1.1560502871081872,0.12618415803862948,170000.0
ID_2903,2.65258398089979,-1.2105851160545795,0.2782647963819663,1.3847437555789985,-0.15105779189909693,0.21944697841233984,1.4303813893323656,1.4418094584216736,1.443526517765285,-1.5114339660212976,-0.696817975274891,-1.3767310278071516,1.414753553583822,0.6989520430542773,0.5769829106632773,0.6955584247413871,84000.0
ID_2904,-0.6302675150142374,2.455014547181653,4.893179419455191,1.3847437555789985,5.033906973624536,2.068053319636291,1.4303813893323656,1.4418094584216736,1.443526517765285,0.5849202654881185,-2.752675497455958,4.374089489280064,1.414753553583822,0.6989520430542773,-0.2903308516068944,0.7043781381415458,9.0
ID_2905,-0.7389782826773273,-1.2105851160545795,-0.3810087211999231,-0.6061199692561582,-0.15105779189909693,-0.7048561921996358,-0.6725966413608725,-0.6506586471853965,-0.62655831935096,0.5849202654881185,1.375998958179897,-1.3767310278071516,-0.8928692886374687,-0.7376661034943781,0.3617487968646123,-0.7383201274257926,210000.0
ID_2906,-0.7094420423927561,-1.2105851160545795,0.2782647963819663,1.3847437555789985,-0.15105779189909693,-0.7048561921996358,1.4303813893323656,1.4418094584216736,1.443526517765285,0.5849202654881185,1.9413126673039303,0.060974101464652264,1.414753553583822,0.6989520430542773,-0.2903308516068944,0.7028555166099223,160000.0
ID_2907,0.7456432390514247,-1.2105851160545795,0.2782647963819663,1.3847437555789985,-0.15105779189909693,0.21944697841233984,1.4303813893323656,1.4418094584216736,1.443526517765285,0.5849202654881185,1.375998958179897,0.060974101464652264,1.414753553583822,1.2735993016737392,0.22623102150989877,1.2781478971903109,170000.0
ID_2908,-0.6302675150142374,-1.2105851160545795,-0.3810087211999231,0.05750127235556074,-0.15105779189909693,1.1437501490243154,-0.14685213368756297,-0.6506586471853965,-0.62655831935096,0.5849202654881185,0.24537153993183092,0.060974101464652264,-0.8928692886374687,0.6989520430542773,-0.2903308516068944,0.6968799453160036,260000.0
ID_2909,-0.32767388272723436,0.6222147155635368,-0.3810087211999231,-0.6061199692561582,-0.15105779189909693,-0.7048561921996358,-0.6725966413608725,-0.6506586471853965,-0.62655831935096,-1.5114339660212976,-1.0360062007493107,-1.3767310278071516,-0.8928692886374687,-0.7376661034943781,-1.0014005905269243,-0.74234214656593,59000.0
ID_2910,-0.6302675150142374,0.6222147155635368,-0.3810087211999231,-1.2697412108678772,-0.15105779189909693,1.1437501490243154,-0.9354688951975273,-0.9122171603862802,-0.62655831935096,0.5849202654881185,0.24537153993183092,0.060974101464652264,-0.8928692886374687,0.6989520430542773,-0.2903308516068944,0.7007870496235659,260000.0
ID_2911,-0.32767388272723436,-1.2105851160545795,-0.3810087211999231,-0.6061199692561582,-0.15105779189909693,-0.7048561921996358,-0.6725966413608725,-0.6506586471853965,-0.3308319140486392,-1.5114339660212976,-0.696817975274891,0.060974101464652264,-0.8928692886374687,-0.7376661034943781,-1.0014005905269243,-0.7425145188147931,57000.0
ID_2912,-0.6546157749989641,0.6222147155635368,-0.3810087211999231,-0.6061199692561582,-0.15105779189909693,1.1437501490243154,-0.6725966413608725,-0.6506586471853965,-0.62655831935096,0.5849202654881185,1.1875610551385527,0.060974101464652264,-0.8928692886374687,1.5609229309834705,-0.2393123950027652,1.5623322781491724,170000.0
ID_2913,-0.7422331620374208,-1.2105851160545795,-0.3810087211999231,-0.6061199692561582,-0.15105779189909693,-0.7048561921996358,-0.6725966413608725,-0.6506586471853965,-0.62655831935096,0.5849202654881185,-0.13150426615085783,0.060974101464652264,-0.8928692886374687,1.2735993016737392,0.22623102150989877,1.2744993512560432,120000.0
ID_2914,-0.2685958947480072,-1.2105851160545795,-0.3810087211999231,-0.6061199692561582,-0.15105779189909693,-0.7048561921996358,-0.6725966413608725,-0.6506586471853965,-0.9222847246532806,-1.5114339660212976,-0.5083800722335465,0.060974101464652264,-0.8928692886374687,0.6989520430542773,0.5769829106632773,0.6942369041667704,75000.0
ID_2915,-0.25707990026077276,-1.2105851160545795,0.2782647963819663,1.3847437555789985,-0.15105779189909693,-0.7048561921996358,1.4303813893323656,1.4418094584216736,1.443526517765285,-1.5114339660212976,-1.5071009583526718,-1.3767310278071516,1.414753553583822,0.4116284137445462,-1.5466603454835397,0.4085011729681415,43600.0
ID_2916,2.6415691607302696,0.6222147155635368,0.2782647963819663,1.3847437555789985,-0.15105779189909693,0.21944697841233984,1.4303813893323656,1.4418094584216736,1.443526517765285,-1.5114339660212976,-0.3199421691922022,0.060974101464652264,1.414753553583822,1.2735993016737392,-0.7128274453598268,1.270965720154351,89000.0
ID_2917,-0.8253454876265434,-1.2105851160545795,-0.3810087211999231,-0.6061199692561582,-0.15105779189909693,-1.6291593628116114,-0.6725966413608725,-0.6506586471853965,-0.62655831935096,0.5849202654881185,-0.5083800722335465,0.060974101464652264,-0.8928692886374687,-0.450342474184647,-0.47686708356573715,-0.4495678818720604,99000.0
ID_2918,-0.8905146711595159,0.6222147155635368,-0.3810087211999231,-1.2697412108678772,-0.15105779189909693,-1.6291593628116114,-0.9354688951975273,-0.9122171603862802,-0.62655831935096,0.5849202654881185,0.6222473460145197,0.060974101464652264,-0.31596357808214603,1.5609229309834705,-0.2393123950027652,1.5641134580540905,89000.0
ID_2919,-0.27060059201886,0.6222147155635368,-0.3810087211999231,-1.2697412108678772,-0.15105779189909693,-0.7048561921996358,-0.9354688951975273,-0.9122171603862802,-0.62655831935096,-1.5114339660212976,-0.9229434589245042,0.060974101464652264,-0.8928692886374687,-0.16301884487491597,0.46538003684174956,-0.1666475640715278,61000.0
ID_2920,-0.6543238822644718,0.6222147155635368,-0.3810087211999231,-0.6061199692561582,-0.15105779189909693,1.1437501490243154,-0.14685213368756297,-0.6506586471853965,-0.62655831935096,0.5849202654881185,-0.13150426615085783,0.060974101464652264,-0.8928692886374687,-1.5996369914235713,0.3856636983977981,-1.6015028923155978,110000.0
ID_2921,-0.23054519847239607,2.455014547181653,4.893179419455191,1.3847437555789985,5.033906973624536,2.068053319636291,1.4303813893323656,1.4418094584216736,1.443526517765285,-1.5114339660212976,-2.752675497455958,4.374089489280064,1.414753553583822,-1.024989732804109,0.19912746643895535,-1.0274171174772506,9.0
ID_2922,3.0160730464939918,0.6222147155635368,-0.3810087211999231,-0.2743093484502987,-0.15105779189909693,0.21944697841233984,-0.6725966413608725,-0.3891001339845127,-0.62655831935096,-1.5114339660212976,-1.5071009583526718,-1.3767310278071516,-0.8928692886374687,-1.024989732804109,0.19912746643895535,-1.030433631832354,52000.0
ID_2923,-0.15894886737050795,0.6222147155635368,-0.3810087211999231,-0.6061199692561582,-0.15105779189909693,1.1437501490243154,-0.6725966413608725,-0.6506586471853965,-0.62655831935096,-1.5114339660212976,-1.695538861394016,-1.3767310278071516,-0.8928692886374687,1.5609229309834705,0.48929493837493176,1.554891542739918,56000.0
ID_2924,0.833563533644543,-1.2105851160545795,0.2782647963819663,1.3847437555789985,-0.15105779189909693,0.21944697841233984,1.4303813893323656,1.4418094584216736,1.443526517765285,0.5849202654881185,-0.3199421691922022,0.060974101464652264,1.414753553583822,-0.7376661034943781,0.3617487968646123,-0.7344417518263742,120000.0
ID_2925,-0.5804089315168994,2.455014547181653,4.893179419455191,1.3847437555789985,5.033906973624536,2.068053319636291,1.4303813893323656,1.4418094584216736,1.443526517765285,0.5849202654881185,-2.752675497455958,4.374089489280064,1.414753553583822,-1.024989732804109,-0.06871943073271414,-1.0192007069481126,9.0
ID_2926,-0.5453873107879066,-1.2105851160545795,0.2782647963819663,1.3847437555789985,-0.15105779189909693,-1.6291593628116114,1.4303813893323656,1.4418094584216736,1.443526517765285,-1.5114339660212976,-0.5083800722335465,0.060974101464652264,1.414753553583822,-1.3123133621138403,-0.10220029287917282,-1.3151925869540921,60000.0
ID_2927,-0.6012820157381421,-1.2105851160545795,-0.3810087211999231,-0.6061199692561582,-0.15105779189909693,1.1437501490243154,-0.14685213368756297,-0.6506586471853965,-0.9222847246532806,0.5849202654881185,0.43380944297317525,0.060974101464652264,-0.31596357808214603,1.2735993016737392,0.22623102150989877,1.2741258780501732,140000.0
ID_2928,0.631562746555693,-1.2105851160545795,0.2782647963819663,1.3847437555789985,-0.15105779189909693,0.21944697841233984,1.4303813893323656,1.4418094584216736,1.443526517765285,0.5849202654881185,0.810685249055864,0.060974101464652264,1.414753553583822,-0.450342474184647,-0.47686708356573715,-0.4454309478993475,140000.0
ID_2929,-0.8083661423352263,0.6222147155635368,-0.3810087211999231,-0.6061199692561582,-0.15105779189909693,-1.6291593628116114,-0.6725966413608725,-0.3891001339845127,-0.62655831935096,0.5849202654881185,-0.5083800722335465,-1.3767310278071516,-0.8928692886374687,0.4116284137445462,0.5291531075969093,0.4124944634001352,100000.0
ID_2930,0.631562746555693,-1.2105851160545795,0.2782647963819663,1.3847437555789985,-0.15105779189909693,0.21944697841233984,1.4303813893323656,1.4418094584216736,1.443526517765285,0.5849202654881185,0.43380944297317525,0.060974101464652264,1.414753553583822,-0.450342474184647,-0.47686708356573715,-0.44652263880881343,120000.0
ID_2931,0.833563533644543,0.6222147155635368,-0.3810087211999231,-0.6061199692561582,-0.15105779189909693,0.21944697841233984,-0.6725966413608725,-0.6506586471853965,-0.62655831935096,0.5849202654881185,0.24537153993183092,0.060974101464652264,-0.31596357808214603,-0.7376661034943781,0.3617487968646123,-0.7386648719235186,120000.0
ID_2932,-0.3902600909304541,0.6222147155635368,-0.3810087211999231,-1.2697412108678772,-0.8917670441167587,-1.6291593628116114,-0.9354688951975273,-0.9122171603862802,-0.9222847246532806,-1.5114339660212976,-0.9229434589245042,0.060974101464652264,-0.8928692886374687,-1.024989732804109,0.19912746643895535,-1.0283938935541412,9.0
ID_2933,-0.5453873107879066,-1.2105851160545795,-0.3810087211999231,-0.6061199692561582,-0.8917670441167587,-1.6291593628116114,-0.6725966413608725,-0.6506586471853965,-0.9222847246532806,-1.5114339660212976,-1.0736937813575798,-1.3767310278071516,-0.8928692886374687,-1.3123133621138403,-0.10220029287917282,-1.3166002936531402,9.0
ID_2934,-0.5249438045532752,-1.2105851160545795,0.2782647963819663,1.3847437555789985,-0.15105779189909693,-0.7048561921996358,1.4303813893323656,1.4418094584216736,1.443526517765285,-1.5114339660212976,-0.3199421691922022,0.060974101464652264,1.414753553583822,1.5609229309834705,0.48929493837493176,1.5575058551810073,90000.0
ID_2935,-0.04010446515145836,0.6222147155635368,-0.3810087211999231,-1.2697412108678772,-0.8917670441167587,1.1437501490243154,-0.9354688951975273,-0.9122171603862802,-0.9222847246532806,-1.5114339660212976,-1.1867565231823862,-1.3767310278071516,-0.8928692886374687,0.9862756723640083,-2.2290322025637495,0.9820123736436119,9.0
ID_2936,-0.5249438045532752,-1.2105851160545795,-0.3810087211999231,-0.9379305900620176,-0.15105779189909693,-0.7048561921996358,-0.9354688951975273,-0.9122171603862802,-0.9222847246532806,-1.5114339660212976,-0.696817975274891,0.060974101464652264,-0.8928692886374687,1.5609229309834705,0.48929493837493176,1.557017467142562,83000.0
ID_2937,-0.7422331620374208,-1.2105851160545795,-0.3810087211999231,-0.6061199692561582,-0.15105779189909693,-0.7048561921996358,-0.14685213368756297,-0.6506586471853965,-0.62655831935096,0.5849202654881185,0.24537153993183092,0.060974101464652264,-0.8928692886374687,1.2735993016737392,0.22623102150989877,1.273637490011728,130000.0
ID_2938,0.751150649136185,0.6222147155635368,-0.3810087211999231,-1.2697412108678772,-0.15105779189909693,0.21944697841233984,-0.9354688951975273,-0.9122171603862802,-0.62655831935096,0.5849202654881185,0.9991231520972084,0.060974101464652264,-0.31596357808214603,0.6989520430542773,-0.2903308516068944,0.7010743367050042,110000.0
ID_2939,-0.5912805590242168,0.6222147155635368,-0.3810087211999231,-1.2697412108678772,-0.15105779189909693,-1.6291593628116114,-0.9354688951975273,-0.9122171603862802,-0.62655831935096,-1.5114339660212976,-1.394038216527865,-1.3767310278071516,-0.31596357808214603,1.2735993016737392,-0.7128274453598268,1.2697878431204535,63000.0
ID_2940,-0.6302675150142374,0.6222147155635368,0.2782647963819663,1.3847437555789985,-0.15105779189909693,1.1437501490243154,1.4303813893323656,1.4418094584216736,1.443526517765285,0.5849202654881185,0.6222473460145197,0.060974101464652264,1.414753553583822,0.6989520430542773,-0.2903308516068944,0.7033726333565115,170000.0
ID_2941,-0.7347210546818074,0.6222147155635368,-0.3810087211999231,-1.2697412108678772,-0.15105779189909693,-0.7048561921996358,-0.9354688951975273,-0.9122171603862802,-0.9222847246532806,0.5849202654881185,0.056933636890486534,0.060974101464652264,-0.31596357808214603,-1.3123133621138403,-0.020889627666346104,-1.3091882869520297,110000.0
ID_2942,-1.095208581779814,2.455014547181653,4.893179419455191,1.3847437555789985,5.033906973624536,2.068053319636291,1.4303813893323656,1.4418094584216736,1.443526517765285,-1.5114339660212976,-2.752675497455958,4.374089489280064,1.414753553583822,1.2735993016737392,-0.7128274453598268,1.271281735943933,9.0
ID_2943,-0.7104388836180978,-1.2105851160545795,-0.3810087211999231,-0.6061199692561582,-0.15105779189909693,-0.7048561921996358,-0.6725966413608725,-0.6506586471853965,-0.62655831935096,0.5849202654881185,-0.3199421691922022,0.060974101464652264,-0.8928692886374687,-0.16301884487491597,-0.08306837165262702,-0.16351613488384928,110000.0
ID_2944,-0.25707990026077276,-1.2105851160545795,0.2782647963819663,1.3847437555789985,-0.15105779189909693,-0.7048561921996358,1.4303813893323656,1.4418094584216736,1.443526517765285,-1.5114339660212976,-1.0360062007493107,-1.3767310278071516,1.414753553583822,0.4116284137445462,-1.5466603454835397,0.4082138858867031,71000.0
ID_2945,0.631562746555693,0.6222147155635368,-0.3810087211999231,0.05750127235556074,-0.15105779189909693,0.21944697841233984,-0.6725966413608725,-0.6506586471853965,-0.62655831935096,0.5849202654881185,2.1297505703452746,0.060974101464652264,-0.8928692886374687,-0.450342474184647,-0.47686708356573715,-0.4507744876141017,170000.0
ID_2946,0.751150649136185,0.6222147155635368,-0.3810087211999231,-0.6061199692561582,-0.15105779189909693,0.21944697841233984,-0.6725966413608725,-0.6506586471853965,-0.9222847246532806,0.5849202654881185,1.752874764262586,0.060974101464652264,-0.8928692886374687,0.6989520430542773,-0.2903308516068944,0.700040103211826,170000.0
ID_2947,-0.7036812914440965,0.6222147155635368,-0.3810087211999231,-0.9379305900620176,-0.15105779189909693,-0.7048561921996358,-0.9354688951975273,-0.9122171603862802,-0.62655831935096,0.5849202654881185,-0.696817975274891,0.060974101464652264,-0.31596357808214603,0.4116284137445462,0.5291531075969093,0.4144767442620601,110000.0
ID_2948,-0.6082378746751949,0.6222147155635368,-0.3810087211999231,-0.6061199692561582,-0.15105779189909693,1.1437501490243154,-0.6725966413608725,-0.6506586471853965,-0.62655831935096,0.5849202654881185,0.24537153993183092,0.060974101464652264,-0.8928692886374687,-0.450342474184647,-0.47686708356573715,-0.4502860995756564,120000.0
ID_2949,-0.6904139405499081,-1.2105851160545795,0.2782647963819663,1.3847437555789985,-0.15105779189909693,-0.7048561921996358,1.4303813893323656,1.4418094584216736,1.443526517765285,0.5849202654881185,0.6222473460145197,0.060974101464652264,1.414753553583822,-1.024989732804109,-0.06871943073271414,-1.020895700728599,180000.0
ID_2950,-0.4820520948131594,-1.2105851160545795,0.2782647963819663,1.3847437555789985,-0.15105779189909693,-1.6291593628116114,1.4303813893323656,1.4418094584216736,1.443526517765285,-1.5114339660212976,-0.696817975274891,-1.3767310278071516,1.414753553583822,-0.7376661034943781,-1.0014005905269243,-0.740388594412149,66000.0
ID_2951,-0.8707816208258186,-1.2105851160545795,-0.3810087211999231,-0.6061199692561582,-0.15105779189909693,-1.6291593628116114,-0.6725966413608725,-0.6506586471853965,-0.62655831935096,0.5849202654881185,0.056933636890486534,0.060974101464652264,-0.8928692886374687,1.2735993016737392,0.22623102150989877,1.274901553170057,150000.0
ID_2952,-0.5453873107879066,-1.2105851160545795,0.2782647963819663,1.3847437555789985,-0.15105779189909693,-1.6291593628116114,1.4303813893323656,1.4418094584216736,1.443526517765285,-1.5114339660212976,-1.299819265007193,-1.3767310278071516,1.414753553583822,-1.3123133621138403,-0.10220029287917282,-1.3150202147052292,55000.0
ID_2953,2.4134026683287213,0.6222147155635368,-0.3810087211999231,-0.6061199692561582,-0.15105779189909693,-1.6291593628116114,-0.6725966413608725,-0.6506586471853965,-0.62655831935096,-1.5114339660212976,-0.5083800722335465,0.060974101464652264,-0.8928692886374687,-0.450342474184647,1.559088200292738,-0.45450921967280083,77000.0
ID_2954,2.098301707739227,-1.2105851160545795,0.2782647963819663,1.3847437555789985,-0.15105779189909693,0.21944697841233984,1.4303813893323656,1.4418094584216736,1.443526517765285,-1.5114339660212976,-0.3199421691922022,0.060974101464652264,1.414753553583822,-1.3123133621138403,-0.10220029287917282,-1.3153362304948113,75000.0
ID_2955,0.7456432390514247,2.455014547181653,4.893179419455191,1.3847437555789985,5.033906973624536,2.068053319636291,1.4303813893323656,1.4418094584216736,1.443526517765285,0.5849202654881185,-2.752675497455958,4.374089489280064,1.414753553583822,1.2735993016737392,0.22623102150989877,1.279526875181215,9.0
ID_2956,0.631562746555693,0.6222147155635368,-0.3810087211999231,-0.6061199692561582,-0.15105779189909693,0.21944697841233984,-0.6725966413608725,-0.6506586471853965,-0.62655831935096,0.5849202654881185,1.1875610551385527,0.060974101464652264,-0.31596357808214603,-0.450342474184647,-0.47686708356573715,-0.44945296703948506,98000.0
ID_2957,0.833563533644543,0.6222147155635368,-0.3810087211999231,-0.6061199692561582,-0.15105779189909693,0.21944697841233984,-0.6725966413608725,-0.6506586471853965,-0.9222847246532806,0.5849202654881185,-0.3199421691922022,0.060974101464652264,-0.31596357808214603,-0.7376661034943781,0.3617487968646123,-0.7385499570909432,66000.0
ID_2958,-0.30013683230343124,-1.2105851160545795,-0.3810087211999231,-1.2697412108678772,-0.15105779189909693,-0.7048561921996358,-0.9354688951975273,-0.9122171603862802,-0.62655831935096,-1.5114339660212976,-0.5083800722335465,0.060974101464652264,-0.8928692886374687,0.9862756723640083,-2.2290322025637495,0.9822996607250504,85000.0
ID_2959,-0.7104388836180978,0.6222147155635368,0.2782647963819663,1.3847437555789985,-0.15105779189909693,-0.7048561921996358,1.4303813893323656,1.4418094584216736,1.443526517765285,0.5849202654881185,0.6222473460145197,0.060974101464652264,1.414753553583822,-0.16301884487491597,-0.08306837165262702,-0.15857479708310887,210000.0
ID_2960,-0.8083661423352263,-1.2105851160545795,0.2782647963819663,1.3847437555789985,-0.15105779189909693,-1.6291593628116114,1.4303813893323656,1.4418094584216736,1.443526517765285,0.5849202654881185,0.24537153993183092,0.060974101464652264,1.414753553583822,0.4116284137445462,0.5291531075969093,0.4172059715357249,190000.0
ID_2961,-0.7389782826773273,-1.2105851160545795,0.2782647963819663,1.3847437555789985,-0.15105779189909693,-0.7048561921996358,1.4303813893323656,1.4418094584216736,1.443526517765285,0.5849202654881185,1.9413126673039303,0.060974101464652264,1.414753553583822,-0.7376661034943781,0.3617487968646123,-0.7341831934530796,160000.0
ID_2962,2.817415257326591,0.6222147155635368,-0.3810087211999231,0.05750127235556074,-0.15105779189909693,0.21944697841233984,-0.6725966413608725,-0.3891001339845127,-0.62655831935096,-1.5114339660212976,-0.3199421691922022,-1.3767310278071516,-0.31596357808214603,-0.7376661034943781,-1.0014005905269243,-0.7434625661835398,68000.0
ID_2963,-0.6662088732273852,0.6222147155635368,-0.3810087211999231,-1.2697412108678772,-0.15105779189909693,1.1437501490243154,-0.9354688951975273,-0.9122171603862802,-0.62655831935096,0.5849202654881185,0.24537153993183092,0.060974101464652264,-0.31596357808214603,0.1243047844348151,-1.1560502871081872,0.125552126459465,140000.0
ID_2964,-0.5980932252990657,0.6222147155635368,-0.3810087211999231,-0.6061199692561582,-0.15105779189909693,1.1437501490243154,-0.14685213368756297,-0.3891001339845127,-0.62655831935096,0.5849202654881185,-0.5083800722335465,0.060974101464652264,-0.8928692886374687,0.4116284137445462,0.5291531075969093,0.4102248954567719,110000.0
ID_2965,-0.5804089315168994,-1.2105851160545795,0.2782647963819663,1.3847437555789985,-0.15105779189909693,1.1437501490243154,1.4303813893323656,1.4418094584216736,1.443526517765285,0.5849202654881185,0.056933636890486534,0.060974101464652264,1.414753553583822,-1.024989732804109,-0.06871943073271414,-1.019861467235421,160000.0
ID_2966,-0.7389782826773273,-1.2105851160545795,0.2782647963819663,1.3847437555789985,-0.15105779189909693,-0.7048561921996358,1.4303813893323656,1.4418094584216736,1.443526517765285,0.5849202654881185,-0.13150426615085783,0.060974101464652264,1.414753553583822,-0.7376661034943781,0.3617487968646123,-0.7341257360367919,110000.0
ID_2967,-0.2685958947480072,0.6222147155635368,-0.3810087211999231,-0.9379305900620176,-0.15105779189909693,-0.7048561921996358,-0.9354688951975273,-0.9122171603862802,-0.9222847246532806,-1.5114339660212976,-0.3199421691922022,0.060974101464652264,-0.31596357808214603,0.6989520430542773,0.5769829106632773,0.6947252922052157,89000.0
ID_2968,2.65258398089979,-1.2105851160545795,0.2782647963819663,1.3847437555789985,-0.15105779189909693,0.21944697841233984,1.4303813893323656,1.4418094584216736,1.443526517765285,-1.5114339660212976,-0.696817975274891,0.060974101464652264,1.414753553583822,0.6989520430542773,0.5769829106632773,0.6953860524925239,78000.0
ID_2969,-0.6662088732273852,0.6222147155635368,-0.3810087211999231,-0.6061199692561582,-0.15105779189909693,1.1437501490243154,-0.6725966413608725,-0.6506586471853965,-0.62655831935096,0.5849202654881185,0.24537153993183092,0.060974101464652264,-0.31596357808214603,0.1243047844348151,-1.1560502871081872,0.1214726499030398,150000.0
ID_2970,-0.5804089315168994,-1.2105851160545795,-0.3810087211999231,-0.2743093484502987,-0.15105779189909693,1.1437501490243154,-0.40972438752421775,-0.6506586471853965,-0.62655831935096,0.5849202654881185,-0.696817975274891,0.060974101464652264,-0.8928692886374687,-1.024989732804109,-0.06871943073271414,-1.0266988997736546,140000.0
ID_2971,0.7456432390514247,0.6222147155635368,-0.3810087211999231,-0.6061199692561582,-0.15105779189909693,0.21944697841233984,-0.6725966413608725,-0.6506586471853965,-0.62655831935096,0.5849202654881185,0.24537153993183092,0.060974101464652264,-0.8928692886374687,1.2735993016737392,0.22623102150989877,1.275418669916646,140000.0
ID_2972,-0.6609933558771169,0.6222147155635368,0.2782647963819663,1.3847437555789985,-0.15105779189909693,1.1437501490243154,1.4303813893323656,1.4418094584216736,1.443526517765285,0.5849202654881185,0.43380944297317525,0.060974101464652264,1.414753553583822,-1.3123133621138403,-0.020889627666346104,-1.3086424414972968,220000.0
ID_2973,0.9328951819332859,-1.2105851160545795,0.2782647963819663,1.3847437555789985,-0.15105779189909693,0.21944697841233984,1.4303813893323656,1.4418094584216736,1.443526517765285,0.5849202654881185,1.1875610551385527,0.060974101464652264,1.414753553583822,-1.024989732804109,-0.06871943073271414,-1.0208669720204553,140000.0
ID_2974,2.65258398089979,0.6222147155635368,-0.3810087211999231,0.05750127235556074,-0.15105779189909693,0.21944697841233984,-0.6725966413608725,-0.6506586471853965,-0.62655831935096,-1.5114339660212976,-1.0736937813575798,-1.3767310278071516,-0.31596357808214603,0.6989520430542773,0.5769829106632773,0.6945241912482087,41700.0
ID_2975,-0.5980932252990657,0.6222147155635368,-0.3810087211999231,-0.2743093484502987,-0.15105779189909693,1.1437501490243154,-0.6725966413608725,-0.6506586471853965,-0.3308319140486392,0.5849202654881185,-0.8852558783162353,0.060974101464652264,-0.8928692886374687,0.4116284137445462,0.5291531075969093,0.40990887966718964,200000.0
ID_2976,-0.603887020708234,0.6222147155635368,-0.3810087211999231,0.05750127235556074,-0.15105779189909693,1.1437501490243154,-0.14685213368756297,-0.6506586471853965,-0.62655831935096,0.5849202654881185,-0.13150426615085783,0.060974101464652264,-0.8928692886374687,-0.16301884487491597,-0.08306837165262702,-0.165182399956192,170000.0
ID_2977,0.9328951819332859,0.6222147155635368,-0.3810087211999231,-0.6061199692561582,-0.15105779189909693,0.21944697841233984,-0.6725966413608725,-0.6506586471853965,-0.62655831935096,0.5849202654881185,1.1875610551385527,0.060974101464652264,-0.8928692886374687,-1.024989732804109,-0.06871943073271414,-1.023567470585976,140000.0
ID_2978,-0.8015644908805469,0.6222147155635368,-0.3810087211999231,-0.6061199692561582,-0.15105779189909693,-0.7048561921996358,-0.6725966413608725,-0.6506586471853965,-0.62655831935096,0.5849202654881185,0.810685249055864,-1.3767310278071516,-0.8928692886374687,0.1243047844348151,-1.1560502871081872,0.12368476043011545,150000.0
ID_2979,0.9328951819332859,-1.2105851160545795,0.2782647963819663,1.3847437555789985,-0.15105779189909693,0.21944697841233984,1.4303813893323656,1.4418094584216736,1.443526517765285,0.5849202654881185,0.24537153993183092,0.060974101464652264,1.414753553583822,-1.024989732804109,-0.06871943073271414,-1.020550956230873,120000.0
ID_2980,0.7381696835664046,-1.2105851160545795,0.2782647963819663,1.3847437555789985,-0.15105779189909693,0.21944697841233984,1.4303813893323656,1.4418094584216736,1.443526517765285,0.5849202654881185,0.810685249055864,0.060974101464652264,1.414753553583822,0.4116284137445462,0.5291531075969093,0.4168037696217111,150000.0
ID_2981,-0.6302675150142374,2.455014547181653,4.893179419455191,1.3847437555789985,5.033906973624536,2.068053319636291,1.4303813893323656,1.4418094584216736,1.443526517765285,0.5849202654881185,-2.752675497455958,4.374089489280064,1.414753553583822,0.6989520430542773,-0.2903308516068944,0.704349409433402,9.0
ID_2982,2.6266220497602295,-1.2105851160545795,0.2782647963819663,1.3847437555789985,-0.15105779189909693,0.21944697841233984,1.4303813893323656,1.4418094584216736,1.443526517765285,-1.5114339660212976,-0.696817975274891,0.060974101464652264,1.414753553583822,0.4116284137445462,-1.5466603454835397,0.4086448165088607,82000.0
ID_2983,-0.7036812914440965,0.6222147155635368,-0.3810087211999231,-0.9379305900620176,-0.15105779189909693,-0.7048561921996358,-0.9354688951975273,-0.9122171603862802,-0.62655831935096,0.5849202654881185,0.6222473460145197,0.060974101464652264,-0.8928692886374687,0.4116284137445462,0.5291531075969093,0.4144480155539163,130000.0
ID_2984,-0.6543238822644718,0.6222147155635368,-0.3810087211999231,-0.2743093484502987,-0.15105779189909693,1.1437501490243154,-0.14685213368756297,-0.6506586471853965,-0.62655831935096,0.5849202654881185,-0.696817975274891,0.060974101464652264,-0.8928692886374687,-1.5996369914235713,0.3856636983977981,-1.6012156052341595,140000.0
ID_2985,-0.7094420423927561,-1.2105851160545795,0.2782647963819663,1.3847437555789985,-0.15105779189909693,-0.7048561921996358,1.4303813893323656,1.4418094584216736,1.443526517765285,0.5849202654881185,0.24537153993183092,0.060974101464652264,1.414753553583822,0.6989520430542773,-0.2903308516068944,0.7026544156529154,170000.0
ID_2986,-0.8879812625205259,-1.2105851160545795,0.2782647963819663,1.3847437555789985,-0.8917670441167587,-1.6291593628116114,1.4303813893323656,1.4418094584216736,1.443526517765285,0.5849202654881185,-0.3199421691922022,0.060974101464652264,1.414753553583822,0.1243047844348151,-1.1560502871081872,0.1284537259819928,9.0
ID_2987,-0.6609933558771169,-1.2105851160545795,0.2782647963819663,1.3847437555789985,-0.15105779189909693,1.1437501490243154,1.4303813893323656,1.4418094584216736,1.443526517765285,0.5849202654881185,-0.5083800722335465,-1.3767310278071516,1.414753553583822,-1.3123133621138403,-0.020889627666346104,-1.3090733721194543,90000.0
ID_2988,-0.7479939129860804,0.6222147155635368,-0.3810087211999231,-0.6061199692561582,-0.15105779189909693,1.1437501490243154,-0.6725966413608725,-0.6506586471853965,-0.62655831935096,0.5849202654881185,1.752874764262586,0.060974101464652264,-0.31596357808214603,-0.450342474184647,-0.47686708356573715,-0.45051592924080713,170000.0
ID_2989,-0.6256798424136317,0.6222147155635368,-0.3810087211999231,-1.2697412108678772,-0.15105779189909693,-1.6291593628116114,-0.9354688951975273,-0.9122171603862802,-0.62655831935096,-1.5114339660212976,-0.696817975274891,0.060974101464652264,-0.31596357808214603,0.1243047844348151,5.06660709182652,0.12040968770171773,77000.0
ID_2990,-0.8707816208258186,0.6222147155635368,-0.3810087211999231,-1.2697412108678772,-0.15105779189909693,-1.6291593628116114,-0.9354688951975273,-0.9122171603862802,-0.62655831935096,0.5849202654881185,0.43380944297317525,0.060974101464652264,-0.31596357808214603,1.2735993016737392,0.22623102150989877,1.2762805311609613,140000.0
ID_2991,-0.3341836414474214,0.6222147155635368,0.2782647963819663,1.3847437555789985,-0.15105779189909693,-0.7048561921996358,1.4303813893323656,1.4418094584216736,1.443526517765285,-1.5114339660212976,-0.5083800722335465,0.060974101464652264,1.414753553583822,1.2735993016737392,-0.7128274453598268,1.2708508053217755,110000.0
ID_2992,0.6223158050233801,-1.2105851160545795,0.2782647963819663,1.3847437555789985,-0.15105779189909693,0.21944697841233984,1.4303813893323656,1.4418094584216736,1.443526517765285,0.5849202654881185,0.43380944297317525,0.060974101464652264,1.414753553583822,-1.5996369914235713,0.3856636983977981,-1.5939759707819119,87000.0
ID_2993,0.5676382377018765,0.6222147155635368,-0.3810087211999231,-0.6061199692561582,-0.15105779189909693,0.21944697841233984,-0.6725966413608725,-0.6506586471853965,-0.62655831935096,0.5849202654881185,0.24537153993183092,0.060974101464652264,-0.31596357808214603,1.5609229309834705,-0.2393123950027652,1.5631654106853436,140000.0
ID_2994,-0.5812791023102916,0.6222147155635368,-0.3810087211999231,-0.2743093484502987,-0.15105779189909693,1.1437501490243154,-0.14685213368756297,-0.6506586471853965,-0.9222847246532806,0.5849202654881185,-0.3199421691922022,0.060974101464652264,-0.8928692886374687,-0.7376661034943781,0.3617487968646123,-0.7392107173782515,100000.0
ID_2995,-1.095208581779814,2.455014547181653,4.893179419455191,1.3847437555789985,5.033906973624536,2.068053319636291,1.4303813893323656,1.4418094584216736,1.443526517765285,-1.5114339660212976,-2.752675497455958,4.374089489280064,1.414753553583822,1.5609229309834705,0.48929493837493176,1.558626274798617,9.0
ID_2996,-0.7347210546818074,-1.2105851160545795,-0.3810087211999231,-0.6061199692561582,-0.15105779189909693,-0.7048561921996358,-0.6725966413608725,-0.6506586471853965,-0.62655831935096,0.5849202654881185,1.1875610551385527,0.060974101464652264,-0.8928692886374687,-1.3123133621138403,-0.020889627666346104,-1.3125782745130028,210000.0
ID_2997,-0.5951963275944817,0.6222147155635368,-0.3810087211999231,-0.9379305900620176,-0.15105779189909693,1.1437501490243154,-0.9354688951975273,-0.9122171603862802,-0.3308319140486392,0.5849202654881185,0.24537153993183092,0.060974101464652264,-0.8928692886374687,0.9862756723640083,0.9341121068921712,0.988993449722565,160000.0
ID_2998,-0.46644409463294784,0.6222147155635368,-0.3810087211999231,-1.2697412108678772,-0.15105779189909693,-1.6291593628116114,-0.9354688951975273,-0.9122171603862802,-0.9222847246532806,-1.5114339660212976,-0.696817975274891,-1.3767310278071516,-0.8928692886374687,0.4116284137445462,-1.5466603454835397,0.4079553275134085,80000.0
ID_2999,-0.7104388836180978,0.6222147155635368,-0.3810087211999231,-1.2697412108678772,-0.15105779189909693,-0.7048561921996358,-0.9354688951975273,-0.9122171603862802,-0.62655831935096,0.5849202654881185,0.24537153993183092,0.060974101464652264,-0.8928692886374687,-0.16301884487491597,-0.08306837165262702,-0.16029851957173924,110000.0
ID_3000,2.753683507825741,-1.2105851160545795,0.2782647963819663,1.3847437555789985,-0.15105779189909693,0.21944697841233984,1.4303813893323656,1.4418094584216736,1.443526517765285,-1.5114339660212976,-0.5083800722335465,0.060974101464652264,1.414753553583822,0.9862756723640083,-2.2290322025637495,0.9836499100078108,89000.0
ID_3001,-0.7094420423927561,0.6222147155635368,-0.3810087211999231,-0.6061199692561582,-0.15105779189909693,-0.7048561921996358,-0.6725966413608725,-0.6506586471853965,-0.62655831935096,0.5849202654881185,1.9413126673039303,0.060974101464652264,-0.8928692886374687,0.6989520430542773,-0.2903308516068944,0.6987185826372094,210000.0
ID_3002,-0.5951963275944817,0.6222147155635368,-0.3810087211999231,0.05750127235556074,-0.15105779189909693,1.1437501490243154,-0.6725966413608725,-0.6506586471853965,-0.62655831935096,0.5849202654881185,0.056933636890486534,0.060974101464652264,-0.31596357808214603,0.9862756723640083,0.9341121068921712,0.9860918502000372,130000.0
ID_3003,-0.5912805590242168,0.6222147155635368,-0.3810087211999231,-1.2697412108678772,-0.15105779189909693,-1.6291593628116114,-0.9354688951975273,-0.9122171603862802,-0.9222847246532806,-1.5114339660212976,-0.9606310395327731,-1.3767310278071516,-0.8928692886374687,1.2735993016737392,-0.7128274453598268,1.2697303857041657,95000.0
ID_3004,2.2855536506210883,0.6222147155635368,-0.3810087211999231,-0.2743093484502987,-0.15105779189909693,0.21944697841233984,-0.6725966413608725,-0.3891001339845127,-0.62655831935096,-1.5114339660212976,-1.5071009583526718,-1.3767310278071516,-0.8928692886374687,1.5609229309834705,0.48929493837493176,1.5562705207308223,65000.0
ID_3005,-0.603887020708234,0.6222147155635368,-0.3810087211999231,-0.6061199692561582,-0.15105779189909693,1.1437501490243154,-0.6725966413608725,-0.6506586471853965,-0.62655831935096,0.5849202654881185,0.056933636890486534,0.060974101464652264,-0.8928692886374687,-0.16301884487491597,-0.08306837165262702,-0.1655558731620619,130000.0
ID_3006,0.833563533644543,-1.2105851160545795,0.2782647963819663,1.3847437555789985,-0.15105779189909693,0.21944697841233984,1.4303813893323656,1.4418094584216736,1.443526517765285,0.5849202654881185,0.24537153993183092,0.060974101464652264,1.414753553583822,-0.7376661034943781,0.3617487968646123,-0.7332926035006205,100000.0
ID_3007,2.6415691607302696,0.6222147155635368,-0.3810087211999231,-0.6061199692561582,-0.15105779189909693,0.21944697841233984,-0.6725966413608725,-0.6506586471853965,-0.62655831935096,-1.5114339660212976,-0.5083800722335465,0.060974101464652264,-0.8928692886374687,1.2735993016737392,-0.7128274453598268,1.2682077641725422,84000.0
ID_3008,-0.5804089315168994,-1.2105851160545795,0.2782647963819663,1.3847437555789985,-0.15105779189909693,1.1437501490243154,1.4303813893323656,1.4418094584216736,1.443526517765285,0.5849202654881185,-0.3199421691922022,0.060974101464652264,1.414753553583822,-1.024989732804109,-0.06871943073271414,-1.0218437480973457,100000.0
ID_3009,0.4625183014140505,-1.2105851160545795,0.2782647963819663,1.3847437555789985,-0.15105779189909693,0.21944697841233984,1.4303813893323656,1.4418094584216736,1.443526517765285,0.5849202654881185,1.752874764262586,0.060974101464652264,1.414753553583822,0.1243047844348151,-1.1560502871081872,0.12856864081456817,150000.0
ID_3010,-0.5980932252990657,0.6222147155635368,-0.3810087211999231,-0.6061199692561582,-0.15105779189909693,1.1437501490243154,-0.14685213368756297,-0.6506586471853965,-0.62655831935096,0.5849202654881185,1.752874764262586,0.060974101464652264,-0.8928692886374687,0.4116284137445462,0.5291531075969093,0.40947794904503204,180000.0
ID_3011,-0.4528462991336738,-1.2105851160545795,0.2782647963819663,1.3847437555789985,-0.15105779189909693,-0.7048561921996358,1.4303813893323656,1.4418094584216736,1.443526517765285,-1.5114339660212976,-0.5083800722335465,0.060974101464652264,1.414753553583822,0.1243047844348151,5.06660709182652,0.12046714511800541,83000.0
ID_3012,-0.8036077400219932,0.6222147155635368,-0.3810087211999231,-0.6061199692561582,-0.15105779189909693,2.068053319636291,-0.6725966413608725,-0.6506586471853965,-0.62655831935096,2.6812744969975344,1.375998958179897,-1.3767310278071516,-0.8928692886374687,0.6989520430542773,-0.2903308516068944,0.6994368003408054,180000.0
ID_3013,0.4740122662609459,-1.2105851160545795,-0.3810087211999231,-0.6061199692561582,-0.15105779189909693,0.21944697841233984,-0.6725966413608725,-0.6506586471853965,-0.9222847246532806,0.5849202654881185,-0.3199421691922022,0.060974101464652264,-0.31596357808214603,-1.3123133621138403,-0.020889627666346104,-1.3102799778614955,120000.0
ID_3014,-0.6662088732273852,-1.2105851160545795,0.2782647963819663,1.3847437555789985,-0.15105779189909693,1.1437501490243154,1.4303813893323656,1.4418094584216736,1.443526517765285,0.5849202654881185,0.9991231520972084,0.060974101464652264,1.414753553583822,0.1243047844348151,-1.1560502871081872,0.12920067239373265,260000.0
ID_3015,0.751150649136185,0.6222147155635368,-0.3810087211999231,0.05750127235556074,-0.15105779189909693,0.21944697841233984,-0.6725966413608725,-0.6506586471853965,-0.62655831935096,0.5849202654881185,-0.3199421691922022,0.060974101464652264,-0.31596357808214603,0.6989520430542773,-0.2903308516068944,0.6960755414879761,120000.0
ID_3016,0.4740122662609459,-1.2105851160545795,0.2782647963819663,1.3847437555789985,-0.15105779189909693,0.21944697841233984,1.4303813893323656,1.4418094584216736,1.443526517765285,0.5849202654881185,0.056933636890486534,0.060974101464652264,1.414753553583822,-1.3123133621138403,-0.020889627666346104,-1.308757356329872,110000.0
ID_3017,-0.5453873107879066,0.6222147155635368,-0.3810087211999231,-0.6061199692561582,-0.15105779189909693,-1.6291593628116114,-0.6725966413608725,-0.6506586471853965,-0.62655831935096,-1.5114339660212976,-1.2432878940947896,-1.3767310278071516,-0.8928692886374687,-1.3123133621138403,-0.10220029287917282,-1.3178356281033254,49900.0
ID_3018,-0.8083661423352263,0.6222147155635368,-0.3810087211999231,-1.2697412108678772,-0.15105779189909693,-1.6291593628116114,-0.9354688951975273,-0.9122171603862802,-0.62655831935096,0.5849202654881185,0.056933636890486534,0.060974101464652264,-0.8928692886374687,0.4116284137445462,0.5291531075969093,0.4146203878027793,130000.0
ID_3019,-0.8161646350152474,0.6222147155635368,-0.3810087211999231,-1.2697412108678772,-0.15105779189909693,-1.6291593628116114,-0.9354688951975273,-0.9122171603862802,-0.62655831935096,0.5849202654881185,0.24537153993183092,0.060974101464652264,-0.31596357808214603,-0.7376661034943781,0.3617487968646123,-0.7348726824485318,120000.0
ID_3020,-0.23054519847239607,-1.2105851160545795,-0.3810087211999231,-0.6061199692561582,-0.8917670441167587,-0.7048561921996358,-0.6725966413608725,-0.6506586471853965,-0.3308319140486392,-1.5114339660212976,-1.3751944262237308,-1.3767310278071516,-0.8928692886374687,-1.024989732804109,0.19912746643895535,-1.0303761744160662,9.0
ID_3021,-0.2685958947480072,-1.2105851160545795,-0.3810087211999231,-0.6061199692561582,-0.15105779189909693,-0.7048561921996358,-0.6725966413608725,-0.6506586471853965,-0.9222847246532806,-1.5114339660212976,-0.696817975274891,0.060974101464652264,-0.8928692886374687,0.6989520430542773,0.5769829106632773,0.6937485161283251,89000.0
ID_3022,-0.5951963275944817,-1.2105851160545795,0.2782647963819663,1.3847437555789985,-0.15105779189909693,1.1437501490243154,1.4303813893323656,1.4418094584216736,1.443526517765285,0.5849202654881185,0.24537153993183092,0.060974101464652264,1.414753553583822,0.9862756723640083,0.9341121068921712,0.9896254813017294,190000.0
ID_3023,-0.6609933558771169,0.6222147155635368,-0.3810087211999231,-0.6061199692561582,-0.15105779189909693,1.1437501490243154,-0.14685213368756297,-0.6506586471853965,-0.9222847246532806,0.5849202654881185,0.9991231520972084,0.060974101464652264,-0.31596357808214603,-1.3123133621138403,-0.020889627666346104,-1.3119749716419822,120000.0
ID_3024,2.3949142926741804,2.455014547181653,4.893179419455191,1.3847437555789985,5.033906973624536,2.068053319636291,1.4303813893323656,1.4418094584216736,1.443526517765285,-1.5114339660212976,-2.752675497455958,4.374089489280064,1.414753553583822,-1.5996369914235713,-1.1464843264949127,-1.6020487377703307,9.0
ID_3025,-0.31916493414627917,0.6222147155635368,-0.3810087211999231,-0.6061199692561582,-0.15105779189909693,-0.7048561921996358,-0.6725966413608725,-0.6506586471853965,-0.62655831935096,-1.5114339660212976,-0.5083800722335465,0.060974101464652264,-0.8928692886374687,-1.3123133621138403,-0.10220029287917282,-1.3176919845626063,75000.0
ID_3026,-0.5980932252990657,-1.2105851160545795,-0.3810087211999231,-0.6061199692561582,-0.15105779189909693,1.1437501490243154,-0.6725966413608725,-0.6506586471853965,-0.62655831935096,0.5849202654881185,0.24537153993183092,0.060974101464652264,-0.8928692886374687,0.4116284137445462,0.5291531075969093,0.41240827727570367,110000.0
ID_3027,-0.06619306672296948,0.6222147155635368,-0.3810087211999231,0.05750127235556074,-0.15105779189909693,1.1437501490243154,-0.6725966413608725,-0.6506586471853965,-0.62655831935096,-1.5114339660212976,-1.5071009583526718,-1.3767310278071516,-0.8928692886374687,-0.450342474184647,1.559088200292738,-0.456089298620712,64000.0
ID_3028,-0.8905146711595159,-1.2105851160545795,0.2782647963819663,1.3847437555789985,-0.15105779189909693,-1.6291593628116114,1.4303813893323656,1.4418094584216736,1.443526517765285,0.5849202654881185,1.1875610551385527,0.060974101464652264,1.414753553583822,1.5609229309834705,-0.2393123950027652,1.5663255685811661,160000.0
ID_3029,-1.095208581779814,2.455014547181653,4.893179419455191,1.3847437555789985,5.033906973624536,2.068053319636291,1.4303813893323656,1.4418094584216736,1.443526517765285,-1.5114339660212976,-2.752675497455958,4.374089489280064,1.414753553583822,1.2735993016737392,-0.7128274453598268,1.2712530072357893,9.0
ID_3030,2.6266220497602295,-1.2105851160545795,-0.3810087211999231,0.05750127235556074,-0.15105779189909693,0.21944697841233984,-0.6725966413608725,-0.6506586471853965,-0.62655831935096,-1.5114339660212976,-0.5083800722335465,0.060974101464652264,-0.31596357808214603,0.4116284137445462,-1.5466603454835397,0.4074382107668194,90000.0
ID_3031,-1.095208581779814,2.455014547181653,4.893179419455191,1.3847437555789985,5.033906973624536,2.068053319636291,1.4303813893323656,1.4418094584216736,1.443526517765285,-1.5114339660212976,-2.752675497455958,4.374089489280064,1.414753553583822,1.5609229309834705,0.48929493837493176,1.5585113599660416,9.0
ID_3032,-0.3856724183298485,-1.2105851160545795,-0.3810087211999231,-0.6061199692561582,-0.8917670441167587,-1.6291593628116114,-0.6725966413608725,-0.6506586471853965,-0.9222847246532806,-1.5114339660212976,-0.696817975274891,0.060974101464652264,-0.8928692886374687,-0.16301884487491597,0.46538003684174956,-0.1673083243588361,9.0
ID_3033,0.4740122662609459,-1.2105851160545795,0.2782647963819663,1.3847437555789985,-0.15105779189909693,0.21944697841233984,1.4303813893323656,1.4418094584216736,1.443526517765285,0.5849202654881185,0.6222473460145197,0.060974101464652264,1.414753553583822,-1.3123133621138403,-0.020889627666346104,-1.3080391386262762,150000.0
ID_3034,-0.6662088732273852,-1.2105851160545795,-0.3810087211999231,0.05750127235556074,-0.15105779189909693,1.1437501490243154,-0.14685213368756297,-0.127541620783629,-0.62655831935096,0.5849202654881185,0.056933636890486534,0.060974101464652264,-0.8928692886374687,0.1243047844348151,-1.1560502871081872,0.12167375086004667,260000.0
ID_3035,0.801703166304203,-1.2105851160545795,0.2782647963819663,1.3847437555789985,-0.15105779189909693,0.21944697841233984,1.4303813893323656,1.4418094584216736,1.443526517765285,0.5849202654881185,0.43380944297317525,0.060974101464652264,1.414753553583822,0.9862756723640083,0.9341121068921712,0.9894818377610102,140000.0
ID_3036,-0.6302675150142374,0.6222147155635368,-0.3810087211999231,-0.6061199692561582,-0.15105779189909693,1.1437501490243154,-0.14685213368756297,-0.6506586471853965,-0.9222847246532806,0.5849202654881185,0.6222473460145197,-1.3767310278071516,-0.8928692886374687,0.6989520430542773,-0.2903308516068944,0.6967937591915722,150000.0
ID_3037,-0.3341836414474214,-1.2105851160545795,-0.3810087211999231,-0.6061199692561582,-0.15105779189909693,-0.7048561921996358,-0.6725966413608725,-0.6506586471853965,-0.62655831935096,-1.5114339660212976,-0.696817975274891,0.060974101464652264,-0.8928692886374687,1.2735993016737392,-0.7128274453598268,1.2690121680005697,78000.0
ID_3038,-0.4528462991336738,0.6222147155635368,-0.3810087211999231,-0.6061199692561582,-0.15105779189909693,-0.7048561921996358,-0.6725966413608725,-0.3891001339845127,-0.62655831935096,-1.5114339660212976,-0.5083800722335465,0.060974101464652264,-0.8928692886374687,0.1243047844348151,5.06660709182652,0.11874342262937503,83000.0
ID_3039,0.7456432390514247,-1.2105851160545795,0.2782647963819663,1.3847437555789985,-0.15105779189909693,0.21944697841233984,1.4303813893323656,1.4418094584216736,1.443526517765285,0.5849202654881185,1.1875610551385527,0.060974101464652264,1.414753553583822,1.2735993016737392,0.22623102150989877,1.276855105323838,170000.0
ID_3040,0.9328951819332859,0.6222147155635368,-0.3810087211999231,0.05750127235556074,-0.15105779189909693,0.21944697841233984,-0.6725966413608725,-0.6506586471853965,-0.3308319140486392,0.5849202654881185,0.24537153993183092,0.060974101464652264,-0.31596357808214603,-1.024989732804109,-0.06871943073271414,-1.0234525557534009,120000.0
ID_3041,-0.7802232768020996,0.6222147155635368,-0.3810087211999231,-1.2697412108678772,-0.15105779189909693,2.068053319636291,-0.9354688951975273,-0.9122171603862802,-0.9222847246532806,2.6812744969975344,2.318188473386619,0.060974101464652264,-0.31596357808214603,0.9862756723640083,0.9341121068921712,0.9878730301049552,320000.0
ID_3042,0.751150649136185,0.6222147155635368,-0.3810087211999231,0.05750127235556074,-0.15105779189909693,0.21944697841233984,-0.6725966413608725,-0.6506586471853965,-0.62655831935096,0.5849202654881185,0.6222473460145197,0.060974101464652264,-0.31596357808214603,0.6989520430542773,-0.2903308516068944,0.7003848477095521,140000.0
ID_3043,-0.8015644908805469,0.6222147155635368,-0.3810087211999231,-1.2697412108678772,-0.15105779189909693,-0.7048561921996358,-0.9354688951975273,-0.9122171603862802,-0.62655831935096,0.5849202654881185,-0.3199421691922022,0.060974101464652264,-0.8928692886374687,0.1243047844348151,-1.1560502871081872,0.12718966282366387,84000.0
ID_3044,0.801703166304203,-1.2105851160545795,0.2782647963819663,1.3847437555789985,-0.15105779189909693,0.21944697841233984,1.4303813893323656,1.4418094584216736,1.443526517765285,0.5849202654881185,1.1875610551385527,0.060974101464652264,1.414753553583822,0.9862756723640083,0.9341121068921712,0.9903724277134692,120000.0
ID_3045,0.833563533644543,-1.2105851160545795,0.2782647963819663,1.3847437555789985,-0.15105779189909693,0.21944697841233984,1.4303813893323656,1.4418094584216736,1.443526517765285,0.5849202654881185,0.6222473460145197,0.060974101464652264,1.414753553583822,-0.7376661034943781,0.3617487968646123,-0.7333787896250521,130000.0
ID_3046,-0.7104388836180978,2.455014547181653,4.893179419455191,1.3847437555789985,5.033906973624536,2.068053319636291,1.4303813893323656,1.4418094584216736,1.443526517765285,0.5849202654881185,-2.752675497455958,4.374089489280064,1.414753553583822,-0.16301884487491597,-0.08306837165262702,-0.15739692004921144,9.0
ID_3047,-0.30013683230343124,-1.2105851160545795,0.2782647963819663,1.3847437555789985,-0.15105779189909693,-0.7048561921996358,1.4303813893323656,1.4418094584216736,1.443526517765285,-1.5114339660212976,-0.3199421691922022,0.060974101464652264,1.414753553583822,0.9862756723640083,-2.2290322025637495,0.983075335844934,92000.0
ID_3048,-0.5249438045532752,-1.2105851160545795,0.2782647963819663,1.3847437555789985,-0.15105779189909693,-0.7048561921996358,1.4303813893323656,1.4418094584216736,1.443526517765285,-1.5114339660212976,-0.5083800722335465,0.060974101464652264,1.414753553583822,1.5609229309834705,0.48929493837493176,1.5575920413054387,110000.0
ID_3049,2.4134026683287213,0.6222147155635368,-0.3810087211999231,0.05750127235556074,-0.15105779189909693,0.21944697841233984,-0.6725966413608725,-0.6506586471853965,-0.62655831935096,-1.5114339660212976,-0.5083800722335465,0.060974101464652264,-0.8928692886374687,-0.450342474184647,1.559088200292738,-0.45430811871579396,70000.0
ID_3050,-0.010540687816463355,-1.2105851160545795,-0.3810087211999231,-0.6061199692561582,-0.15105779189909693,1.1437501490243154,-0.14685213368756297,-0.6506586471853965,-0.9222847246532806,-1.5114339660212976,-0.5083800722335465,0.060974101464652264,-0.31596357808214603,-1.024989732804109,0.19912746643895535,-1.0296292280043262,71000.0
ID_3051,-0.7094420423927561,0.6222147155635368,-0.3810087211999231,-1.2697412108678772,-0.15105779189909693,-0.7048561921996358,-0.9354688951975273,-0.9122171603862802,-0.9222847246532806,0.5849202654881185,1.1875610551385527,0.060974101464652264,-0.31596357808214603,0.6989520430542773,-0.2903308516068944,0.7017638257004564,160000.0
ID_3052,-0.3902600909304541,0.6222147155635368,-0.3810087211999231,-1.2697412108678772,-0.8917670441167587,-1.6291593628116114,-0.9354688951975273,-0.9122171603862802,-0.62655831935096,-1.5114339660212976,-1.299819265007193,-1.3767310278071516,-0.8928692886374687,-1.024989732804109,0.19912746643895535,-1.0283651648459973,9.0
ID_3053,-0.6543238822644718,0.6222147155635368,0.2782647963819663,1.3847437555789985,-0.15105779189909693,1.1437501490243154,1.4303813893323656,1.4418094584216736,1.443526517765285,0.5849202654881185,1.752874764262586,0.060974101464652264,1.414753553583822,-1.5996369914235713,0.3856636983977981,-1.5956996932705423,96000.0
ID_3054,-0.04590376797071128,-1.2105851160545795,-0.3810087211999231,-0.2743093484502987,-0.15105779189909693,1.1437501490243154,-0.14685213368756297,-0.6506586471853965,-0.62655831935096,-1.5114339660212976,-1.1490689425741174,-1.3767310278071516,-0.8928692886374687,0.4116284137445462,-1.5466603454835397,0.4058006744026206,67000.0
ID_3055,0.7381696835664046,-1.2105851160545795,-0.3810087211999231,0.05750127235556074,-0.15105779189909693,0.21944697841233984,-0.6725966413608725,-0.6506586471853965,-0.62655831935096,0.5849202654881185,0.056933636890486534,0.060974101464652264,-0.31596357808214603,0.4116284137445462,0.5291531075969093,0.4129253940222928,130000.0
ID_3056,-0.5812791023102916,0.6222147155635368,-0.3810087211999231,-0.2743093484502987,-0.15105779189909693,1.1437501490243154,-0.14685213368756297,-0.6506586471853965,-0.62655831935096,0.5849202654881185,0.43380944297317525,0.060974101464652264,-0.31596357808214603,-0.7376661034943781,0.3617487968646123,-0.7396991054166968,120000.0
ID_3057,-0.5804089315168994,0.6222147155635368,-0.3810087211999231,-0.6061199692561582,-0.15105779189909693,1.1437501490243154,-0.6725966413608725,-0.6506586471853965,-0.9222847246532806,0.5849202654881185,1.1875610551385527,0.060974101464652264,-0.8928692886374687,-1.024989732804109,-0.06871943073271414,-1.0249177198687367,170000.0
ID_3058,-0.9082485316324451,-1.2105851160545795,0.2782647963819663,1.3847437555789985,-0.15105779189909693,2.068053319636291,1.4303813893323656,1.4418094584216736,1.443526517765285,2.6812744969975344,-0.5083800722335465,-1.3767310278071516,1.414753553583822,0.1243047844348151,-1.1560502871081872,0.12943050205888337,110000.0
ID_3059,-0.06619306672296948,-1.2105851160545795,-0.3810087211999231,-0.6061199692561582,-0.15105779189909693,1.1437501490243154,-0.6725966413608725,-0.6506586471853965,-0.62655831935096,-1.5114339660212976,-1.4882571680485372,0.060974101464652264,-0.8928692886374687,-0.450342474184647,1.559088200292738,-0.455916926371849,78000.0
ID_3060,-0.6256798424136317,0.6222147155635368,-0.3810087211999231,-1.2697412108678772,-0.15105779189909693,-1.6291593628116114,-0.9354688951975273,-0.9122171603862802,-0.9222847246532806,-1.5114339660212976,-1.1867565231823862,-1.3767310278071516,-0.8928692886374687,0.1243047844348151,5.06660709182652,0.12003621449584781,120000.0
ID_3061,-0.30013683230343124,-1.2105851160545795,-0.3810087211999231,-1.2697412108678772,-0.15105779189909693,-0.7048561921996358,-0.9354688951975273,-0.9122171603862802,-0.62655831935096,-1.5114339660212976,-0.5083800722335465,0.060974101464652264,-0.31596357808214603,0.9862756723640083,-2.2290322025637495,0.9826156765146326,79000.0
ID_3062,-0.2685958947480072,0.6222147155635368,-0.3810087211999231,-0.6061199692561582,-0.15105779189909693,-0.7048561921996358,-0.6725966413608725,-0.6506586471853965,-0.62655831935096,-1.5114339660212976,-0.3199421691922022,0.060974101464652264,-0.31596357808214603,0.6989520430542773,0.5769829106632773,0.6932888567980237,89000.0
ID_3063,2.2855536506210883,-1.2105851160545795,0.2782647963819663,1.3847437555789985,-0.15105779189909693,0.21944697841233984,1.4303813893323656,1.4418094584216736,1.443526517765285,-1.5114339660212976,-1.1867565231823862,-1.3767310278071516,1.414753553583822,1.5609229309834705,0.48929493837493176,1.5574483977647195,54000.0
ID_3064,-0.27060059201886,0.6222147155635368,-0.3810087211999231,-0.6061199692561582,-0.8917670441167587,-0.7048561921996358,-0.6725966413608725,-0.6506586471853965,-0.62655831935096,-1.5114339660212976,-0.5083800722335465,0.060974101464652264,-0.8928692886374687,-0.16301884487491597,0.46538003684174956,-0.1676530688565622,9.0
ID_3065,-0.6012820157381421,-1.2105851160545795,0.2782647963819663,1.3847437555789985,-0.15105779189909693,1.1437501490243154,1.4303813893323656,1.4418094584216736,1.443526517765285,0.5849202654881185,-0.9606310395327731,0.060974101464652264,1.414753553583822,1.2735993016737392,0.22623102150989877,1.2789235723101944,170000.0
ID_3066,-0.8905146711595159,0.6222147155635368,-0.3810087211999231,-1.2697412108678772,-0.15105779189909693,-1.6291593628116114,-0.9354688951975273,-0.9122171603862802,-0.9222847246532806,0.5849202654881185,-0.5083800722335465,0.060974101464652264,-0.31596357808214603,1.5609229309834705,-0.2393123950027652,1.5644869312599603,110000.0
ID_3067,-0.06619306672296948,0.6222147155635368,-0.3810087211999231,-0.6061199692561582,-0.15105779189909693,1.1437501490243154,-0.6725966413608725,-0.6506586471853965,-0.62655831935096,-1.5114339660212976,-0.696817975274891,0.060974101464652264,-0.8928692886374687,-0.450342474184647,1.559088200292738,-0.45580201153927363,71000.0
ID_3068,-0.6256798424136317,0.6222147155635368,-0.3810087211999231,-0.6061199692561582,-0.15105779189909693,-1.6291593628116114,-0.6725966413608725,-0.3891001339845127,-0.62655831935096,-1.5114339660212976,-0.696817975274891,0.060974101464652264,-0.8928692886374687,0.1243047844348151,5.06660709182652,0.11974892741440941,55000.0
ID_3069,-0.7679747967735919,0.6222147155635368,-0.3810087211999231,0.05750127235556074,-0.15105779189909693,-1.6291593628116114,-0.6725966413608725,-0.6506586471853965,-0.62655831935096,0.5849202654881185,0.24537153993183092,0.060974101464652264,-0.8928692886374687,-0.16301884487491597,-0.08306837165262702,-0.16205097076851346,120000.0
ID_3070,-0.5980932252990657,0.6222147155635368,-0.3810087211999231,-0.6061199692561582,-0.15105779189909693,1.1437501490243154,-0.6725966413608725,-0.6506586471853965,-0.62655831935096,0.5849202654881185,0.24537153993183092,0.060974101464652264,-0.8928692886374687,0.4116284137445462,0.5291531075969093,0.4092481193798813,130000.0
ID_3071,-0.6546157749989641,-1.2105851160545795,-0.3810087211999231,-0.2743093484502987,-0.15105779189909693,1.1437501490243154,-0.14685213368756297,-0.3891001339845127,-0.9222847246532806,0.5849202654881185,1.752874764262586,0.060974101464652264,-0.31596357808214603,1.5609229309834705,-0.2393123950027652,1.560235082454672,260000.0
ID_3072,0.7381696835664046,0.6222147155635368,-0.3810087211999231,-0.6061199692561582,-0.15105779189909693,-0.7048561921996358,-0.6725966413608725,-0.3891001339845127,-0.3308319140486392,0.5849202654881185,1.1875610551385527,0.060974101464652264,-0.8928692886374687,0.4116284137445462,0.5291531075969093,0.4121209901942653,130000.0
ID_3073,-0.603887020708234,0.6222147155635368,-0.3810087211999231,-0.6061199692561582,-0.15105779189909693,1.1437501490243154,-0.40972438752421775,-0.6506586471853965,-0.62655831935096,0.5849202654881185,-0.3199421691922022,0.060974101464652264,-0.8928692886374687,-0.16301884487491597,-0.08306837165262702,-0.1656133305783496,74000.0
ID_3074,-0.5980932252990657,0.6222147155635368,-0.3810087211999231,-0.9379305900620176,-0.15105779189909693,1.1437501490243154,-0.9354688951975273,-0.9122171603862802,-0.9222847246532806,0.5849202654881185,0.24537153993183092,0.060974101464652264,-0.31596357808214603,0.4116284137445462,0.5291531075969093,0.41381598397475183,180000.0
ID_3075,-0.6546157749989641,0.6222147155635368,-0.3810087211999231,-0.6061199692561582,-0.15105779189909693,1.1437501490243154,-0.14685213368756297,-0.6506586471853965,-0.62655831935096,0.5849202654881185,1.375998958179897,0.060974101464652264,-0.8928692886374687,1.5609229309834705,-0.2393123950027652,1.5600627102058091,180000.0
ID_3076,0.801703166304203,-1.2105851160545795,0.2782647963819663,1.3847437555789985,-0.15105779189909693,0.21944697841233984,1.4303813893323656,1.4418094584216736,1.443526517765285,0.5849202654881185,0.6222473460145197,0.060974101464652264,1.414753553583822,0.9862756723640083,0.9341121068921712,0.991665219579942,150000.0
ID_3077,-0.6302675150142374,0.6222147155635368,-0.3810087211999231,-0.2743093484502987,-0.15105779189909693,1.1437501490243154,-0.14685213368756297,-0.6506586471853965,-0.62655831935096,0.5849202654881185,1.1875610551385527,0.060974101464652264,-0.31596357808214603,0.6989520430542773,-0.2903308516068944,0.6963053711531269,160000.0
ID_3078,0.4625183014140505,-1.2105851160545795,0.2782647963819663,1.3847437555789985,-0.15105779189909693,0.21944697841233984,1.4303813893323656,1.4418094584216736,1.443526517765285,0.5849202654881185,0.24537153993183092,0.060974101464652264,1.414753553583822,0.1243047844348151,-1.1560502871081872,0.1273620350725269,130000.0
ID_3079,-0.7094420423927561,0.6222147155635368,-0.3810087211999231,-0.6061199692561582,-0.15105779189909693,0.21944697841233984,-0.6725966413608725,-0.6506586471853965,-0.62655831935096,0.5849202654881185,1.375998958179897,0.060974101464652264,-0.8928692886374687,0.6989520430542773,-0.2903308516068944,0.7006146773747028,100000.0
ID_3080,-0.5004082926256666,-1.2105851160545795,-0.3810087211999231,-0.6061199692561582,-0.15105779189909693,-1.6291593628116114,-0.6725966413608725,-0.6506586471853965,-0.62655831935096,-1.5114339660212976,-0.5083800722335465,0.060974101464652264,-0.8928692886374687,-0.450342474184647,1.559088200292738,-0.4545379483809447,68000.0
ID_3081,0.7456432390514247,0.6222147155635368,-0.3810087211999231,-0.2743093484502987,-0.15105779189909693,0.21944697841233984,-0.40972438752421775,-0.6506586471853965,-0.62655831935096,0.5849202654881185,0.810685249055864,0.060974101464652264,-0.31596357808214603,1.2735993016737392,0.22623102150989877,1.273091644556995,100000.0
ID_3082,-0.8083661423352263,0.6222147155635368,-0.3810087211999231,-0.9379305900620176,-0.15105779189909693,-1.6291593628116114,-0.9354688951975273,-0.9122171603862802,-0.62655831935096,0.5849202654881185,-0.5083800722335465,0.060974101464652264,-0.31596357808214603,0.4116284137445462,0.5291531075969093,0.4146491165109232,110000.0
ID_3083,0.832186681123353,0.6222147155635368,-0.3810087211999231,-0.6061199692561582,-0.15105779189909693,0.21944697841233984,-0.6725966413608725,-0.3891001339845127,-0.62655831935096,0.5849202654881185,1.1875610551385527,0.060974101464652264,-0.31596357808214603,-0.16301884487491597,-0.08306837165262702,-0.16121783823234212,150000.0
ID_3084,-0.7347210546818074,-1.2105851160545795,-0.3810087211999231,-0.6061199692561582,-0.15105779189909693,-0.7048561921996358,0.11602012014909178,-0.6506586471853965,-0.9222847246532806,0.5849202654881185,0.24537153993183092,0.060974101464652264,-0.8928692886374687,-1.3123133621138403,-0.020889627666346104,-1.3130092051351603,130000.0
ID_3085,-0.8161646350152474,0.6222147155635368,-0.3810087211999231,-0.6061199692561582,-0.15105779189909693,-1.6291593628116114,-0.6725966413608725,-0.6506586471853965,-0.62655831935096,0.5849202654881185,-0.3199421691922022,0.060974101464652264,-0.8928692886374687,-0.7376661034943781,0.3617487968646123,-0.7361942030231484,120000.0
ID_3086,-0.3341836414474214,0.6222147155635368,-0.3810087211999231,-0.6061199692561582,-0.15105779189909693,-0.7048561921996358,-0.6725966413608725,-0.6506586471853965,-0.62655831935096,-1.5114339660212976,-0.5083800722335465,0.060974101464652264,-0.8928692886374687,1.2735993016737392,-0.7128274453598268,1.2679492057992476,63000.0
ID_3087,-1.095208581779814,2.455014547181653,4.893179419455191,1.3847437555789985,5.033906973624536,2.068053319636291,1.4303813893323656,1.4418094584216736,1.443526517765285,-1.5114339660212976,-2.752675497455958,4.374089489280064,1.414753553583822,0.6989520430542773,0.5769829106632773,0.695931897947257,9.0
ID_3088,-0.30013683230343124,0.6222147155635368,-0.3810087211999231,-0.6061199692561582,-0.8917670441167587,-0.7048561921996358,-0.6725966413608725,-0.6506586471853965,-0.62655831935096,-1.5114339660212976,-0.3199421691922022,0.060974101464652264,-0.8928692886374687,0.9862756723640083,-2.2290322025637495,0.9809494114422899,9.0
ID_3089,-0.6609933558771169,0.6222147155635368,-0.3810087211999231,0.05750127235556074,-0.15105779189909693,1.1437501490243154,-0.6725966413608725,-0.6506586471853965,-0.62655831935096,0.5849202654881185,1.1875610551385527,0.060974101464652264,-0.8928692886374687,-1.3123133621138403,-0.020889627666346104,-1.313612508006181,190000.0
ID_3090,2.6266220497602295,0.6222147155635368,-0.3810087211999231,-0.2743093484502987,-0.15105779189909693,0.21944697841233984,-0.6725966413608725,-0.6506586471853965,-0.62655831935096,-1.5114339660212976,-0.8852558783162353,-1.3767310278071516,-0.8928692886374687,0.4116284137445462,-1.5466603454835397,0.40608796148405896,78000.0
ID_3091,-0.5453873107879066,-1.2105851160545795,0.2782647963819663,1.3847437555789985,-0.15105779189909693,-1.6291593628116114,1.4303813893323656,1.4418094584216736,1.443526517765285,-1.5114339660212976,-1.0360062007493107,-1.3767310278071516,1.414753553583822,-1.3123133621138403,-0.10220029287917282,-1.3149627572889415,57000.0
ID_3092,0.9328951819332859,0.6222147155635368,-0.3810087211999231,-0.9379305900620176,-0.15105779189909693,0.21944697841233984,-0.9354688951975273,-0.9122171603862802,-0.9222847246532806,0.5849202654881185,1.5644368612212416,0.060974101464652264,-0.31596357808214603,-1.024989732804109,-0.06871943073271414,-1.0230216251312432,150000.0
ID_3093,-0.34569963593465586,-1.2105851160545795,-0.3810087211999231,-0.6061199692561582,-0.15105779189909693,-0.7048561921996358,-0.6725966413608725,-0.6506586471853965,-0.62655831935096,-1.5114339660212976,-1.0736937813575798,-1.3767310278071516,-0.8928692886374687,-0.450342474184647,1.559088200292738,-0.4549688790031023,56000.0
ID_3094,-0.5804089315168994,0.6222147155635368,-0.3810087211999231,-0.6061199692561582,-0.15105779189909693,-0.7048561921996358,-0.6725966413608725,-0.6506586471853965,-0.62655831935096,0.5849202654881185,1.375998958179897,0.060974101464652264,-0.31596357808214603,-1.024989732804109,-0.06871943073271414,-1.0250039059931682,150000.0
ID_3095,-0.6082378746751949,-1.2105851160545795,0.2782647963819663,1.3847437555789985,-0.15105779189909693,1.1437501490243154,1.4303813893323656,1.4418094584216736,1.443526517765285,0.5849202654881185,1.1875610551385527,0.060974101464652264,1.414753553583822,-0.450342474184647,-0.47686708356573715,-0.4472983139286971,99000.0
ID_3096,0.9328951819332859,-1.2105851160545795,0.2782647963819663,1.3847437555789985,-0.15105779189909693,0.21944697841233984,1.4303813893323656,1.4418094584216736,1.443526517765285,0.5849202654881185,1.375998958179897,0.060974101464652264,1.414753553583822,-1.024989732804109,-0.06871943073271414,-1.0210393442693182,150000.0
ID_3097,2.6266220497602295,0.6222147155635368,-0.3810087211999231,-0.6061199692561582,-0.15105779189909693,0.21944697841233984,-0.6725966413608725,-0.6506586471853965,-0.62655831935096,-1.5114339660212976,-0.5083800722335465,0.060974101464652264,-0.31596357808214603,0.4116284137445462,-1.5466603454835397,0.4057719456944767,90000.0
ID_3098,-0.5646632460845687,2.455014547181653,4.893179419455191,1.3847437555789985,5.033906973624536,2.068053319636291,1.4303813893323656,1.4418094584216736,1.443526517765285,-1.5114339660212976,-2.752675497455958,4.374089489280064,1.414753553583822,-1.5996369914235713,-1.1464843264949127,-1.6019912803540433,9.0
ID_3099,0.4740122662609459,0.6222147155635368,0.2782647963819663,1.3847437555789985,-0.15105779189909693,0.21944697841233984,1.4303813893323656,1.4418094584216736,1.443526517765285,0.5849202654881185,0.24537153993183092,0.060974101464652264,1.414753553583822,-1.3123133621138403,-0.020889627666346104,-1.308412611832146,66000.0
ID_3100,-0.6546157749989641,0.6222147155635368,-0.3810087211999231,-0.6061199692561582,-0.15105779189909693,1.1437501490243154,-0.6725966413608725,-0.6506586471853965,-0.9222847246532806,0.5849202654881185,0.6222473460145197,0.060974101464652264,-0.8928692886374687,1.5609229309834705,-0.2393123950027652,1.5623035494410284,150000.0
ID_3101,-0.30013683230343124,0.6222147155635368,-0.3810087211999231,-0.6061199692561582,-0.15105779189909693,-0.7048561921996358,-0.6725966413608725,-0.6506586471853965,-0.9222847246532806,-1.5114339660212976,-0.696817975274891,0.060974101464652264,-0.8928692886374687,0.9862756723640083,-2.2290322025637495,0.9810355975667214,80000.0
ID_3102,-0.23054519847239607,0.6222147155635368,-0.3810087211999231,0.05750127235556074,-0.15105779189909693,-0.7048561921996358,-0.14685213368756297,-0.3891001339845127,-0.62655831935096,-1.5114339660212976,-0.696817975274891,0.060974101464652264,-0.8928692886374687,-1.024989732804109,0.19912746643895535,-1.030232530875347,64000.0
ID_3103,0.6223158050233801,0.6222147155635368,-0.3810087211999231,-0.6061199692561582,-0.15105779189909693,0.21944697841233984,-0.6725966413608725,-0.6506586471853965,-0.62655831935096,0.5849202654881185,1.1875610551385527,0.060974101464652264,-0.31596357808214603,-1.5996369914235713,0.3856636983977981,-1.6019050942296116,81000.0
ID_3104,0.5676382377018765,0.6222147155635368,-0.3810087211999231,-0.6061199692561582,-0.15105779189909693,0.21944697841233984,-0.6725966413608725,-0.6506586471853965,-0.62655831935096,0.5849202654881185,1.1875610551385527,0.060974101464652264,-0.31596357808214603,1.5609229309834705,-0.2393123950027652,1.5615566030292887,140000.0
ID_3105,-0.6546157749989641,0.6222147155635368,-0.3810087211999231,-0.6061199692561582,-0.15105779189909693,1.1437501490243154,-0.6725966413608725,-0.6506586471853965,-0.62655831935096,0.5849202654881185,0.43380944297317525,0.060974101464652264,-0.8928692886374687,1.5609229309834705,-0.2393123950027652,1.560436183411679,200000.0
ID_3106,-0.7347210546818074,0.6222147155635368,-0.3810087211999231,-0.6061199692561582,-0.15105779189909693,-0.7048561921996358,-0.6725966413608725,-0.6506586471853965,-0.62655831935096,0.5849202654881185,-0.696817975274891,0.060974101464652264,-0.8928692886374687,-1.3123133621138403,-0.020889627666346104,-1.3114291261872493,98000.0
ID_3107,0.7456432390514247,-1.2105851160545795,0.2782647963819663,1.3847437555789985,-0.15105779189909693,0.21944697841233984,1.4303813893323656,1.4418094584216736,1.443526517765285,0.5849202654881185,0.056933636890486534,0.060974101464652264,1.414753553583822,1.2735993016737392,0.22623102150989877,1.2792970455160644,66000.0
ID_3108,-0.8707816208258186,-1.2105851160545795,-0.3810087211999231,-1.2697412108678772,-0.15105779189909693,-1.6291593628116114,-0.9354688951975273,-0.9122171603862802,-0.62655831935096,0.5849202654881185,0.24537153993183092,0.060974101464652264,-0.8928692886374687,1.2735993016737392,0.22623102150989877,1.2763954459935365,120000.0
ID_3109,-0.5912805590242168,0.6222147155635368,-0.3810087211999231,-0.9379305900620176,-0.15105779189909693,-1.6291593628116114,-0.9354688951975273,-0.9122171603862802,-0.62655831935096,-1.5114339660212976,-0.9229434589245042,0.060974101464652264,-0.8928692886374687,1.2735993016737392,-0.7128274453598268,1.270017672785604,72000.0
ID_3110,0.9328951819332859,0.6222147155635368,-0.3810087211999231,-0.6061199692561582,-0.15105779189909693,0.21944697841233984,-0.6725966413608725,-0.6506586471853965,-0.62655831935096,0.5849202654881185,0.43380944297317525,0.060974101464652264,-0.8928692886374687,-1.024989732804109,-0.06871943073271414,-1.0256072088641888,66000.0
ID_3111,-0.23054519847239607,0.6222147155635368,-0.3810087211999231,-0.6061199692561582,-0.15105779189909693,-0.7048561921996358,-0.6725966413608725,-0.6506586471853965,-0.9222847246532806,-1.5114339660212976,-1.299819265007193,-1.3767310278071516,-0.31596357808214603,-1.024989732804109,0.19912746643895535,-1.0289110103007304,43600.0
ID_3112,-0.15837058931160805,0.6222147155635368,-0.3810087211999231,-0.2743093484502987,-0.15105779189909693,1.1437501490243154,-0.14685213368756297,-0.6506586471853965,-0.62655831935096,-1.5114339660212976,-1.3563506359195963,-1.3767310278071516,-0.8928692886374687,-1.5996369914235713,-1.1464843264949127,-1.6052088956661532,53000.0
ID_3113,-0.5980932252990657,0.6222147155635368,-0.3810087211999231,-0.6061199692561582,-0.15105779189909693,1.1437501490243154,-0.40972438752421775,-0.6506586471853965,-0.62655831935096,0.5849202654881185,1.1875610551385527,0.060974101464652264,-0.8928692886374687,0.4116284137445462,0.5291531075969093,0.41189116052911456,200000.0
ID_3114,-0.5980932252990657,0.6222147155635368,-0.3810087211999231,-1.2697412108678772,-0.15105779189909693,1.1437501490243154,-0.9354688951975273,-0.9122171603862802,-0.62655831935096,0.5849202654881185,0.43380944297317525,0.060974101464652264,-0.31596357808214603,0.4116284137445462,0.5291531075969093,0.41398835622361485,140000.0
ID_3115,0.4625183014140505,0.6222147155635368,-0.3810087211999231,-0.6061199692561582,-0.15105779189909693,0.21944697841233984,-0.6725966413608725,-0.3891001339845127,-0.62655831935096,0.5849202654881185,0.43380944297317525,0.060974101464652264,-0.31596357808214603,0.1243047844348151,-1.1560502871081872,0.12494882358844439,66000.0
ID_3116,2.075313778045436,0.6222147155635368,-0.3810087211999231,-0.9379305900620176,-0.15105779189909693,0.21944697841233984,-0.9354688951975273,-0.9122171603862802,-0.62655831935096,-1.5114339660212976,-1.5071009583526718,-1.3767310278071516,-0.8928692886374687,0.1243047844348151,5.06660709182652,0.12009367191213549,41700.0
ID_3117,-0.7252097574654258,0.6222147155635368,-0.3810087211999231,-0.6061199692561582,-0.15105779189909693,-0.7048561921996358,-0.6725966413608725,-0.6506586471853965,-0.62655831935096,0.5849202654881185,0.24537153993183092,0.060974101464652264,-0.31596357808214603,0.9862756723640083,0.9341121068921712,0.9861780363244687,170000.0
ID_3118,2.4134026683287213,-1.2105851160545795,0.2782647963819663,1.3847437555789985,-0.15105779189909693,0.21944697841233984,1.4303813893323656,1.4418094584216736,1.443526517765285,-1.5114339660212976,-0.3199421691922022,0.060974101464652264,1.414753553583822,-0.450342474184647,1.559088200292738,-0.4535037148877665,74000.0
ID_3119,0.9328951819332859,-1.2105851160545795,0.2782647963819663,1.3847437555789985,-0.15105779189909693,0.21944697841233984,1.4303813893323656,1.4418094584216736,1.443526517765285,0.5849202654881185,0.9991231520972084,0.060974101464652264,1.414753553583822,-1.024989732804109,-0.06871943073271414,-1.021096801685606,140000.0
ID_3120,-0.2685958947480072,0.6222147155635368,-0.3810087211999231,-0.6061199692561582,-0.15105779189909693,-0.7048561921996358,-0.6725966413608725,-0.6506586471853965,-0.62655831935096,-1.5114339660212976,-0.696817975274891,-1.3767310278071516,-0.8928692886374687,0.6989520430542773,0.5769829106632773,0.6935761438794621,110000.0
ID_3121,-0.7347210546818074,0.6222147155635368,-0.3810087211999231,-0.6061199692561582,-0.15105779189909693,-0.7048561921996358,-0.6725966413608725,-0.6506586471853965,-0.62655831935096,0.5849202654881185,-0.696817975274891,-1.3767310278071516,-0.8928692886374687,-1.3123133621138403,-0.020889627666346104,-1.3131815773840234,84000.0
ID_3122,2.753683507825741,-1.2105851160545795,0.2782647963819663,1.3847437555789985,-0.15105779189909693,0.21944697841233984,1.4303813893323656,1.4418094584216736,1.443526517765285,-1.5114339660212976,-0.5083800722335465,0.060974101464652264,1.414753553583822,0.9862756723640083,-2.2290322025637495,0.9837360961322423,89000.0
ID_3123,-0.30013683230343124,0.6222147155635368,-0.3810087211999231,-1.2697412108678772,-0.15105779189909693,-0.7048561921996358,-0.9354688951975273,-0.9122171603862802,-0.62655831935096,-1.5114339660212976,-0.3199421691922022,0.060974101464652264,-0.31596357808214603,0.9862756723640083,-2.2290322025637495,0.9827880487634956,92000.0
ID_3124,-0.3341836414474214,-1.2105851160545795,0.2782647963819663,1.3847437555789985,-0.15105779189909693,-0.7048561921996358,1.4303813893323656,1.4418094584216736,1.443526517765285,-1.5114339660212976,-0.5083800722335465,0.060974101464652264,1.414753553583822,1.2735993016737392,-0.7128274453598268,1.2701325876181795,85000.0
ID_3125,-0.010540687816463355,0.6222147155635368,-0.3810087211999231,-0.6061199692561582,-0.15105779189909693,1.1437501490243154,-0.6725966413608725,-0.3891001339845127,-0.3308319140486392,-1.5114339660212976,-0.5083800722335465,0.060974101464652264,-0.31596357808214603,-1.024989732804109,0.19912746643895535,-1.0295717705880387,71000.0
ID_3126,0.631562746555693,-1.2105851160545795,0.2782647963819663,1.3847437555789985,-0.15105779189909693,0.21944697841233984,1.4303813893323656,1.4418094584216736,1.443526517765285,0.5849202654881185,-0.3199421691922022,0.060974101464652264,1.414753553583822,-0.450342474184647,-0.47686708356573715,-0.4458331498133613,110000.0
ID_3127,0.4625183014140505,-1.2105851160545795,0.2782647963819663,1.3847437555789985,-0.15105779189909693,0.21944697841233984,1.4303813893323656,1.4418094584216736,1.443526517765285,0.5849202654881185,0.9991231520972084,0.060974101464652264,1.414753553583822,0.1243047844348151,-1.1560502871081872,0.1282238963168421,150000.0
ID_3128,0.9328951819332859,-1.2105851160545795,0.2782647963819663,1.3847437555789985,-0.15105779189909693,0.21944697841233984,1.4303813893323656,1.4418094584216736,1.443526517765285,0.5849202654881185,1.1875610551385527,0.060974101464652264,1.414753553583822,-1.024989732804109,-0.06871943073271414,-1.0205796849390167,110000.0
ID_3129,0.9328951819332859,0.6222147155635368,-0.3810087211999231,-0.6061199692561582,-0.15105779189909693,0.21944697841233984,-0.6725966413608725,-0.6506586471853965,-0.62655831935096,0.5849202654881185,-0.13150426615085783,0.060974101464652264,-0.31596357808214603,-1.024989732804109,-0.06871943073271414,-1.0261817830270656,110000.0
ID_3130,-0.8879812625205259,-1.2105851160545795,-0.3810087211999231,-1.2697412108678772,-0.8917670441167587,-1.6291593628116114,-0.9354688951975273,-0.9122171603862802,-0.9222847246532806,0.5849202654881185,-0.696817975274891,0.060974101464652264,-0.8928692886374687,0.1243047844348151,-1.1560502871081872,0.12612670062234183,9.0
ID_3131,-0.5249438045532752,-1.2105851160545795,-0.3810087211999231,-0.6061199692561582,-0.8917670441167587,-0.7048561921996358,-0.14685213368756297,-0.6506586471853965,-0.9222847246532806,-1.5114339660212976,-0.696817975274891,0.060974101464652264,-0.8928692886374687,1.5609229309834705,0.48929493837493176,1.5553224733620754,9.0
ID_3132,-0.7252097574654258,0.6222147155635368,-0.3810087211999231,-0.6061199692561582,-0.15105779189909693,-0.7048561921996358,-0.6725966413608725,-0.6506586471853965,-0.62655831935096,0.5849202654881185,0.43380944297317525,-1.3767310278071516,-0.31596357808214603,0.9862756723640083,0.9341121068921712,0.9859769353674618,120000.0
ID_3133,0.832186681123353,-1.2105851160545795,0.2782647963819663,1.3847437555789985,-0.15105779189909693,0.21944697841233984,1.4303813893323656,1.4418094584216736,1.443526517765285,0.5849202654881185,-0.3199421691922022,0.060974101464652264,1.414753553583822,-0.16301884487491597,-0.08306837165262702,-0.15909191382969798,96000.0
ID_3134,2.6415691607302696,0.6222147155635368,-0.3810087211999231,0.05750127235556074,-0.15105779189909693,0.21944697841233984,-0.6725966413608725,-0.6506586471853965,-0.62655831935096,-1.5114339660212976,-0.5083800722335465,0.060974101464652264,-0.31596357808214603,1.2735993016737392,-0.7128274453598268,1.2692419976657205,90000.0
ID_3135,-0.3341836414474214,-1.2105851160545795,-0.3810087211999231,-1.2697412108678772,-0.8917670441167587,-0.7048561921996358,-0.9354688951975273,-0.9122171603862802,-0.9222847246532806,-1.5114339660212976,-0.5083800722335465,0.060974101464652264,-0.8928692886374687,1.2735993016737392,-0.7128274453598268,1.269701656996022,9.0
ID_3136,2.6266220497602295,-1.2105851160545795,0.2782647963819663,1.3847437555789985,-0.15105779189909693,0.21944697841233984,1.4303813893323656,1.4418094584216736,1.443526517765285,-1.5114339660212976,-0.696817975274891,0.060974101464652264,1.414753553583822,0.4116284137445462,-1.5466603454835397,0.4089895610065868,60000.0
ID_3137,-0.6609933558771169,0.6222147155635368,-0.3810087211999231,0.05750127235556074,-0.15105779189909693,1.1437501490243154,-0.6725966413608725,-0.3891001339845127,-0.9222847246532806,0.5849202654881185,0.056933636890486534,0.060974101464652264,-0.31596357808214603,-1.3123133621138403,-0.020889627666346104,-1.3146180127912155,130000.0
ID_3138,2.075313778045436,0.6222147155635368,-0.3810087211999231,0.05750127235556074,-0.15105779189909693,0.21944697841233984,-0.6725966413608725,-0.6506586471853965,-0.62655831935096,-1.5114339660212976,-0.3199421691922022,0.060974101464652264,-0.31596357808214603,0.1243047844348151,5.06660709182652,0.11905943841895726,63000.0
ID_3139,-0.6082378746751949,0.6222147155635368,-0.3810087211999231,-0.6061199692561582,-0.15105779189909693,1.1437501490243154,-0.40972438752421775,-0.6506586471853965,-0.62655831935096,0.5849202654881185,0.24537153993183092,0.060974101464652264,-0.8928692886374687,-0.450342474184647,-0.47686708356573715,-0.44988389766164266,150000.0
ID_3140,0.4740122662609459,0.6222147155635368,-0.3810087211999231,0.05750127235556074,-0.15105779189909693,0.21944697841233984,-0.6725966413608725,-0.6506586471853965,-0.62655831935096,0.5849202654881185,0.24537153993183092,0.060974101464652264,-0.31596357808214603,-1.3123133621138403,-0.020889627666346104,-1.3142445395853455,66000.0
ID_3141,-0.8015644908805469,-1.2105851160545795,0.2782647963819663,1.3847437555789985,-0.15105779189909693,-0.7048561921996358,1.4303813893323656,1.4418094584216736,1.443526517765285,0.5849202654881185,-0.3199421691922022,0.060974101464652264,1.414753553583822,0.1243047844348151,-1.1560502871081872,0.12914321497744496,120000.0
ID_3142,-0.6012820157381421,-1.2105851160545795,-0.3810087211999231,-1.2697412108678772,-0.15105779189909693,1.1437501490243154,-0.9354688951975273,-0.9122171603862802,-0.9222847246532806,0.5849202654881185,0.056933636890486534,0.060974101464652264,-0.8928692886374687,1.2735993016737392,0.22623102150989877,1.2757346857062282,130000.0
ID_3143,-0.8083661423352263,-1.2105851160545795,0.2782647963819663,1.3847437555789985,-0.15105779189909693,-1.6291593628116114,1.4303813893323656,1.4418094584216736,1.443526517765285,0.5849202654881185,-0.696817975274891,0.060974101464652264,1.414753553583822,0.4116284137445462,0.5291531075969093,0.41545352033895067,97000.0
ID_3144,-0.7347210546818074,-1.2105851160545795,0.2782647963819663,1.3847437555789985,-0.15105779189909693,-0.7048561921996358,1.4303813893323656,1.4418094584216736,1.443526517765285,0.5849202654881185,1.1875610551385527,0.060974101464652264,1.414753553583822,-1.3123133621138403,-0.020889627666346104,-1.307148548673817,160000.0
ID_3145,2.6415691607302696,0.6222147155635368,-0.3810087211999231,-0.2743093484502987,-0.15105779189909693,0.21944697841233984,-0.6725966413608725,-0.3891001339845127,-0.62655831935096,-1.5114339660212976,-0.3199421691922022,0.060974101464652264,-0.8928692886374687,1.2735993016737392,-0.7128274453598268,1.2675757325933779,67000.0
ID_3146,0.833563533644543,0.6222147155635368,-0.3810087211999231,0.05750127235556074,-0.15105779189909693,0.21944697841233984,-0.6725966413608725,-0.6506586471853965,-0.62655831935096,0.5849202654881185,2.1297505703452746,0.060974101464652264,-0.31596357808214603,-0.7376661034943781,0.3617487968646123,-0.7379466542199226,150000.0
ID_3147,-0.6662088732273852,0.6222147155635368,-0.3810087211999231,-0.6061199692561582,-0.15105779189909693,1.1437501490243154,-0.14685213368756297,-0.6506586471853965,-0.62655831935096,0.5849202654881185,1.752874764262586,0.060974101464652264,-0.8928692886374687,0.1243047844348151,-1.1560502871081872,0.12141519248675212,170000.0
ID_3148,-0.8574702106509521,0.6222147155635368,-0.3810087211999231,-0.6061199692561582,-0.15105779189909693,-1.6291593628116114,-0.6725966413608725,-0.6506586471853965,-0.62655831935096,0.5849202654881185,0.6222473460145197,0.060974101464652264,-0.31596357808214603,-1.5996369914235713,0.3856636983977981,-1.6008995894445772,110000.0
ID_3149,-0.7036812914440965,-1.2105851160545795,-0.3810087211999231,-0.6061199692561582,-0.15105779189909693,-0.7048561921996358,-0.6725966413608725,-0.6506586471853965,-0.62655831935096,0.5849202654881185,-0.696817975274891,0.060974101464652264,-0.8928692886374687,0.4116284137445462,0.5291531075969093,0.4106845547870733,100000.0
ID_3150,2.4134026683287213,0.6222147155635368,-0.3810087211999231,-0.6061199692561582,-0.15105779189909693,0.21944697841233984,-0.6725966413608725,-0.6506586471853965,-0.62655831935096,-1.5114339660212976,-0.696817975274891,0.060974101464652264,-0.8928692886374687,-0.450342474184647,1.559088200292738,-0.4543368474239378,62000.0
ID_3151,-0.25707990026077276,0.6222147155635368,-0.3810087211999231,-1.2697412108678772,-0.15105779189909693,-0.7048561921996358,-0.9354688951975273,-0.9122171603862802,-0.9222847246532806,-1.5114339660212976,-0.3199421691922022,0.060974101464652264,-0.8928692886374687,0.4116284137445462,-1.5466603454835397,0.4075818543075386,94000.0
ID_3152,0.5676382377018765,-1.2105851160545795,0.2782647963819663,1.3847437555789985,-0.15105779189909693,0.21944697841233984,1.4303813893323656,1.4418094584216736,1.443526517765285,0.5849202654881185,0.810685249055864,0.060974101464652264,1.414753553583822,1.5609229309834705,-0.2393123950027652,1.5662968398730222,160000.0
ID_3153,-0.7252097574654258,0.6222147155635368,-0.3810087211999231,-0.6061199692561582,-0.15105779189909693,-0.7048561921996358,-0.6725966413608725,-0.6506586471853965,-0.62655831935096,0.5849202654881185,0.24537153993183092,0.060974101464652264,-0.8928692886374687,0.9862756723640083,0.9341121068921712,0.9864365946977632,140000.0
ID_3154,-0.8879812625205259,0.6222147155635368,-0.3810087211999231,-1.2697412108678772,-0.15105779189909693,-1.6291593628116114,-0.9354688951975273,-0.9122171603862802,-0.62655831935096,0.5849202654881185,-0.3199421691922022,0.060974101464652264,-0.8928692886374687,0.1243047844348151,-1.1560502871081872,0.12704601928294468,110000.0
ID_3155,-0.8253454876265434,0.6222147155635368,-0.3810087211999231,-1.2697412108678772,-0.15105779189909693,-1.6291593628116114,-0.9354688951975273,-0.9122171603862802,-0.9222847246532806,0.5849202654881185,0.6222473460145197,0.060974101464652264,-0.8928692886374687,-0.450342474184647,-0.47686708356573715,-0.44833254742187534,130000.0
ID_3156,0.4740122662609459,0.6222147155635368,-0.3810087211999231,0.05750127235556074,-0.15105779189909693,0.21944697841233984,-0.6725966413608725,-0.6506586471853965,-0.62655831935096,0.5849202654881185,0.24537153993183092,0.060974101464652264,-0.31596357808214603,-1.3123133621138403,-0.020889627666346104,-1.3133252209247426,120000.0
ID_3157,-0.7479939129860804,0.6222147155635368,-0.3810087211999231,-0.6061199692561582,-0.15105779189909693,-0.7048561921996358,-0.6725966413608725,-0.6506586471853965,-0.62655831935096,0.5849202654881185,0.24537153993183092,0.060974101464652264,-0.31596357808214603,-0.450342474184647,-0.47686708356573715,-0.45060211536523864,120000.0
ID_3158,-0.27060059201886,0.6222147155635368,-0.3810087211999231,-0.6061199692561582,-0.15105779189909693,-0.7048561921996358,-0.6725966413608725,-0.6506586471853965,-0.62655831935096,-1.5114339660212976,-1.299819265007193,-1.3767310278071516,-0.8928692886374687,-0.16301884487491597,0.46538003684174956,-0.1677967123972814,57000.0
ID_3159,-0.6543238822644718,-1.2105851160545795,-0.3810087211999231,0.05750127235556074,-0.15105779189909693,1.1437501490243154,-0.14685213368756297,-0.6506586471853965,-0.62655831935096,0.5849202654881185,0.056933636890486534,0.060974101464652264,-0.8928692886374687,-1.5996369914235713,0.3856636983977981,-1.601675264564461,110000.0
ID_3160,0.751150649136185,0.6222147155635368,-0.3810087211999231,-0.2743093484502987,-0.15105779189909693,0.21944697841233984,-0.6725966413608725,-0.6506586471853965,-0.62655831935096,0.5849202654881185,0.43380944297317525,0.060974101464652264,-0.31596357808214603,0.6989520430542773,-0.2903308516068944,0.6973970620625928,140000.0
ID_3161,-0.2685958947480072,-1.2105851160545795,0.2782647963819663,1.3847437555789985,-0.15105779189909693,-0.7048561921996358,1.4303813893323656,1.4418094584216736,1.443526517765285,-1.5114339660212976,-0.696817975274891,-1.3767310278071516,1.414753553583822,0.6989520430542773,0.5769829106632773,0.6954722386169555,80000.0
ID_3162,-0.8376104898853053,-1.2105851160545795,0.2782647963819663,1.3847437555789985,-0.15105779189909693,-0.7048561921996358,1.4303813893323656,1.4418094584216736,1.443526517765285,0.5849202654881185,0.43380944297317525,0.060974101464652264,1.414753553583822,1.5609229309834705,-0.2393123950027652,1.5673598020743442,110000.0
ID_3163,-0.5980932252990657,0.6222147155635368,-0.3810087211999231,-0.6061199692561582,-0.15105779189909693,1.1437501490243154,-0.14685213368756297,-0.6506586471853965,-0.62655831935096,0.5849202654881185,-0.8852558783162353,0.060974101464652264,-0.8928692886374687,0.4116284137445462,0.5291531075969093,0.40970777871018277,96000.0
ID_3164,-0.6904139405499081,0.6222147155635368,-0.3810087211999231,-0.6061199692561582,-0.15105779189909693,-0.7048561921996358,-0.6725966413608725,-0.6506586471853965,-0.62655831935096,0.5849202654881185,0.6222473460145197,0.060974101464652264,-0.8928692886374687,-1.024989732804109,-0.06871943073271414,-1.025923224653771,110000.0
ID_3165,-0.7104388836180978,0.6222147155635368,-0.3810087211999231,-0.6061199692561582,-0.15105779189909693,-0.7048561921996358,-0.6725966413608725,-0.6506586471853965,-0.62655831935096,0.5849202654881185,0.24537153993183092,0.060974101464652264,-0.31596357808214603,-0.16301884487491597,-0.08306837165262702,-0.16104546598347907,120000.0
ID_3166,-0.7472393978044682,0.6222147155635368,-0.3810087211999231,-0.6061199692561582,-0.8917670441167587,-0.7048561921996358,-0.6725966413608725,-0.6506586471853965,-0.62655831935096,0.5849202654881185,0.24537153993183092,0.060974101464652264,-0.8928692886374687,-1.5996369914235713,0.3856636983977981,-1.5998653559513991,9.0
ID_3167,-0.5804089315168994,-1.2105851160545795,0.2782647963819663,1.3847437555789985,-0.15105779189909693,1.1437501490243154,1.4303813893323656,1.4418094584216736,1.443526517765285,0.5849202654881185,0.24537153993183092,0.060974101464652264,1.414753553583822,-1.024989732804109,-0.06871943073271414,-1.0213553600589005,190000.0
ID_3168,-0.7347210546818074,0.6222147155635368,-0.3810087211999231,-0.9379305900620176,-0.15105779189909693,-0.7048561921996358,-0.9354688951975273,-0.9122171603862802,-0.9222847246532806,0.5849202654881185,1.9413126673039303,0.060974101464652264,-0.31596357808214603,-1.3123133621138403,-0.020889627666346104,-1.3095904888660435,190000.0
ID_3169,-0.8376104898853053,-1.2105851160545795,-0.3810087211999231,-0.6061199692561582,-0.15105779189909693,-0.7048561921996358,-0.6725966413608725,-0.6506586471853965,-0.9222847246532806,0.5849202654881185,0.056933636890486534,0.060974101464652264,-0.8928692886374687,1.5609229309834705,-0.2393123950027652,1.5615853317374326,100000.0
ID_3170,0.4740122662609459,0.6222147155635368,-0.3810087211999231,-0.6061199692561582,-0.15105779189909693,0.21944697841233984,-0.6725966413608725,-0.6506586471853965,-0.62655831935096,0.5849202654881185,0.43380944297317525,0.060974101464652264,-0.31596357808214603,-1.3123133621138403,-0.020889627666346104,-1.3122622587234205,90000.0
ID_3171,-0.7422331620374208,0.6222147155635368,-0.3810087211999231,-0.6061199692561582,-0.15105779189909693,-0.7048561921996358,-0.6725966413608725,-0.6506586471853965,-0.62655831935096,0.5849202654881185,1.1875610551385527,0.060974101464652264,-0.31596357808214603,1.2735993016737392,0.22623102150989877,1.2738673196768786,170000.0
ID_3172,0.6223158050233801,0.6222147155635368,-0.3810087211999231,-1.2697412108678772,-0.8917670441167587,0.21944697841233984,-0.9354688951975273,-0.9122171603862802,-0.62655831935096,0.5849202654881185,1.752874764262586,0.060974101464652264,-0.31596357808214603,-1.5996369914235713,0.3856636983977981,-1.596676469347433,9.0
ID_3173,-0.7094420423927561,0.6222147155635368,-0.3810087211999231,-0.6061199692561582,-0.15105779189909693,-0.7048561921996358,-0.6725966413608725,-0.6506586471853965,-0.62655831935096,0.5849202654881185,1.9413126673039303,0.060974101464652264,-0.8928692886374687,0.6989520430542773,-0.2903308516068944,0.6981440084743326,180000.0
ID_3174,-0.8905146711595159,-1.2105851160545795,-0.3810087211999231,-0.6061199692561582,-0.15105779189909693,-1.6291593628116114,-0.6725966413608725,-0.6506586471853965,-0.3308319140486392,0.5849202654881185,-0.5083800722335465,0.060974101464652264,-0.8928692886374687,1.5609229309834705,-0.2393123950027652,1.5627057513550422,110000.0
ID_3175,0.9328951819332859,0.6222147155635368,-0.3810087211999231,0.05750127235556074,-0.15105779189909693,0.21944697841233984,-0.6725966413608725,-0.127541620783629,-0.62655831935096,0.5849202654881185,0.24537153993183092,0.060974101464652264,-0.31596357808214603,-1.024989732804109,-0.06871943073271414,-1.0236249280022638,91000.0
ID_3176,0.4625183014140505,0.6222147155635368,-0.3810087211999231,0.05750127235556074,-0.15105779189909693,0.21944697841233984,-0.6725966413608725,-0.6506586471853965,-0.62655831935096,0.5849202654881185,0.43380944297317525,0.060974101464652264,-0.31596357808214603,0.1243047844348151,-1.1560502871081872,0.12221959631477962,120000.0
ID_3177,0.5676382377018765,0.6222147155635368,0.2782647963819663,1.3847437555789985,-0.15105779189909693,0.21944697841233984,1.4303813893323656,1.4418094584216736,1.443526517765285,0.5849202654881185,1.1875610551385527,0.060974101464652264,1.414753553583822,1.5609229309834705,-0.2393123950027652,1.567589631739495,170000.0
ID_3178,0.9328951819332859,0.6222147155635368,-0.3810087211999231,-0.6061199692561582,-0.15105779189909693,0.21944697841233984,-0.6725966413608725,-0.6506586471853965,-0.62655831935096,0.5849202654881185,0.43380944297317525,0.060974101464652264,-0.31596357808214603,-1.024989732804109,-0.06871943073271414,-1.0233663696289692,120000.0
ID_3179,0.4625183014140505,0.6222147155635368,-0.3810087211999231,-0.6061199692561582,-0.15105779189909693,0.21944697841233984,-0.6725966413608725,-0.6506586471853965,-0.62655831935096,0.5849202654881185,2.1297505703452746,0.060974101464652264,-0.31596357808214603,0.1243047844348151,-1.1560502871081872,0.1210417192808822,170000.0
ID_3180,0.832186681123353,0.6222147155635368,-0.3810087211999231,-0.6061199692561582,-0.15105779189909693,0.21944697841233984,-0.6725966413608725,-0.6506586471853965,-0.62655831935096,0.5849202654881185,0.24537153993183092,0.060974101464652264,-0.8928692886374687,-0.16301884487491597,-0.08306837165262702,-0.16377469325714383,120000.0
ID_3181,2.817415257326591,0.6222147155635368,-0.3810087211999231,0.05750127235556074,-0.15105779189909693,0.21944697841233984,-0.6725966413608725,-0.6506586471853965,-0.3308319140486392,-1.5114339660212976,-0.3199421691922022,0.060974101464652264,-0.31596357808214603,-0.7376661034943781,-1.0014005905269243,-0.7427156197718,72000.0
ID_3182,-0.34419611298151626,0.6222147155635368,-0.3810087211999231,-0.6061199692561582,-0.15105779189909693,-0.7048561921996358,-0.6725966413608725,-0.6506586471853965,-0.62655831935096,-1.5114339660212976,-0.696817975274891,0.060974101464652264,-0.8928692886374687,-1.5996369914235713,-1.1464843264949127,-1.6048641511684272,64000.0
ID_3183,-0.7036812914440965,0.6222147155635368,-0.3810087211999231,-0.9379305900620176,-0.15105779189909693,-0.7048561921996358,-0.9354688951975273,-0.9122171603862802,-0.62655831935096,0.5849202654881185,-0.13150426615085783,0.060974101464652264,-0.8928692886374687,0.4116284137445462,0.5291531075969093,0.4138734413910395,150000.0
ID_3184,-1.095208581779814,2.455014547181653,4.893179419455191,1.3847437555789985,5.033906973624536,2.068053319636291,1.4303813893323656,1.4418094584216736,1.443526517765285,-1.5114339660212976,-2.752675497455958,4.374089489280064,1.414753553583822,1.5609229309834705,0.48929493837493176,1.55954559345922,9.0
ID_3185,-0.010540687816463355,0.6222147155635368,-0.3810087211999231,-0.6061199692561582,-0.15105779189909693,1.1437501490243154,-0.6725966413608725,-0.6506586471853965,-0.62655831935096,-1.5114339660212976,-0.5083800722335465,-1.3767310278071516,-0.8928692886374687,-1.024989732804109,0.19912746643895535,-1.0306634614975045,87000.0
ID_3186,-0.5980932252990657,0.6222147155635368,-0.3810087211999231,-0.6061199692561582,-0.15105779189909693,1.1437501490243154,-0.6725966413608725,-0.6506586471853965,-0.9222847246532806,0.5849202654881185,0.810685249055864,0.060974101464652264,-0.8928692886374687,0.4116284137445462,0.5291531075969093,0.412350819859416,150000.0
ID_3187,-0.8376104898853053,-1.2105851160545795,-0.3810087211999231,-0.6061199692561582,-0.15105779189909693,-0.7048561921996358,-0.6725966413608725,-0.6506586471853965,-0.3308319140486392,0.5849202654881185,-0.3199421691922022,0.060974101464652264,-0.8928692886374687,1.5609229309834705,-0.2393123950027652,1.5617002465700078,71000.0
ID_3188,-0.5804089315168994,0.6222147155635368,-0.3810087211999231,-0.2743093484502987,-0.15105779189909693,1.1437501490243154,-0.14685213368756297,-0.6506586471853965,-0.62655831935096,0.5849202654881185,0.24537153993183092,0.060974101464652264,-0.8928692886374687,-1.024989732804109,-0.06871943073271414,-1.0265265275247917,120000.0
ID_3189,-0.6543238822644718,0.6222147155635368,-0.3810087211999231,-0.6061199692561582,-0.15105779189909693,1.1437501490243154,-0.6725966413608725,-0.6506586471853965,-0.62655831935096,0.5849202654881185,-0.9606310395327731,0.060974101464652264,-0.8928692886374687,-1.5996369914235713,0.3856636983977981,-1.5988598511663648,94000.0
ID_3190,-0.6302675150142374,0.6222147155635368,-0.3810087211999231,0.05750127235556074,-0.15105779189909693,1.1437501490243154,-0.14685213368756297,-0.6506586471853965,-0.62655831935096,0.5849202654881185,1.752874764262586,0.060974101464652264,-0.31596357808214603,0.6989520430542773,-0.2903308516068944,0.6962479137368391,160000.0
ID_3191,-0.4528462991336738,0.6222147155635368,-0.3810087211999231,-0.6061199692561582,-0.8917670441167587,-0.7048561921996358,-0.6725966413608725,-0.6506586471853965,-0.62655831935096,-1.5114339660212976,-0.5083800722335465,0.060974101464652264,-0.8928692886374687,0.1243047844348151,5.06660709182652,0.11992129966327246,9.0
ID_3192,0.4740122662609459,0.6222147155635368,-0.3810087211999231,-0.2743093484502987,-0.15105779189909693,0.21944697841233984,-0.6725966413608725,-0.3891001339845127,-0.62655831935096,0.5849202654881185,1.752874764262586,0.060974101464652264,-0.31596357808214603,-1.3123133621138403,-0.020889627666346104,-1.3135263218817494,150000.0
ID_3193,-0.7094420423927561,0.6222147155635368,-0.3810087211999231,-0.6061199692561582,-0.15105779189909693,-0.7048561921996358,-0.6725966413608725,-0.6506586471853965,-0.62655831935096,0.5849202654881185,-0.3199421691922022,0.060974101464652264,-0.31596357808214603,0.6989520430542773,-0.2903308516068944,0.698603667804634,120000.0
ID_3194,-0.5004082926256666,0.6222147155635368,-0.3810087211999231,-1.2697412108678772,-0.15105779189909693,-1.6291593628116114,-0.9354688951975273,-0.9122171603862802,-0.62655831935096,-1.5114339660212976,-1.0360062007493107,-1.3767310278071516,-0.31596357808214603,-0.450342474184647,1.559088200292738,-0.45413574646693095,66000.0
ID_3195,-0.7702713867789371,-1.2105851160545795,-0.3810087211999231,-0.6061199692561582,-0.15105779189909693,-1.6291593628116114,-0.6725966413608725,-0.6506586471853965,-0.62655831935096,0.5849202654881185,-0.5083800722335465,0.060974101464652264,-0.8928692886374687,-1.024989732804109,-0.06871943073271414,-1.0240558586244215,140000.0
ID_3196,-0.6302675150142374,0.6222147155635368,-0.3810087211999231,0.05750127235556074,-0.15105779189909693,1.1437501490243154,-0.6725966413608725,-0.3891001339845127,-0.9222847246532806,0.5849202654881185,0.056933636890486534,0.060974101464652264,-0.31596357808214603,0.6989520430542773,-0.2903308516068944,0.6988909548860724,90000.0
ID_3197,-0.5249438045532752,0.6222147155635368,-0.3810087211999231,-1.2697412108678772,-0.15105779189909693,-0.7048561921996358,-0.9354688951975273,-0.9122171603862802,-0.62655831935096,-1.5114339660212976,-0.696817975274891,-1.3767310278071516,-0.31596357808214603,1.5609229309834705,0.48929493837493176,1.5573334829321444,81000.0
ID_3198,-0.5804089315168994,0.6222147155635368,-0.3810087211999231,-0.6061199692561582,-0.15105779189909693,1.1437501490243154,-0.6725966413608725,-0.6506586471853965,-0.9222847246532806,0.5849202654881185,0.24537153993183092,0.060974101464652264,-0.8928692886374687,-1.024989732804109,-0.06871943073271414,-1.0266701710655108,150000.0
ID_3199,0.5676382377018765,-1.2105851160545795,0.2782647963819663,1.3847437555789985,-0.15105779189909693,0.21944697841233984,1.4303813893323656,1.4418094584216736,1.443526517765285,0.5849202654881185,0.9991231520972084,0.060974101464652264,1.414753553583822,1.5609229309834705,-0.2393123950027652,1.5673310733662005,140000.0
ID_3200,0.4625183014140505,0.6222147155635368,-0.3810087211999231,-0.9379305900620176,-0.15105779189909693,0.21944697841233984,-0.9354688951975273,-0.9122171603862802,-0.62655831935096,0.5849202654881185,0.810685249055864,0.060974101464652264,-0.8928692886374687,0.1243047844348151,-1.1560502871081872,0.12710347669923236,100000.0
ID_3201,0.5676382377018765,-1.2105851160545795,0.2782647963819663,1.3847437555789985,-0.15105779189909693,0.21944697841233984,1.4303813893323656,1.4418094584216736,1.443526517765285,0.5849202654881185,1.5644368612212416,0.060974101464652264,1.414753553583822,1.5609229309834705,-0.2393123950027652,1.565090234130981,180000.0
ID_3202,0.5676382377018765,-1.2105851160545795,-0.3810087211999231,-0.6061199692561582,-0.15105779189909693,0.21944697841233984,-0.6725966413608725,-0.6506586471853965,-0.9222847246532806,0.5849202654881185,0.24537153993183092,0.060974101464652264,-0.8928692886374687,1.5609229309834705,-0.2393123950027652,1.5627919374794739,140000.0
ID_3203,2.817415257326591,0.6222147155635368,-0.3810087211999231,0.05750127235556074,-0.15105779189909693,0.21944697841233984,-0.6725966413608725,-0.6506586471853965,-0.62655831935096,-1.5114339660212976,-0.696817975274891,-1.3767310278071516,-0.8928692886374687,-0.7376661034943781,-1.0014005905269243,-0.7434338374753959,48000.0
ID_3204,-0.5812791023102916,-1.2105851160545795,0.2782647963819663,1.3847437555789985,-0.15105779189909693,1.1437501490243154,1.4303813893323656,1.4418094584216736,1.443526517765285,0.5849202654881185,1.752874764262586,0.060974101464652264,1.414753553583822,-0.7376661034943781,0.3617487968646123,-0.7345566666589495,150000.0
ID_3205,0.801703166304203,-1.2105851160545795,0.2782647963819663,1.3847437555789985,-0.15105779189909693,0.21944697841233984,1.4303813893323656,1.4418094584216736,1.443526517765285,0.5849202654881185,0.24537153993183092,0.060974101464652264,1.414753553583822,0.9862756723640083,0.9341121068921712,0.9899989545075993,66000.0
ID_3206,-0.4820520948131594,0.6222147155635368,-0.3810087211999231,-0.9379305900620176,-0.15105779189909693,-1.6291593628116114,-0.9354688951975273,-0.9122171603862802,-0.62655831935096,-1.5114339660212976,-0.696817975274891,-1.3767310278071516,-0.8928692886374687,-0.7376661034943781,-1.0014005905269243,-0.7410780834076011,66000.0
ID_3207,-0.6546157749989641,-1.2105851160545795,0.2782647963819663,1.3847437555789985,-0.15105779189909693,1.1437501490243154,1.4303813893323656,1.4418094584216736,1.443526517765285,0.5849202654881185,0.6222473460145197,0.060974101464652264,1.414753553583822,1.5609229309834705,-0.2393123950027652,1.5647454896332549,220000.0
ID_3208,0.6223158050233801,0.6222147155635368,-0.3810087211999231,-0.6061199692561582,-0.15105779189909693,0.21944697841233984,-0.6725966413608725,-0.6506586471853965,-0.62655831935096,0.5849202654881185,0.24537153993183092,0.060974101464652264,-0.31596357808214603,-1.5996369914235713,0.3856636983977981,-1.6007272171957143,85000.0
ID_3209,-0.3341836414474214,-1.2105851160545795,-0.3810087211999231,-0.6061199692561582,-0.8917670441167587,-0.7048561921996358,-0.6725966413608725,-0.6506586471853965,-0.62655831935096,-1.5114339660212976,-0.696817975274891,-1.3767310278071516,-0.8928692886374687,1.2735993016737392,-0.7128274453598268,1.2678630196748162,9.0
ID_3210,-0.5804089315168994,0.6222147155635368,-0.3810087211999231,-0.2743093484502987,-0.15105779189909693,1.1437501490243154,-0.14685213368756297,-0.3891001339845127,-0.9222847246532806,0.5849202654881185,0.24537153993183092,0.060974101464652264,-0.8928692886374687,-1.024989732804109,-0.06871943073271414,-1.0266127136492231,120000.0
ID_3211,-0.5951963275944817,0.6222147155635368,-0.3810087211999231,-0.6061199692561582,-0.15105779189909693,1.1437501490243154,-0.14685213368756297,-0.6506586471853965,-0.9222847246532806,0.5849202654881185,0.9991231520972084,0.060974101464652264,-0.8928692886374687,0.9862756723640083,0.9341121068921712,0.9843681277114068,210000.0
ID_3212,0.7381696835664046,-1.2105851160545795,0.2782647963819663,1.3847437555789985,-0.15105779189909693,0.21944697841233984,1.4303813893323656,1.4418094584216736,1.443526517765285,0.5849202654881185,-0.3199421691922022,0.060974101464652264,1.414753553583822,0.4116284137445462,0.5291531075969093,0.4171485141194372,100000.0
ID_3213,-0.25707990026077276,0.6222147155635368,-0.3810087211999231,-0.6061199692561582,-0.15105779189909693,-0.7048561921996358,-0.6725966413608725,-0.6506586471853965,-0.62655831935096,-1.5114339660212976,-0.9606310395327731,-1.3767310278071516,-0.8928692886374687,0.4116284137445462,-1.5466603454835397,0.4066625356469358,74000.0
ID_3214,-0.04010446515145836,2.455014547181653,4.893179419455191,1.3847437555789985,5.033906973624536,2.068053319636291,1.4303813893323656,1.4418094584216736,1.443526517765285,-1.5114339660212976,-2.752675497455958,4.374089489280064,1.414753553583822,0.9862756723640083,-2.2290322025637495,0.9839659257973931,9.0
ID_3215,0.7456432390514247,-1.2105851160545795,0.2782647963819663,1.3847437555789985,-0.15105779189909693,0.21944697841233984,1.4303813893323656,1.4418094584216736,1.443526517765285,0.5849202654881185,0.810685249055864,0.060974101464652264,1.414753553583822,1.2735993016737392,0.22623102150989877,1.2783777268554615,140000.0
ID_3216,-0.5980932252990657,0.6222147155635368,-0.3810087211999231,-0.6061199692561582,-0.15105779189909693,1.1437501490243154,-0.6725966413608725,-0.6506586471853965,-0.62655831935096,0.5849202654881185,-0.696817975274891,-1.3767310278071516,-0.31596357808214603,0.4116284137445462,0.5291531075969093,0.409305576796169,100000.0
ID_3217,-0.7104388836180978,0.6222147155635368,-0.3810087211999231,0.05750127235556074,-0.15105779189909693,-0.7048561921996358,-0.6725966413608725,-0.127541620783629,-0.62655831935096,0.5849202654881185,1.9413126673039303,0.060974101464652264,-0.8928692886374687,-0.16301884487491597,-0.08306837165262702,-0.16391833679786305,170000.0
ID_3218,-0.34419611298151626,-1.2105851160545795,0.2782647963819663,1.3847437555789985,-0.15105779189909693,-0.7048561921996358,1.4303813893323656,1.4418094584216736,1.443526517765285,-1.5114339660212976,-0.5083800722335465,0.060974101464652264,1.414753553583822,-1.5996369914235713,-1.1464843264949127,-1.6025083971006322,70000.0
ID_3219,-0.6662088732273852,0.6222147155635368,-0.3810087211999231,-0.2743093484502987,-0.15105779189909693,1.1437501490243154,-0.14685213368756297,-0.6506586471853965,-0.9222847246532806,0.5849202654881185,0.056933636890486534,-1.3767310278071516,-0.8928692886374687,0.1243047844348151,-1.1560502871081872,0.1219897666496289,130000.0
ID_3220,-0.8083661423352263,-1.2105851160545795,0.2782647963819663,1.3847437555789985,-0.15105779189909693,-1.6291593628116114,1.4303813893323656,1.4418094584216736,1.443526517765285,0.5849202654881185,-0.3199421691922022,-1.3767310278071516,1.414753553583822,0.4116284137445462,0.5291531075969093,0.4156833500041014,110000.0
ID_3221,0.6223158050233801,-1.2105851160545795,-0.3810087211999231,-0.6061199692561582,-0.15105779189909693,0.21944697841233984,-0.6725966413608725,-0.6506586471853965,-0.62655831935096,0.5849202654881185,0.43380944297317525,0.060974101464652264,-0.8928692886374687,-1.5996369914235713,0.3856636983977981,-1.598055447338337,110000.0
ID_3222,-0.8221346675471279,0.6222147155635368,-0.3810087211999231,-1.2697412108678772,-0.15105779189909693,-1.6291593628116114,-0.9354688951975273,-0.9122171603862802,-0.62655831935096,0.5849202654881185,-0.696817975274891,-1.3767310278071516,-0.31596357808214603,0.9862756723640083,0.9341121068921712,0.9881603171863936,100000.0
ID_3223,0.7456432390514247,0.6222147155635368,-0.3810087211999231,0.05750127235556074,-0.15105779189909693,0.21944697841233984,-0.6725966413608725,-0.6506586471853965,-0.62655831935096,0.5849202654881185,1.752874764262586,0.060974101464652264,-0.31596357808214603,1.2735993016737392,0.22623102150989877,1.271655209149803,130000.0
ID_3224,-0.8161646350152474,0.6222147155635368,-0.3810087211999231,-0.6061199692561582,-0.15105779189909693,-1.6291593628116114,-0.6725966413608725,-0.6506586471853965,-0.9222847246532806,0.5849202654881185,0.056933636890486534,-1.3767310278071516,-0.31596357808214603,-0.7376661034943781,0.3617487968646123,-0.7369124207267443,110000.0
ID_3225,-0.34569963593465586,0.6222147155635368,-0.3810087211999231,0.05750127235556074,-0.15105779189909693,-0.7048561921996358,-0.6725966413608725,-0.6506586471853965,-0.62655831935096,-1.5114339660212976,-0.9229434589245042,0.060974101464652264,-0.8928692886374687,-0.450342474184647,1.559088200292738,-0.45542853833340374,66000.0
ID_3226,-0.6546157749989641,-1.2105851160545795,-0.3810087211999231,-0.6061199692561582,-0.15105779189909693,1.1437501490243154,-0.14685213368756297,-0.6506586471853965,-0.9222847246532806,0.5849202654881185,1.1875610551385527,0.060974101464652264,-0.31596357808214603,1.5609229309834705,-0.2393123950027652,1.5606947417849735,150000.0
ID_3227,-0.7252097574654258,-1.2105851160545795,0.2782647963819663,1.3847437555789985,-0.15105779189909693,-0.7048561921996358,1.4303813893323656,1.4418094584216736,1.443526517765285,0.5849202654881185,0.43380944297317525,0.060974101464652264,1.414753553583822,0.9862756723640083,0.9341121068921712,0.9901138693401746,140000.0
ID_3228,-0.34569963593465586,0.6222147155635368,-0.3810087211999231,-1.2697412108678772,-0.15105779189909693,-0.7048561921996358,-0.9354688951975273,-0.9122171603862802,-0.62655831935096,-1.5114339660212976,-1.299819265007193,-1.3767310278071516,-0.8928692886374687,-0.450342474184647,1.559088200292738,-0.45404956034249944,49900.0
ID_3229,0.7381696835664046,-1.2105851160545795,0.2782647963819663,1.3847437555789985,-0.15105779189909693,0.21944697841233984,1.4303813893323656,1.4418094584216736,1.443526517765285,0.5849202654881185,0.24537153993183092,0.060974101464652264,1.414753553583822,0.4116284137445462,0.5291531075969093,0.4159131796692521,110000.0
ID_3230,-0.5249438045532752,0.6222147155635368,-0.3810087211999231,-0.6061199692561582,-0.8917670441167587,-0.7048561921996358,-0.6725966413608725,-0.6506586471853965,-0.62655831935096,-1.5114339660212976,-0.5083800722335465,0.060974101464652264,-0.8928692886374687,1.5609229309834705,0.48929493837493176,1.5554373881946508,9.0
ID_3231,-0.5804089315168994,0.6222147155635368,0.2782647963819663,1.3847437555789985,-0.15105779189909693,1.1437501490243154,1.4303813893323656,1.4418094584216736,1.443526517765285,0.5849202654881185,0.24537153993183092,0.060974101464652264,1.414753553583822,-1.024989732804109,-0.06871943073271414,-1.020924429436743,140000.0
ID_3232,-0.7860225796213525,0.6222147155635368,-0.3810087211999231,-0.6061199692561582,-0.15105779189909693,2.068053319636291,-0.6725966413608725,-0.6506586471853965,-0.3308319140486392,2.6812744969975344,-0.5083800722335465,0.060974101464652264,-0.8928692886374687,-0.16301884487491597,-0.08306837165262702,-0.16233825784995187,110000.0
ID_3233,-0.5004082926256666,-1.2105851160545795,-0.3810087211999231,-0.6061199692561582,-0.15105779189909693,-1.6291593628116114,-0.6725966413608725,-0.6506586471853965,-0.62655831935096,-1.5114339660212976,-0.5083800722335465,0.060974101464652264,-0.8928692886374687,-0.450342474184647,1.559088200292738,-0.4544517622565132,77000.0
ID_3234,0.7381696835664046,-1.2105851160545795,0.2782647963819663,1.3847437555789985,-0.15105779189909693,0.21944697841233984,1.4303813893323656,1.4418094584216736,1.443526517765285,0.5849202654881185,0.24537153993183092,0.060974101464652264,1.414753553583822,0.4116284137445462,0.5291531075969093,0.4153098767982315,130000.0
ID_3235,-0.27060059201886,-1.2105851160545795,-0.3810087211999231,-0.6061199692561582,-0.15105779189909693,-0.7048561921996358,-0.6725966413608725,-0.6506586471853965,-0.62655831935096,-1.5114339660212976,-1.0360062007493107,-1.3767310278071516,-0.8928692886374687,-0.16301884487491597,0.46538003684174956,-0.16805527077057594,49900.0
ID_3236,-0.05228134884886409,0.6222147155635368,-0.3810087211999231,-0.6061199692561582,-0.15105779189909693,-0.7048561921996358,-0.6725966413608725,-0.6506586471853965,-0.62655831935096,-1.5114339660212976,-0.696817975274891,0.060974101464652264,-0.8928692886374687,1.2735993016737392,-0.7128274453598268,1.2685237799621245,81000.0
ID_3237,-0.5980932252990657,0.6222147155635368,-0.3810087211999231,-0.9379305900620176,-0.15105779189909693,1.1437501490243154,-0.9354688951975273,-0.9122171603862802,-0.62655831935096,0.5849202654881185,0.43380944297317525,0.060974101464652264,-0.8928692886374687,0.4116284137445462,0.5291531075969093,0.4135286968933134,140000.0
ID_3238,2.2855536506210883,0.6222147155635368,-0.3810087211999231,-1.2697412108678772,-0.15105779189909693,0.21944697841233984,-0.9354688951975273,-0.9122171603862802,-0.62655831935096,-1.5114339660212976,-1.1867565231823862,-1.3767310278071516,-0.8928692886374687,1.5609229309834705,0.48929493837493176,1.556845094893699,69000.0
ID_3239,-0.30013683230343124,-1.2105851160545795,-0.3810087211999231,-1.2697412108678772,-0.15105779189909693,-0.7048561921996358,-0.9354688951975273,-0.9122171603862802,-0.62655831935096,-1.5114339660212976,-0.5083800722335465,0.060974101464652264,-0.8928692886374687,0.9862756723640083,-2.2290322025637495,0.9824145755576257,63000.0
ID_3240,-0.27060059201886,0.6222147155635368,-0.3810087211999231,-0.6061199692561582,-0.15105779189909693,-0.7048561921996358,-0.6725966413608725,-0.6506586471853965,-0.9222847246532806,-1.5114339660212976,-0.3199421691922022,-1.3767310278071516,-0.8928692886374687,-0.16301884487491597,0.46538003684174956,-0.16825637172758282,79000.0
ID_3241,-0.8175414875364376,2.455014547181653,4.893179419455191,1.3847437555789985,5.033906973624536,2.068053319636291,1.4303813893323656,1.4418094584216736,1.443526517765285,0.5849202654881185,-2.752675497455958,4.374089489280064,1.414753553583822,0.6989520430542773,-0.2903308516068944,0.7045505103904088,9.0
ID_3242,0.5676382377018765,-1.2105851160545795,0.2782647963819663,1.3847437555789985,-0.15105779189909693,0.21944697841233984,1.4303813893323656,1.4418094584216736,1.443526517765285,0.5849202654881185,0.43380944297317525,0.060974101464652264,1.414753553583822,1.5609229309834705,-0.2393123950027652,1.5656935370020015,140000.0
ID_3243,-0.8478322430026209,0.6222147155635368,-0.3810087211999231,-0.6061199692561582,-0.15105779189909693,-1.6291593628116114,-0.6725966413608725,-0.6506586471853965,-0.62655831935096,0.5849202654881185,0.24537153993183092,0.060974101464652264,-0.31596357808214603,-1.3123133621138403,-0.020889627666346104,-1.3117738706849753,120000.0
ID_3244,0.6223158050233801,0.6222147155635368,-0.3810087211999231,-0.6061199692561582,-0.15105779189909693,0.21944697841233984,-0.6725966413608725,-0.3891001339845127,-0.62655831935096,0.5849202654881185,0.6222473460145197,0.060974101464652264,-0.31596357808214603,-1.5996369914235713,0.3856636983977981,-1.5977968889650427,130000.0
ID_3245,-0.6302675150142374,-1.2105851160545795,-0.3810087211999231,0.05750127235556074,-0.15105779189909693,1.1437501490243154,-0.14685213368756297,-0.127541620783629,-0.62655831935096,0.5849202654881185,-0.5083800722335465,0.060974101464652264,-0.8928692886374687,0.6989520430542773,-0.2903308516068944,0.6966788443589967,140000.0
ID_3246,2.6415691607302696,0.6222147155635368,-0.3810087211999231,-0.6061199692561582,-0.15105779189909693,0.21944697841233984,-0.6725966413608725,-0.6506586471853965,-0.62655831935096,-1.5114339660212976,-0.5083800722335465,0.060974101464652264,-0.8928692886374687,1.2735993016737392,-0.7128274453598268,1.267690647425953,110000.0
ID_3247,-0.7479939129860804,0.6222147155635368,-0.3810087211999231,-0.6061199692561582,-0.15105779189909693,-0.7048561921996358,-0.6725966413608725,-0.6506586471853965,-0.62655831935096,0.5849202654881185,0.056933636890486534,0.060974101464652264,-0.8928692886374687,-0.450342474184647,-0.47686708356573715,-0.45100431727925244,120000.0
ID_3248,-0.8376104898853053,-1.2105851160545795,0.2782647963819663,1.3847437555789985,-0.15105779189909693,-0.7048561921996358,1.4303813893323656,1.4418094584216736,1.443526517765285,0.5849202654881185,0.810685249055864,0.060974101464652264,1.414753553583822,1.5609229309834705,-0.2393123950027652,1.5675321743232074,98000.0
ID_3249,0.832186681123353,-1.2105851160545795,0.2782647963819663,1.3847437555789985,-0.15105779189909693,0.21944697841233984,1.4303813893323656,1.4418094584216736,1.443526517765285,0.5849202654881185,-0.3199421691922022,0.060974101464652264,1.414753553583822,-0.16301884487491597,-0.08306837165262702,-0.15860352579125273,66000.0
ID_3250,-0.6082378746751949,-1.2105851160545795,0.2782647963819663,1.3847437555789985,-0.15105779189909693,1.1437501490243154,1.4303813893323656,1.4418094584216736,1.443526517765285,0.5849202654881185,0.056933636890486534,0.060974101464652264,1.414753553583822,-0.450342474184647,-0.47686708356573715,-0.4464939101006696,120000.0
ID_3251,-0.5980932252990657,0.6222147155635368,-0.3810087211999231,-0.2743093484502987,-0.15105779189909693,1.1437501490243154,-0.14685213368756297,-0.6506586471853965,-0.62655831935096,0.5849202654881185,-0.5083800722335465,-1.3767310278071516,-0.31596357808214603,0.4116284137445462,0.5291531075969093,0.40973650741832657,120000.0
ID_3252,-0.17170402912681357,-1.2105851160545795,0.2782647963819663,1.3847437555789985,-0.15105779189909693,1.1437501490243154,1.4303813893323656,1.4418094584216736,1.443526517765285,-1.5114339660212976,-1.299819265007193,-1.3767310278071516,1.414753553583822,-1.3123133621138403,-0.10220029287917282,-1.3156522462843936,49500.0
ID_3253,-0.8253454876265434,0.6222147155635368,-0.3810087211999231,-0.6061199692561582,-0.15105779189909693,-1.6291593628116114,-0.6725966413608725,-0.127541620783629,-0.62655831935096,0.5849202654881185,0.24537153993183092,0.060974101464652264,-0.8928692886374687,-0.450342474184647,-0.47686708356573715,-0.449826440245355,100000.0
ID_3254,0.631562746555693,0.6222147155635368,-0.3810087211999231,-0.2743093484502987,-0.15105779189909693,0.21944697841233984,-0.6725966413608725,-0.127541620783629,-0.9222847246532806,0.5849202654881185,0.24537153993183092,0.060974101464652264,-0.31596357808214603,-0.450342474184647,-0.47686708356573715,-0.4529578694330335,120000.0
ID_3255,-0.46644409463294784,0.6222147155635368,-0.3810087211999231,-1.2697412108678772,-0.15105779189909693,-1.6291593628116114,-0.9354688951975273,-0.9122171603862802,-0.62655831935096,-1.5114339660212976,-1.0360062007493107,-1.3767310278071516,-0.8928692886374687,0.4116284137445462,-1.5466603454835397,0.407869141388977,75000.0
ID_3256,-0.8083661423352263,-1.2105851160545795,0.2782647963819663,1.3847437555789985,-0.15105779189909693,-1.6291593628116114,1.4303813893323656,1.4418094584216736,1.443526517765285,0.5849202654881185,0.24537153993183092,0.060974101464652264,1.414753553583822,0.4116284137445462,0.5291531075969093,0.4167175834972796,92000.0
ID_3257,-0.6543238822644718,-1.2105851160545795,-0.3810087211999231,-0.2743093484502987,-0.15105779189909693,1.1437501490243154,-0.14685213368756297,-0.6506586471853965,-0.62655831935096,0.5849202654881185,-0.13150426615085783,0.060974101464652264,-0.8928692886374687,-1.5996369914235713,0.3856636983977981,-1.601129419109728,140000.0
ID_3258,-0.8253454876265434,-1.2105851160545795,0.2782647963819663,1.3847437555789985,-0.15105779189909693,-1.6291593628116114,1.4303813893323656,1.4418094584216736,1.443526517765285,0.5849202654881185,1.1875610551385527,0.060974101464652264,1.414753553583822,-0.450342474184647,-0.47686708356573715,-0.44571823498078594,140000.0
ID_3259,-0.5812791023102916,-1.2105851160545795,-0.3810087211999231,0.05750127235556074,-0.15105779189909693,1.1437501490243154,-0.14685213368756297,-0.6506586471853965,-0.62655831935096,0.5849202654881185,-0.5083800722335465,0.060974101464652264,-0.8928692886374687,-0.7376661034943781,0.3617487968646123,-0.7390958025456762,130000.0
ID_3260,-0.8015644908805469,-1.2105851160545795,0.2782647963819663,1.3847437555789985,-0.15105779189909693,-0.7048561921996358,1.4303813893323656,1.4418094584216736,1.443526517765285,0.5849202654881185,0.6222473460145197,0.060974101464652264,1.414753553583822,0.1243047844348151,-1.1560502871081872,0.12928685851816418,140000.0
ID_3261,-0.8478322430026209,0.6222147155635368,-0.3810087211999231,-0.6061199692561582,-0.15105779189909693,-1.6291593628116114,-0.6725966413608725,-0.6506586471853965,-0.62655831935096,0.5849202654881185,0.056933636890486534,0.060974101464652264,-0.8928692886374687,-1.3123133621138403,-0.020889627666346104,-1.310739637191797,78000.0
ID_3262,-0.7479939129860804,-1.2105851160545795,-0.3810087211999231,-0.6061199692561582,-0.15105779189909693,-0.7048561921996358,-0.6725966413608725,-0.6506586471853965,-0.3308319140486392,0.5849202654881185,0.056933636890486534,0.060974101464652264,-0.8928692886374687,-0.450342474184647,-0.47686708356573715,-0.4512341469444031,88000.0
ID_3263,-0.4528462991336738,-1.2105851160545795,0.2782647963819663,1.3847437555789985,-0.15105779189909693,-0.7048561921996358,1.4303813893323656,1.4418094584216736,1.443526517765285,-1.5114339660212976,-0.5083800722335465,0.060974101464652264,1.414753553583822,0.1243047844348151,5.06660709182652,0.12066824607501228,83000.0
ID_3264,0.751150649136185,0.6222147155635368,-0.3810087211999231,-0.6061199692561582,-0.15105779189909693,0.21944697841233984,-0.6725966413608725,-0.6506586471853965,-0.62655831935096,0.5849202654881185,1.752874764262586,0.060974101464652264,-0.8928692886374687,0.6989520430542773,-0.2903308516068944,0.6974832481870242,180000.0
ID_3265,-0.7422331620374208,0.6222147155635368,-0.3810087211999231,-0.6061199692561582,-0.15105779189909693,-0.7048561921996358,-0.6725966413608725,-0.6506586471853965,-0.62655831935096,0.5849202654881185,1.9413126673039303,0.060974101464652264,-0.8928692886374687,1.2735993016737392,0.22623102150989877,1.2740396919257417,210000.0
ID_3266,0.9328951819332859,-1.2105851160545795,0.2782647963819663,1.3847437555789985,-0.8917670441167587,0.21944697841233984,1.4303813893323656,1.4418094584216736,1.443526517765285,0.5849202654881185,2.1297505703452746,0.060974101464652264,1.414753553583822,-1.024989732804109,-0.06871943073271414,-1.0211255303937499,9.0
ID_3267,-0.2685958947480072,-1.2105851160545795,-0.3810087211999231,0.05750127235556074,-0.15105779189909693,-0.7048561921996358,-0.6725966413608725,-0.3891001339845127,-0.62655831935096,-1.5114339660212976,-0.5083800722335465,0.060974101464652264,-0.8928692886374687,0.6989520430542773,0.5769829106632773,0.6938921596690443,66000.0
ID_3268,0.4740122662609459,0.6222147155635368,-0.3810087211999231,-0.6061199692561582,-0.15105779189909693,0.21944697841233984,-0.6725966413608725,-0.6506586471853965,-0.9222847246532806,0.5849202654881185,2.1297505703452746,0.060974101464652264,-0.8928692886374687,-1.3123133621138403,-0.020889627666346104,-1.3122048013071328,160000.0
ID_3269,-0.7094420423927561,-1.2105851160545795,0.2782647963819663,1.3847437555789985,-0.15105779189909693,-0.7048561921996358,1.4303813893323656,1.4418094584216736,1.443526517765285,0.5849202654881185,0.6222473460145197,0.060974101464652264,1.414753553583822,0.6989520430542773,-0.2903308516068944,0.7027980591936346,140000.0
ID_3270,-0.6082378746751949,-1.2105851160545795,0.2782647963819663,1.3847437555789985,-0.8917670441167587,1.1437501490243154,1.4303813893323656,1.4418094584216736,1.443526517765285,0.5849202654881185,0.43380944297317525,0.060974101464652264,1.414753553583822,-0.450342474184647,-0.47686708356573715,-0.4473270426368409,9.0
ID_3271,-0.7472393978044682,-1.2105851160545795,-0.3810087211999231,-0.6061199692561582,-0.15105779189909693,-0.7048561921996358,-0.6725966413608725,-0.6506586471853965,-0.62655831935096,0.5849202654881185,1.9413126673039303,0.060974101464652264,-0.31596357808214603,-1.5996369914235713,0.3856636983977981,-1.5996642549943922,130000.0
ID_3272,2.6266220497602295,-1.2105851160545795,0.2782647963819663,1.3847437555789985,-0.15105779189909693,0.21944697841233984,1.4303813893323656,1.4418094584216736,1.443526517765285,-1.5114339660212976,-0.696817975274891,0.060974101464652264,1.414753553583822,0.4116284137445462,-1.5466603454835397,0.4084437155518538,80000.0
ID_3273,-0.7104388836180978,0.6222147155635368,-0.3810087211999231,-1.2697412108678772,-0.15105779189909693,-0.7048561921996358,-0.9354688951975273,-0.9122171603862802,-0.62655831935096,0.5849202654881185,-0.696817975274891,-1.3767310278071516,-0.31596357808214603,-0.16301884487491597,-0.08306837165262702,-0.1602697908635954,100000.0
ID_3274,-0.6012820157381421,-1.2105851160545795,0.2782647963819663,1.3847437555789985,-0.15105779189909693,1.1437501490243154,1.4303813893323656,1.4418094584216736,1.443526517765285,0.5849202654881185,0.43380944297317525,0.060974101464652264,1.414753553583822,1.2735993016737392,0.22623102150989877,1.2771136636971325,140000.0
ID_3275,0.4740122662609459,-1.2105851160545795,0.2782647963819663,1.3847437555789985,-0.15105779189909693,0.21944697841233984,1.4303813893323656,1.4418094584216736,1.443526517765285,0.5849202654881185,0.24537153993183092,0.060974101464652264,1.414753553583822,-1.3123133621138403,-0.020889627666346104,-1.3076656654204062,100000.0
ID_3276,-0.5249438045532752,-1.2105851160545795,-0.3810087211999231,-0.6061199692561582,-0.15105779189909693,-0.7048561921996358,-0.6725966413608725,-0.6506586471853965,-0.62655831935096,-1.5114339660212976,-0.696817975274891,0.060974101464652264,-0.8928692886374687,1.5609229309834705,0.48929493837493176,1.5553512020702194,89000.0
ID_3277,-0.6012820157381421,0.6222147155635368,-0.3810087211999231,-0.2743093484502987,-0.15105779189909693,1.1437501490243154,-0.6725966413608725,-0.6506586471853965,-0.62655831935096,0.5849202654881185,-0.5083800722335465,0.060974101464652264,-0.8928692886374687,1.2735993016737392,0.22623102150989877,1.272201054604536,74000.0
ID_3278,-0.2685958947480072,0.6222147155635368,-0.3810087211999231,-0.6061199692561582,-0.15105779189909693,-0.7048561921996358,-0.6725966413608725,-0.6506586471853965,-0.9222847246532806,-1.5114339660212976,-0.696817975274891,0.060974101464652264,-0.8928692886374687,0.6989520430542773,0.5769829106632773,0.6934037716305991,80000.0
ID_3279,-0.7472393978044682,0.6222147155635368,-0.3810087211999231,-0.6061199692561582,-0.15105779189909693,-0.7048561921996358,-0.6725966413608725,-0.6506586471853965,-0.62655831935096,0.5849202654881185,-0.5083800722335465,-1.3767310278071516,-0.31596357808214603,-1.5996369914235713,0.3856636983977981,-1.5995206114536729,120000.0
ID_3280,-0.6302675150142374,0.6222147155635368,-0.3810087211999231,-1.2697412108678772,-0.15105779189909693,1.1437501490243154,-0.9354688951975273,-0.9122171603862802,-0.9222847246532806,0.5849202654881185,-0.696817975274891,0.060974101464652264,-0.8928692886374687,0.6989520430542773,-0.2903308516068944,0.7007295922072782,100000.0
ID_3281,0.631562746555693,0.6222147155635368,-0.3810087211999231,-0.6061199692561582,-0.15105779189909693,0.21944697841233984,-0.6725966413608725,-0.3891001339845127,-0.62655831935096,0.5849202654881185,0.9991231520972084,0.060974101464652264,-0.31596357808214603,-0.450342474184647,-0.47686708356573715,-0.45298659814117737,100000.0
ID_3282,-0.8275704813007867,-1.2105851160545795,0.2782647963819663,1.3847437555789985,-0.15105779189909693,2.068053319636291,1.4303813893323656,1.4418094584216736,1.443526517765285,2.6812744969975344,-0.5083800722335465,0.060974101464652264,1.414753553583822,0.1243047844348151,-1.1560502871081872,0.12831008244127362,120000.0
ID_3283,2.4134026683287213,-1.2105851160545795,0.2782647963819663,1.3847437555789985,-0.15105779189909693,0.21944697841233984,1.4303813893323656,1.4418094584216736,1.443526517765285,-1.5114339660212976,-0.3199421691922022,0.060974101464652264,1.414753553583822,-0.450342474184647,1.559088200292738,-0.4537335445529172,80000.0
ID_3284,-0.8175414875364376,0.6222147155635368,-0.3810087211999231,-0.6061199692561582,-0.15105779189909693,-1.6291593628116114,-0.6725966413608725,-0.6506586471853965,-0.62655831935096,0.5849202654881185,-0.696817975274891,0.060974101464652264,-0.8928692886374687,0.6989520430542773,-0.2903308516068944,0.6996953587140999,98000.0
ID_3285,-0.010540687816463355,0.6222147155635368,-0.3810087211999231,-0.6061199692561582,-0.15105779189909693,1.1437501490243154,-0.6725966413608725,-0.6506586471853965,-0.9222847246532806,-1.5114339660212976,-0.5083800722335465,-1.3767310278071516,-0.31596357808214603,-1.024989732804109,0.19912746643895535,-1.0295430418798948,71000.0
ID_3286,0.5676382377018765,0.6222147155635368,-0.3810087211999231,-0.6061199692561582,-0.15105779189909693,0.21944697841233984,-0.6725966413608725,-0.6506586471853965,-0.9222847246532806,0.5849202654881185,0.9991231520972084,0.060974101464652264,-0.31596357808214603,1.5609229309834705,-0.2393123950027652,1.5622748207328847,110000.0
ID_3287,-0.05228134884886409,-1.2105851160545795,-0.3810087211999231,-0.6061199692561582,-0.15105779189909693,1.1437501490243154,-0.6725966413608725,-0.6506586471853965,-0.9222847246532806,-1.5114339660212976,-0.5083800722335465,0.060974101464652264,-0.8928692886374687,1.2735993016737392,-0.7128274453598268,1.2687248809191314,86000.0
ID_3288,-0.603887020708234,0.6222147155635368,-0.3810087211999231,-0.6061199692561582,-0.15105779189909693,1.1437501490243154,-0.14685213368756297,-0.3891001339845127,-0.62655831935096,0.5849202654881185,-0.696817975274891,-1.3767310278071516,-0.8928692886374687,-0.16301884487491597,-0.08306837165262702,-0.16506748512361663,100000.0
ID_3289,-0.8478322430026209,0.6222147155635368,-0.3810087211999231,-1.2697412108678772,-0.15105779189909693,-1.6291593628116114,-0.9354688951975273,-0.9122171603862802,-0.62655831935096,0.5849202654881185,0.43380944297317525,0.060974101464652264,-0.8928692886374687,-1.3123133621138403,-0.020889627666346104,-1.3096192175741872,130000.0
ID_3290,0.5676382377018765,-1.2105851160545795,0.2782647963819663,1.3847437555789985,-0.15105779189909693,0.21944697841233984,1.4303813893323656,1.4418094584216736,1.443526517765285,0.5849202654881185,1.9413126673039303,0.060974101464652264,1.414753553583822,1.5609229309834705,-0.2393123950027652,1.5662393824567344,210000.0
ID_3291,0.7381696835664046,0.6222147155635368,-0.3810087211999231,0.05750127235556074,-0.15105779189909693,0.21944697841233984,-0.6725966413608725,-0.6506586471853965,-0.62655831935096,0.5849202654881185,0.24537153993183092,0.060974101464652264,-0.8928692886374687,0.4116284137445462,0.5291531075969093,0.4103972677056349,130000.0
ID_3292,2.753683507825741,-1.2105851160545795,-0.3810087211999231,0.05750127235556074,-0.15105779189909693,-0.7048561921996358,-0.6725966413608725,-0.6506586471853965,-0.62655831935096,-1.5114339660212976,-0.5083800722335465,0.060974101464652264,-0.8928692886374687,0.9862756723640083,-2.2290322025637495,0.981638900437742,85000.0
ID_3293,-0.5004082926256666,0.6222147155635368,-0.3810087211999231,-0.6061199692561582,-0.15105779189909693,-1.6291593628116114,-0.6725966413608725,-0.6506586471853965,-0.62655831935096,-1.5114339660212976,-0.9794748298369075,-1.3767310278071516,-0.31596357808214603,-0.450342474184647,1.559088200292738,-0.4557732828311298,74000.0
ID_3294,-0.7094420423927561,-1.2105851160545795,-0.3810087211999231,0.05750127235556074,-0.15105779189909693,-0.7048561921996358,-0.6725966413608725,-0.6506586471853965,-0.62655831935096,0.5849202654881185,-0.696817975274891,0.060974101464652264,-0.8928692886374687,0.6989520430542773,-0.2903308516068944,0.6992069706756546,110000.0
ID_3295,0.751150649136185,-1.2105851160545795,0.2782647963819663,1.3847437555789985,-0.15105779189909693,0.21944697841233984,1.4303813893323656,1.4418094584216736,1.443526517765285,0.5849202654881185,0.9991231520972084,0.060974101464652264,1.414753553583822,0.6989520430542773,-0.2903308516068944,0.7027693304854907,150000.0
ID_3296,-0.4820520948131594,0.6222147155635368,-0.3810087211999231,-1.2697412108678772,-0.15105779189909693,-1.6291593628116114,-0.9354688951975273,-0.9122171603862802,-0.62655831935096,-1.5114339660212976,-1.1867565231823862,-1.3767310278071516,-0.8928692886374687,-0.7376661034943781,-1.0014005905269243,-0.7413366417808956,74000.0
ID_3297,-0.6546157749989641,0.6222147155635368,-0.3810087211999231,-0.6061199692561582,-0.15105779189909693,1.1437501490243154,-0.14685213368756297,-0.6506586471853965,-0.62655831935096,0.5849202654881185,-0.5083800722335465,0.060974101464652264,-0.8928692886374687,1.5609229309834705,-0.2393123950027652,1.5600339814976651,190000.0
ID_3298,-0.8253454876265434,-1.2105851160545795,-0.3810087211999231,-0.6061199692561582,-0.15105779189909693,-1.6291593628116114,-0.6725966413608725,-0.6506586471853965,-0.62655831935096,0.5849202654881185,0.43380944297317525,0.060974101464652264,-0.8928692886374687,-0.450342474184647,-0.47686708356573715,-0.44953915316391657,120000.0
ID_3299,-0.49398114505675095,-1.2105851160545795,0.2782647963819663,1.3847437555789985,-0.15105779189909693,-1.6291593628116114,1.4303813893323656,1.4418094584216736,1.443526517765285,-1.5114339660212976,-0.5083800722335465,0.060974101464652264,1.414753553583822,0.9862756723640083,-2.2290322025637495,0.9835637238833793,92000.0
ID_3300,-0.2685958947480072,0.6222147155635368,-0.3810087211999231,-1.2697412108678772,-0.15105779189909693,-0.7048561921996358,-0.9354688951975273,-0.9122171603862802,-0.62655831935096,-1.5114339660212976,-0.5083800722335465,0.060974101464652264,-0.31596357808214603,0.6989520430542773,0.5769829106632773,0.6948114783296472,85000.0
ID_3301,0.5676382377018765,-1.2105851160545795,0.2782647963819663,1.3847437555789985,-0.15105779189909693,0.21944697841233984,1.4303813893323656,1.4418094584216736,1.443526517765285,0.5849202654881185,0.24537153993183092,0.060974101464652264,1.414753553583822,1.5609229309834705,-0.2393123950027652,1.567244887241769,210000.0
ID_3302,-0.30013683230343124,-1.2105851160545795,0.2782647963819663,1.3847437555789985,-0.15105779189909693,-0.7048561921996358,1.4303813893323656,1.4418094584216736,1.443526517765285,-1.5114339660212976,-0.9040996686203697,-1.3767310278071516,1.414753553583822,0.9862756723640083,-2.2290322025637495,0.9829891497205024,76000.0
ID_3303,-0.6302675150142374,0.6222147155635368,-0.3810087211999231,0.05750127235556074,-0.15105779189909693,1.1437501490243154,-0.6725966413608725,-0.6506586471853965,-0.62655831935096,0.5849202654881185,0.810685249055864,0.060974101464652264,-0.31596357808214603,0.6989520430542773,-0.2903308516068944,0.6988622261779286,150000.0
ID_3304,-0.7479939129860804,-1.2105851160545795,0.2782647963819663,1.3847437555789985,-0.15105779189909693,-0.7048561921996358,1.4303813893323656,1.4418094584216736,1.443526517765285,0.5849202654881185,1.375998958179897,0.060974101464652264,1.414753553583822,-0.450342474184647,-0.47686708356573715,-0.44537349048305985,150000.0
ID_3305,0.4740122662609459,0.6222147155635368,-0.3810087211999231,-0.6061199692561582,-0.15105779189909693,0.21944697841233984,-0.6725966413608725,-0.6506586471853965,-0.62655831935096,0.5849202654881185,1.1875610551385527,0.060974101464652264,-0.31596357808214603,-1.3123133621138403,-0.020889627666346104,-1.3106247223592218,160000.0
ID_3306,-0.6546157749989641,-1.2105851160545795,-0.3810087211999231,-1.2697412108678772,-0.15105779189909693,1.1437501490243154,-0.9354688951975273,-0.9122171603862802,-0.62655831935096,0.5849202654881185,0.056933636890486534,0.060974101464652264,-0.31596357808214603,1.5609229309834705,-0.2393123950027652,1.563481426474926,110000.0
ID_3307,2.753683507825741,-1.2105851160545795,0.2782647963819663,1.3847437555789985,-0.15105779189909693,0.21944697841233984,1.4303813893323656,1.4418094584216736,1.443526517765285,-1.5114339660212976,-0.5083800722335465,0.060974101464652264,1.414753553583822,0.9862756723640083,-2.2290322025637495,0.9831327932612217,85000.0
ID_3308,-0.7842822380345682,-1.2105851160545795,0.2782647963819663,1.3847437555789985,-0.15105779189909693,2.068053319636291,1.4303813893323656,1.4418094584216736,1.443526517765285,2.6812744969975344,0.810685249055864,0.060974101464652264,1.414753553583822,1.2735993016737392,0.22623102150989877,1.2778031526925846,320000.0
ID_3309,-0.6546157749989641,0.6222147155635368,-0.3810087211999231,0.05750127235556074,-0.15105779189909693,1.1437501490243154,-0.6725966413608725,-0.6506586471853965,-0.62655831935096,0.5849202654881185,0.9991231520972084,0.060974101464652264,-0.8928692886374687,1.5609229309834705,-0.2393123950027652,1.5624759216898916,160000.0
ID_3310,0.4740122662609459,0.6222147155635368,-0.3810087211999231,-1.2697412108678772,-0.15105779189909693,0.21944697841233984,-0.9354688951975273,-0.9122171603862802,-0.9222847246532806,0.5849202654881185,1.752874764262586,0.060974101464652264,-0.8928692886374687,-1.3123133621138403,-0.020889627666346104,-1.3093032017846051,160000.0
ID_3311,2.817415257326591,0.6222147155635368,-0.3810087211999231,-0.6061199692561582,-0.15105779189909693,0.21944697841233984,-0.6725966413608725,-0.6506586471853965,-0.62655831935096,-1.5114339660212976,-0.3199421691922022,0.060974101464652264,-0.31596357808214603,-0.7376661034943781,-1.0014005905269243,-0.7415952001541902,78000.0
ID_3312,0.4625183014140505,0.6222147155635368,-0.3810087211999231,-0.6061199692561582,-0.15105779189909693,0.21944697841233984,-0.6725966413608725,-0.6506586471853965,-0.9222847246532806,0.5849202654881185,0.24537153993183092,0.060974101464652264,-0.31596357808214603,0.1243047844348151,-1.1560502871081872,0.125379754210602,130000.0
ID_3313,-0.5951963275944817,-1.2105851160545795,0.2782647963819663,1.3847437555789985,-0.15105779189909693,1.1437501490243154,1.4303813893323656,1.4418094584216736,1.443526517765285,0.5849202654881185,0.056933636890486534,0.060974101464652264,1.414753553583822,0.9862756723640083,0.9341121068921712,0.9912055602496406,140000.0
ID_3314,-0.32767388272723436,-1.2105851160545795,-0.3810087211999231,-1.2697412108678772,-0.15105779189909693,-0.7048561921996358,-0.9354688951975273,-0.9122171603862802,-0.3308319140486392,-1.5114339660212976,-0.8852558783162353,0.060974101464652264,-0.31596357808214603,-0.7376661034943781,-1.0014005905269243,-0.740905711158738,65000.0
ID_3315,-0.603887020708234,-1.2105851160545795,-0.3810087211999231,0.05750127235556074,-0.15105779189909693,1.1437501490243154,-0.14685213368756297,-0.6506586471853965,-0.62655831935096,0.5849202654881185,-0.3199421691922022,0.060974101464652264,-0.31596357808214603,-0.16301884487491597,-0.08306837165262702,-0.16285537459654098,110000.0
ID_3316,-0.2685958947480072,0.6222147155635368,-0.3810087211999231,-1.2697412108678772,-0.15105779189909693,-0.7048561921996358,-0.9354688951975273,-0.9122171603862802,-0.9222847246532806,-1.5114339660212976,-0.696817975274891,0.060974101464652264,-0.8928692886374687,0.6989520430542773,0.5769829106632773,0.6947540209133595,80000.0
ID_3317,-0.27060059201886,-1.2105851160545795,-0.3810087211999231,-0.6061199692561582,-0.8917670441167587,0.21944697841233984,-0.6725966413608725,-0.6506586471853965,-0.62655831935096,-1.5114339660212976,-1.0736937813575798,0.060974101464652264,-0.8928692886374687,-0.16301884487491597,0.46538003684174956,-0.16857238751716505,9.0
ID_3318,0.833563533644543,-1.2105851160545795,0.2782647963819663,1.3847437555789985,-0.15105779189909693,0.21944697841233984,1.4303813893323656,1.4418094584216736,1.443526517765285,0.5849202654881185,1.752874764262586,0.060974101464652264,1.414753553583822,-0.7376661034943781,0.3617487968646123,-0.7344992092426619,160000.0
ID_3319,-0.34569963593465586,0.6222147155635368,-0.3810087211999231,-0.6061199692561582,-0.15105779189909693,-0.7048561921996358,-0.6725966413608725,-0.6506586471853965,-0.62655831935096,-1.5114339660212976,-1.0736937813575798,-1.3767310278071516,-0.8928692886374687,-0.450342474184647,1.559088200292738,-0.45499760771124614,79000.0
ID_3320,0.5676382377018765,0.6222147155635368,0.2782647963819663,1.3847437555789985,-0.15105779189909693,0.21944697841233984,1.4303813893323656,1.4418094584216736,1.443526517765285,0.5849202654881185,0.43380944297317525,0.060974101464652264,1.414753553583822,1.5609229309834705,-0.2393123950027652,1.5658659092508647,180000.0
ID_3321,-0.6546157749989641,-1.2105851160545795,0.2782647963819663,1.3847437555789985,-0.15105779189909693,1.1437501490243154,1.4303813893323656,1.4418094584216736,1.443526517765285,0.5849202654881185,0.24537153993183092,0.060974101464652264,1.414753553583822,1.5609229309834705,-0.2393123950027652,1.5664117547055976,120000.0
ID_3322,0.751150649136185,-1.2105851160545795,0.2782647963819663,1.3847437555789985,-0.15105779189909693,0.21944697841233984,1.4303813893323656,1.4418094584216736,1.443526517765285,0.5849202654881185,0.810685249055864,0.060974101464652264,1.414753553583822,0.6989520430542773,-0.2903308516068944,0.7040908510601074,210000.0
ID_3323,-0.6662088732273852,0.6222147155635368,-0.3810087211999231,-0.9379305900620176,-0.15105779189909693,1.1437501490243154,-0.9354688951975273,-0.9122171603862802,-0.62655831935096,0.5849202654881185,0.056933636890486534,0.060974101464652264,-0.8928692886374687,0.1243047844348151,-1.1560502871081872,0.1258968709571911,130000.0
ID_3324,0.7381696835664046,0.6222147155635368,-0.3810087211999231,-0.6061199692561582,-0.15105779189909693,-0.7048561921996358,-0.6725966413608725,-0.3891001339845127,-0.62655831935096,0.5849202654881185,1.1875610551385527,0.060974101464652264,-0.8928692886374687,0.4116284137445462,0.5291531075969093,0.41214971890240915,130000.0
ID_3325,-0.8161646350152474,-1.2105851160545795,0.2782647963819663,1.3847437555789985,-0.15105779189909693,-1.6291593628116114,1.4303813893323656,1.4418094584216736,1.443526517765285,0.5849202654881185,0.24537153993183092,0.060974101464652264,1.414753553583822,-0.7376661034943781,0.3617487968646123,-0.7325456570888808,110000.0
ID_3326,-0.8879812625205259,0.6222147155635368,-0.3810087211999231,-0.9379305900620176,-0.15105779189909693,-1.6291593628116114,-0.9354688951975273,-0.9122171603862802,-0.9222847246532806,0.5849202654881185,0.056933636890486534,0.060974101464652264,-0.31596357808214603,0.1243047844348151,-1.1560502871081872,0.12693110445036931,89000.0
ID_3327,-0.6662088732273852,0.6222147155635368,-0.3810087211999231,-0.6061199692561582,-0.15105779189909693,1.1437501490243154,-0.14685213368756297,-0.6506586471853965,-0.9222847246532806,0.5849202654881185,0.6222473460145197,0.060974101464652264,-0.31596357808214603,0.1243047844348151,-1.1560502871081872,0.12394331880341,140000.0
ID_3328,-0.5980932252990657,-1.2105851160545795,0.2782647963819663,1.3847437555789985,-0.15105779189909693,1.1437501490243154,1.4303813893323656,1.4418094584216736,1.443526517765285,0.5849202654881185,0.24537153993183092,0.060974101464652264,1.414753553583822,0.4116284137445462,0.5291531075969093,0.41493640359236156,88000.0
ID_3329,-0.4848057998555397,0.6222147155635368,-0.3810087211999231,-0.9379305900620176,-0.15105779189909693,-1.6291593628116114,-0.9354688951975273,-0.9122171603862802,-0.9222847246532806,-1.5114339660212976,-0.696817975274891,-1.3767310278071516,-0.8928692886374687,0.6989520430542773,0.5769829106632773,0.6950987654110856,78000.0
ID_3330,-0.06619306672296948,-1.2105851160545795,0.2782647963819663,1.3847437555789985,-0.8917670441167587,1.1437501490243154,1.4303813893323656,1.4418094584216736,1.443526517765285,-1.5114339660212976,-1.299819265007193,-1.3767310278071516,1.414753553583822,-0.450342474184647,1.559088200292738,-0.4533026139307596,9.0
ID_3331,-0.7702713867789371,0.6222147155635368,-0.3810087211999231,-0.6061199692561582,-0.15105779189909693,0.21944697841233984,-0.6725966413608725,-0.6506586471853965,-0.62655831935096,0.5849202654881185,0.9991231520972084,0.060974101464652264,-0.31596357808214603,-1.024989732804109,-0.06871943073271414,-1.0236536567104078,140000.0
ID_3332,-1.095208581779814,2.455014547181653,4.893179419455191,1.3847437555789985,5.033906973624536,2.068053319636291,1.4303813893323656,1.4418094584216736,1.443526517765285,-1.5114339660212976,-2.752675497455958,4.374089489280064,1.414753553583822,1.5609229309834705,0.48929493837493176,1.5593732212103568,9.0
ID_3333,2.65258398089979,0.6222147155635368,-0.3810087211999231,-0.6061199692561582,-0.15105779189909693,0.21944697841233984,-0.6725966413608725,-0.6506586471853965,-0.62655831935096,-1.5114339660212976,-0.5083800722335465,0.060974101464652264,-0.8928692886374687,0.6989520430542773,0.5769829106632773,0.6930302984247292,74000.0
ID_3334,-0.06619306672296948,0.6222147155635368,-0.3810087211999231,0.05750127235556074,-0.15105779189909693,1.1437501490243154,-0.6725966413608725,-0.6506586471853965,-0.62655831935096,-1.5114339660212976,-1.0360062007493107,0.060974101464652264,-0.8928692886374687,-0.450342474184647,1.559088200292738,-0.45456667708908854,56000.0
ID_3335,-0.6082378746751949,0.6222147155635368,-0.3810087211999231,0.05750127235556074,-0.15105779189909693,1.1437501490243154,-0.14685213368756297,-0.6506586471853965,-0.62655831935096,0.5849202654881185,-0.5083800722335465,0.060974101464652264,-0.8928692886374687,-0.450342474184647,-0.47686708356573715,-0.4522971091457252,110000.0
ID_3336,-1.095208581779814,2.455014547181653,4.893179419455191,1.3847437555789985,5.033906973624536,2.068053319636291,1.4303813893323656,1.4418094584216736,1.443526517765285,-1.5114339660212976,-2.752675497455958,4.374089489280064,1.414753553583822,1.2735993016737392,-0.7128274453598268,1.2714253794846524,9.0
ID_3337,-0.7347210546818074,0.6222147155635368,-0.3810087211999231,-0.2743093484502987,-0.15105779189909693,0.21944697841233984,-0.6725966413608725,-0.6506586471853965,-0.9222847246532806,0.5849202654881185,-0.3199421691922022,0.060974101464652264,-0.8928692886374687,-1.3123133621138403,-0.020889627666346104,-1.3134975931736057,120000.0
ID_3338,0.4625183014140505,-1.2105851160545795,0.2782647963819663,1.3847437555789985,-0.15105779189909693,0.21944697841233984,1.4303813893323656,1.4418094584216736,1.443526517765285,0.5849202654881185,2.1297505703452746,0.060974101464652264,1.414753553583822,0.1243047844348151,-1.1560502871081872,0.12868355564714354,160000.0
ID_3339,-0.3902600909304541,0.6222147155635368,-0.3810087211999231,-0.6061199692561582,-0.15105779189909693,-1.6291593628116114,-0.6725966413608725,-0.6506586471853965,-0.62655831935096,-1.5114339660212976,-0.9606310395327731,-1.3767310278071516,-0.8928692886374687,-1.024989732804109,0.19912746643895535,-1.0292844835066002,66000.0
ID_3340,0.833563533644543,0.6222147155635368,-0.3810087211999231,-0.6061199692561582,-0.15105779189909693,0.21944697841233984,-0.14685213368756297,-0.3891001339845127,-0.62655831935096,0.5849202654881185,1.752874764262586,0.060974101464652264,-0.8928692886374687,-0.7376661034943781,0.3617487968646123,-0.7357920011091347,150000.0
ID_3341,-0.6543238822644718,0.6222147155635368,-0.3810087211999231,-0.6061199692561582,-0.15105779189909693,1.1437501490243154,-0.6725966413608725,-0.6506586471853965,-0.62655831935096,0.5849202654881185,1.1875610551385527,0.060974101464652264,-0.31596357808214603,-1.5996369914235713,0.3856636983977981,-1.5994056966210977,130000.0
ID_3342,-0.15894886737050795,-1.2105851160545795,-0.3810087211999231,-0.2743093484502987,-0.15105779189909693,1.1437501490243154,-0.14685213368756297,-0.6506586471853965,-0.62655831935096,-1.5114339660212976,-1.1867565231823862,0.060974101464652264,-0.8928692886374687,1.5609229309834705,0.48929493837493176,1.5551213724050685,60000.0
ID_3343,3.0160730464939918,-1.2105851160545795,-0.3810087211999231,0.05750127235556074,-0.15105779189909693,0.21944697841233984,-0.6725966413608725,-0.6506586471853965,-0.3308319140486392,-1.5114339660212976,-0.5083800722335465,0.060974101464652264,-0.8928692886374687,-1.024989732804109,0.19912746643895535,-1.0290833825495933,70000.0
ID_3344,-0.5249438045532752,0.6222147155635368,-0.3810087211999231,-0.6061199692561582,-0.15105779189909693,-0.7048561921996358,-0.6725966413608725,-0.6506586471853965,-0.9222847246532806,-1.5114339660212976,-0.696817975274891,0.060974101464652264,-0.8928692886374687,1.5609229309834705,0.48929493837493176,1.5552650159457877,88000.0
ID_3345,2.098301707739227,-1.2105851160545795,0.2782647963819663,1.3847437555789985,-0.15105779189909693,0.21944697841233984,1.4303813893323656,1.4418094584216736,1.443526517765285,-1.5114339660212976,-0.3199421691922022,0.060974101464652264,1.414753553583822,-1.3123133621138403,-0.10220029287917282,-1.3152500443703798,75000.0
ID_3346,-0.6904139405499081,0.6222147155635368,-0.3810087211999231,-0.6061199692561582,-0.15105779189909693,-0.7048561921996358,-0.6725966413608725,-0.6506586471853965,-0.62655831935096,0.5849202654881185,1.1875610551385527,0.060974101464652264,-0.8928692886374687,-1.024989732804109,-0.06871943073271414,-1.0245442466628667,140000.0
ID_3347,-0.7252097574654258,0.6222147155635368,-0.3810087211999231,-0.6061199692561582,-0.15105779189909693,-0.7048561921996358,-0.6725966413608725,-0.6506586471853965,-0.62655831935096,0.5849202654881185,-0.696817975274891,0.060974101464652264,-0.8928692886374687,0.9862756723640083,0.9341121068921712,0.9857758344104549,110000.0
ID_3348,-0.6662088732273852,0.6222147155635368,-0.3810087211999231,-0.9379305900620176,-0.15105779189909693,1.1437501490243154,-0.9354688951975273,-0.9122171603862802,-0.62655831935096,0.5849202654881185,0.24537153993183092,0.060974101464652264,-0.8928692886374687,0.1243047844348151,-1.1560502871081872,0.1258106848327596,130000.0
ID_3349,-0.5812791023102916,-1.2105851160545795,0.2782647963819663,1.3847437555789985,-0.15105779189909693,1.1437501490243154,1.4303813893323656,1.4418094584216736,1.443526517765285,0.5849202654881185,-0.696817975274891,-1.3767310278071516,1.414753553583822,-0.7376661034943781,0.3617487968646123,-0.7333213322087644,130000.0
ID_3350,0.4625183014140505,0.6222147155635368,0.2782647963819663,1.3847437555789985,-0.15105779189909693,0.21944697841233984,1.4303813893323656,1.4418094584216736,1.443526517765285,0.5849202654881185,0.9991231520972084,0.060974101464652264,1.414753553583822,0.1243047844348151,-1.1560502871081872,0.12819516760869826,150000.0
ID_3351,-0.8879812625205259,-1.2105851160545795,-0.3810087211999231,-0.9379305900620176,-0.15105779189909693,-1.6291593628116114,-0.9354688951975273,-0.9122171603862802,-0.62655831935096,0.5849202654881185,0.24537153993183092,-1.3767310278071516,-0.8928692886374687,0.1243047844348151,-1.1560502871081872,0.126988561866657,240000.0
ID_3352,-0.8478322430026209,2.455014547181653,4.893179419455191,1.3847437555789985,5.033906973624536,2.068053319636291,1.4303813893323656,1.4418094584216736,1.443526517765285,0.5849202654881185,-2.752675497455958,4.374089489280064,1.414753553583822,-1.3123133621138403,-0.020889627666346104,-1.3065739745109404,9.0
ID_3353,0.751150649136185,-1.2105851160545795,0.2782647963819663,1.3847437555789985,-0.15105779189909693,0.21944697841233984,1.4303813893323656,1.4418094584216736,1.443526517765285,0.5849202654881185,0.810685249055864,0.060974101464652264,1.414753553583822,0.6989520430542773,-0.2903308516068944,0.7046079678066965,110000.0
ID_3354,2.075313778045436,0.6222147155635368,-0.3810087211999231,-0.6061199692561582,-0.15105779189909693,0.21944697841233984,-0.6725966413608725,-0.3891001339845127,-0.62655831935096,-1.5114339660212976,-0.3199421691922022,0.060974101464652264,-0.31596357808214603,0.1243047844348151,5.06660709182652,0.11903070971081342,86000.0
ID_3355,-0.5249438045532752,-1.2105851160545795,0.2782647963819663,1.3847437555789985,-0.15105779189909693,-0.7048561921996358,1.4303813893323656,1.4418094584216736,1.443526517765285,-1.5114339660212976,-0.696817975274891,0.060974101464652264,1.414753553583822,1.5609229309834705,0.48929493837493176,1.558281530300891,83000.0
ID_3356,-0.5980932252990657,0.6222147155635368,-0.3810087211999231,-0.9379305900620176,-0.15105779189909693,1.1437501490243154,-0.9354688951975273,-0.9122171603862802,-0.9222847246532806,0.5849202654881185,0.24537153993183092,0.060974101464652264,-0.8928692886374687,0.4116284137445462,0.5291531075969093,0.4134137820607381,130000.0
ID_3357,-0.6543238822644718,0.6222147155635368,-0.3810087211999231,-0.6061199692561582,-0.15105779189909693,1.1437501490243154,-0.6725966413608725,-0.6506586471853965,-0.62655831935096,0.5849202654881185,0.43380944297317525,0.060974101464652264,-0.8928692886374687,-1.5996369914235713,0.3856636983977981,-1.5995780688699606,120000.0
ID_3358,0.7381696835664046,0.6222147155635368,-0.3810087211999231,-0.6061199692561582,-0.15105779189909693,0.21944697841233984,-0.6725966413608725,-0.6506586471853965,-0.62655831935096,0.5849202654881185,0.24537153993183092,0.060974101464652264,-0.8928692886374687,0.4116284137445462,0.5291531075969093,0.41327013852001887,120000.0
ID_3359,0.832186681123353,0.6222147155635368,-0.3810087211999231,-0.6061199692561582,-0.15105779189909693,0.21944697841233984,-0.6725966413608725,-0.6506586471853965,-0.62655831935096,0.5849202654881185,0.43380944297317525,0.060974101464652264,-0.31596357808214603,-0.16301884487491597,-0.08306837165262702,-0.16167749756264355,130000.0
ID_3360,0.751150649136185,-1.2105851160545795,0.2782647963819663,1.3847437555789985,-0.15105779189909693,0.21944697841233984,1.4303813893323656,1.4418094584216736,1.443526517765285,0.5849202654881185,0.24537153993183092,0.060974101464652264,1.414753553583822,0.6989520430542773,-0.2903308516068944,0.702194756322614,110000.0
ID_3361,-0.6012820157381421,2.455014547181653,4.893179419455191,1.3847437555789985,5.033906973624536,2.068053319636291,1.4303813893323656,1.4418094584216736,1.443526517765285,0.5849202654881185,-2.752675497455958,4.374089489280064,1.414753553583822,1.2735993016737392,0.22623102150989877,1.279555603889359,9.0
ID_3362,-0.5249438045532752,0.6222147155635368,-0.3810087211999231,-0.6061199692561582,-0.15105779189909693,-0.7048561921996358,-0.6725966413608725,-0.6506586471853965,-0.62655831935096,-1.5114339660212976,-0.696817975274891,0.060974101464652264,-0.8928692886374687,1.5609229309834705,0.48929493837493176,1.5558683188168085,88000.0
ID_3363,-0.7472393978044682,-1.2105851160545795,0.2782647963819663,1.3847437555789985,-0.15105779189909693,-0.7048561921996358,1.4303813893323656,1.4418094584216736,1.443526517765285,0.5849202654881185,1.1875610551385527,0.060974101464652264,1.414753553583822,-1.5996369914235713,0.3856636983977981,-1.5940908856144873,71000.0
ID_3364,-0.5812791023102916,-1.2105851160545795,-0.3810087211999231,-1.2697412108678772,-0.15105779189909693,1.1437501490243154,-0.9354688951975273,-0.9122171603862802,-0.62655831935096,0.5849202654881185,-0.13150426615085783,0.060974101464652264,-0.8928692886374687,-0.7376661034943781,0.3617487968646123,-0.7354759853195524,110000.0
ID_3365,-0.8879812625205259,0.6222147155635368,-0.3810087211999231,-1.2697412108678772,-0.15105779189909693,-1.6291593628116114,-0.9354688951975273,-0.9122171603862802,-0.62655831935096,0.5849202654881185,0.056933636890486534,0.060974101464652264,-0.8928692886374687,0.1243047844348151,-1.1560502871081872,0.12595432837347878,78000.0
ID_3366,2.8146615522842113,0.6222147155635368,-0.3810087211999231,0.05750127235556074,-0.15105779189909693,0.21944697841233984,0.11602012014909178,-0.6506586471853965,-0.62655831935096,-1.5114339660212976,-0.5083800722335465,0.060974101464652264,-0.31596357808214603,-0.16301884487491597,0.46538003684174956,-0.1688884033067473,76000.0
ID_3367,0.4625183014140505,0.6222147155635368,-0.3810087211999231,0.05750127235556074,-0.15105779189909693,0.21944697841233984,-0.6725966413608725,-0.6506586471853965,-0.62655831935096,0.5849202654881185,2.1297505703452746,0.060974101464652264,-0.31596357808214603,0.1243047844348151,-1.1560502871081872,0.12230578243921114,160000.0
ID_3368,2.3949142926741804,0.6222147155635368,-0.3810087211999231,0.05750127235556074,-0.15105779189909693,0.21944697841233984,-0.6725966413608725,-0.6506586471853965,-0.62655831935096,-1.5114339660212976,-0.5083800722335465,0.060974101464652264,-0.31596357808214603,-1.5996369914235713,-1.1464843264949127,-1.6034851731775228,62000.0
ID_3369,0.801703166304203,0.6222147155635368,-0.3810087211999231,-0.6061199692561582,-0.15105779189909693,0.21944697841233984,-0.6725966413608725,-0.3891001339845127,-0.62655831935096,0.5849202654881185,0.056933636890486534,0.060974101464652264,-0.31596357808214603,0.9862756723640083,0.9341121068921712,0.9870398975687839,130000.0
ID_3370,-0.27060059201886,-1.2105851160545795,-0.3810087211999231,-0.6061199692561582,-0.8917670441167587,-0.7048561921996358,-0.6725966413608725,-0.6506586471853965,-0.9222847246532806,-1.5114339660212976,-1.0736937813575798,0.060974101464652264,-0.8928692886374687,-0.16301884487491597,0.46538003684174956,-0.16788289852171293,9.0
ID_3371,-0.5453873107879066,-1.2105851160545795,0.2782647963819663,1.3847437555789985,-0.15105779189909693,-1.6291593628116114,1.4303813893323656,1.4418094584216736,1.443526517765285,-1.5114339660212976,-1.299819265007193,-1.3767310278071516,1.414753553583822,-1.3123133621138403,-0.10220029287917282,-1.3155373314518182,49500.0
ID_3372,0.6223158050233801,-1.2105851160545795,0.2782647963819663,1.3847437555789985,-0.15105779189909693,0.21944697841233984,1.4303813893323656,1.4418094584216736,1.443526517765285,0.5849202654881185,0.24537153993183092,0.060974101464652264,1.414753553583822,-1.5996369914235713,0.3856636983977981,-1.5944356301122133,80000.0
ID_3373,-0.5951963275944817,-1.2105851160545795,0.2782647963819663,1.3847437555789985,-0.15105779189909693,1.1437501490243154,1.4303813893323656,1.4418094584216736,1.443526517765285,0.5849202654881185,-0.696817975274891,-1.3767310278071516,1.414753553583822,0.9862756723640083,0.9341121068921712,0.9901713267564624,110000.0
ID_3374,-0.5804089315168994,0.6222147155635368,-0.3810087211999231,-1.2697412108678772,-0.15105779189909693,1.1437501490243154,-0.9354688951975273,-0.9122171603862802,-0.62655831935096,0.5849202654881185,0.24537153993183092,0.060974101464652264,-0.31596357808214603,-1.024989732804109,-0.06871943073271414,-1.0231652686719623,120000.0
ID_3375,-0.3902600909304541,0.6222147155635368,-0.3810087211999231,-1.2697412108678772,-0.15105779189909693,-1.6291593628116114,-0.9354688951975273,-0.9122171603862802,-0.9222847246532806,-1.5114339660212976,-1.299819265007193,-1.3767310278071516,-0.8928692886374687,-1.024989732804109,0.19912746643895535,-1.0288535528844427,65000.0
ID_3376,-0.6543238822644718,-1.2105851160545795,0.2782647963819663,1.3847437555789985,-0.15105779189909693,1.1437501490243154,1.4303813893323656,1.4418094584216736,1.443526517765285,0.5849202654881185,-0.9606310395327731,0.060974101464652264,1.414753553583822,-1.5996369914235713,0.3856636983977981,-1.5956422358542546,130000.0
ID_3377,-0.5804089315168994,-1.2105851160545795,-0.3810087211999231,-0.6061199692561582,-0.15105779189909693,1.1437501490243154,-0.6725966413608725,-0.6506586471853965,-0.62655831935096,0.5849202654881185,-0.3199421691922022,0.060974101464652264,-0.31596357808214603,-1.024989732804109,-0.06871943073271414,-1.0248889911605927,110000.0
ID_3378,-0.4820520948131594,0.6222147155635368,-0.3810087211999231,-0.6061199692561582,-0.8917670441167587,-1.6291593628116114,-0.6725966413608725,-0.6506586471853965,-0.9222847246532806,-1.5114339660212976,-0.696817975274891,-1.3767310278071516,-0.8928692886374687,-0.7376661034943781,-1.0014005905269243,-0.7417963011111971,9.0
ID_3379,-0.5951963275944817,0.6222147155635368,-0.3810087211999231,-0.2743093484502987,-0.15105779189909693,1.1437501490243154,-0.14685213368756297,-0.127541620783629,-0.3308319140486392,0.5849202654881185,-0.13150426615085783,0.060974101464652264,-0.8928692886374687,0.9862756723640083,0.9341121068921712,0.9845692286684137,130000.0
ID_3380,-0.5249438045532752,-1.2105851160545795,-0.3810087211999231,-1.2697412108678772,-0.15105779189909693,-0.7048561921996358,-0.9354688951975273,-0.9122171603862802,-0.3308319140486392,-1.5114339660212976,-0.3199421691922022,0.060974101464652264,-0.8928692886374687,1.5609229309834705,0.48929493837493176,1.5569312810181306,110000.0
ID_3381,2.65258398089979,2.455014547181653,4.893179419455191,1.3847437555789985,5.033906973624536,2.068053319636291,1.4303813893323656,1.4418094584216736,1.443526517765285,-1.5114339660212976,-2.752675497455958,4.374089489280064,1.414753553583822,0.6989520430542773,0.5769829106632773,0.6959031692391131,9.0
ID_3382,0.9328951819332859,0.6222147155635368,-0.3810087211999231,0.05750127235556074,-0.15105779189909693,0.21944697841233984,-0.6725966413608725,-0.6506586471853965,-0.62655831935096,0.5849202654881185,1.375998958179897,0.060974101464652264,-0.31596357808214603,-1.024989732804109,-0.06871943073271414,-1.0254922940316133,150000.0
ID_3383,-0.6082378746751949,0.6222147155635368,0.2782647963819663,1.3847437555789985,-0.15105779189909693,1.1437501490243154,1.4303813893323656,1.4418094584216736,1.443526517765285,0.5849202654881185,-0.5083800722335465,-1.3767310278071516,1.414753553583822,-0.450342474184647,-0.47686708356573715,-0.4458618785215051,100000.0
ID_3384,-0.7422331620374208,-1.2105851160545795,-0.3810087211999231,-0.6061199692561582,-0.15105779189909693,-0.7048561921996358,-0.6725966413608725,-0.3891001339845127,-0.62655831935096,0.5849202654881185,0.056933636890486534,0.060974101464652264,-0.8928692886374687,1.2735993016737392,0.22623102150989877,1.2744706225478992,130000.0
ID_3385,0.6223158050233801,0.6222147155635368,-0.3810087211999231,-0.6061199692561582,-0.15105779189909693,0.21944697841233984,-0.6725966413608725,-0.6506586471853965,-0.62655831935096,0.5849202654881185,1.1875610551385527,0.060974101464652264,-0.8928692886374687,-1.5996369914235713,0.3856636983977981,-1.6006984884875703,66000.0
ID_3386,-0.8376104898853053,0.6222147155635368,-0.3810087211999231,-1.2697412108678772,-0.15105779189909693,-0.7048561921996358,-0.9354688951975273,-0.9122171603862802,-0.62655831935096,0.5849202654881185,0.9991231520972084,0.060974101464652264,-0.31596357808214603,1.5609229309834705,-0.2393123950027652,1.5640272719296588,130000.0
ID_3387,-0.8161646350152474,0.6222147155635368,-0.3810087211999231,-1.2697412108678772,-0.15105779189909693,-1.6291593628116114,-0.9354688951975273,-0.9122171603862802,-0.9222847246532806,0.5849202654881185,-0.3199421691922022,0.060974101464652264,-0.31596357808214603,-0.7376661034943781,0.3617487968646123,-0.7353323417788332,100000.0
ID_3388,-0.7252097574654258,0.6222147155635368,-0.3810087211999231,-0.6061199692561582,-0.15105779189909693,-0.7048561921996358,-0.6725966413608725,-0.6506586471853965,-0.62655831935096,0.5849202654881185,0.43380944297317525,0.060974101464652264,-0.8928692886374687,0.9862756723640083,0.9341121068921712,0.9858620205348865,110000.0
ID_3389,-0.8015644908805469,0.6222147155635368,-0.3810087211999231,-0.6061199692561582,-0.15105779189909693,-0.7048561921996358,-0.6725966413608725,-0.6506586471853965,-0.62655831935096,0.5849202654881185,-0.13150426615085783,0.060974101464652264,-0.8928692886374687,0.1243047844348151,-1.1560502871081872,0.12359857430568393,110000.0
ID_3390,0.751150649136185,0.6222147155635368,-0.3810087211999231,-0.6061199692561582,-0.15105779189909693,0.21944697841233984,-0.6725966413608725,-0.6506586471853965,-0.62655831935096,0.5849202654881185,1.5644368612212416,0.060974101464652264,-0.31596357808214603,0.6989520430542773,-0.2903308516068944,0.69932188550823,180000.0
ID_3391,-0.7702713867789371,-1.2105851160545795,-0.3810087211999231,-0.6061199692561582,-0.15105779189909693,-1.6291593628116114,-0.6725966413608725,-0.6506586471853965,-0.62655831935096,0.5849202654881185,-0.13150426615085783,0.060974101464652264,-0.8928692886374687,-1.024989732804109,-0.06871943073271414,-1.0247453476198736,80000.0
ID_3392,-0.8083661423352263,0.6222147155635368,-0.3810087211999231,-0.6061199692561582,-0.15105779189909693,-1.6291593628116114,-0.6725966413608725,-0.6506586471853965,-0.62655831935096,0.5849202654881185,-0.3199421691922022,0.060974101464652264,-0.8928692886374687,0.4116284137445462,0.5291531075969093,0.41252319210827904,85000.0
ID_3393,-0.8221346675471279,0.6222147155635368,-0.3810087211999231,-1.2697412108678772,-0.15105779189909693,-1.6291593628116114,-0.9354688951975273,-0.9122171603862802,-0.62655831935096,0.5849202654881185,0.24537153993183092,0.060974101464652264,-0.8928692886374687,0.9862756723640083,0.9341121068921712,0.9887348913492704,140000.0
ID_3394,-0.7389782826773273,-1.2105851160545795,0.2782647963819663,1.3847437555789985,-0.15105779189909693,-0.7048561921996358,1.4303813893323656,1.4418094584216736,1.443526517765285,0.5849202654881185,0.6222473460145197,0.060974101464652264,1.414753553583822,-0.7376661034943781,0.3617487968646123,-0.7328904015866068,130000.0
ID_3395,-0.7479939129860804,-1.2105851160545795,0.2782647963819663,1.3847437555789985,-0.15105779189909693,-0.7048561921996358,1.4303813893323656,1.4418094584216736,1.443526517765285,0.5849202654881185,-0.3199421691922022,0.060974101464652264,1.414753553583822,-0.450342474184647,-0.47686708356573715,-0.44660882493324494,160000.0
ID_3396,-0.7036812914440965,-1.2105851160545795,-0.3810087211999231,-1.2697412108678772,-0.15105779189909693,-0.7048561921996358,-0.9354688951975273,-0.9122171603862802,-0.62655831935096,0.5849202654881185,0.6222473460145197,0.060974101464652264,-0.31596357808214603,0.4116284137445462,0.5291531075969093,0.41479276005164234,150000.0
ID_3397,2.3949142926741804,0.6222147155635368,-0.3810087211999231,-0.6061199692561582,-0.15105779189909693,0.21944697841233984,-0.6725966413608725,-0.6506586471853965,-0.9222847246532806,-1.5114339660212976,-0.13150426615085783,0.060974101464652264,-0.8928692886374687,-1.5996369914235713,-1.1464843264949127,-1.604347034421838,62000.0
ID_3398,-0.7252097574654258,-1.2105851160545795,0.2782647963819663,1.3847437555789985,-0.15105779189909693,-0.7048561921996358,1.4303813893323656,1.4418094584216736,1.443526517765285,0.5849202654881185,0.056933636890486534,0.060974101464652264,1.414753553583822,0.9862756723640083,0.9341121068921712,0.990774629627483,130000.0
ID_3399,0.4740122662609459,-1.2105851160545795,0.2782647963819663,1.3847437555789985,-0.15105779189909693,0.21944697841233984,1.4303813893323656,1.4418094584216736,1.443526517765285,0.5849202654881185,0.43380944297317525,0.060974101464652264,1.414753553583822,-1.3123133621138403,-0.020889627666346104,-1.3074071070471116,180000.0
ID_3400,-0.6662088732273852,-1.2105851160545795,-0.3810087211999231,-0.6061199692561582,-0.15105779189909693,1.1437501490243154,-0.14685213368756297,-0.6506586471853965,-0.9222847246532806,0.5849202654881185,-0.5083800722335465,-1.3767310278071516,-0.31596357808214603,0.1243047844348151,-1.1560502871081872,0.12196103794148506,130000.0
ID_3401,0.833563533644543,0.6222147155635368,-0.3810087211999231,-0.6061199692561582,-0.15105779189909693,0.21944697841233984,-0.6725966413608725,-0.6506586471853965,-0.9222847246532806,0.5849202654881185,0.24537153993183092,0.060974101464652264,-0.8928692886374687,-0.7376661034943781,0.3617487968646123,-0.7359643733579977,66000.0
ID_3402,-0.5812791023102916,-1.2105851160545795,-0.3810087211999231,-0.2743093484502987,-0.8917670441167587,1.1437501490243154,-0.14685213368756297,-0.6506586471853965,-0.62655831935096,0.5849202654881185,-0.9606310395327731,0.060974101464652264,-0.8928692886374687,-0.7376661034943781,0.3617487968646123,-0.7392681747945392,9.0
ID_3403,-0.8015644908805469,0.6222147155635368,-0.3810087211999231,-0.6061199692561582,-0.15105779189909693,-0.7048561921996358,-0.6725966413608725,-0.6506586471853965,-0.62655831935096,0.5849202654881185,0.24537153993183092,0.060974101464652264,-0.8928692886374687,0.1243047844348151,-1.1560502871081872,0.12356984559754008,130000.0
ID_3404,0.4625183014140505,-1.2105851160545795,0.2782647963819663,1.3847437555789985,-0.15105779189909693,0.21944697841233984,1.4303813893323656,1.4418094584216736,1.443526517765285,0.5849202654881185,-0.3199421691922022,0.060974101464652264,1.414753553583822,0.1243047844348151,-1.1560502871081872,0.1296603317240341,110000.0
ID_3405,-0.27060059201886,-1.2105851160545795,-0.3810087211999231,-0.6061199692561582,-0.15105779189909693,-0.7048561921996358,-0.6725966413608725,-0.6506586471853965,-0.62655831935096,-1.5114339660212976,-0.696817975274891,0.060974101464652264,-0.8928692886374687,-0.16301884487491597,0.46538003684174956,-0.16848620139273354,69000.0
ID_3406,0.6223158050233801,0.6222147155635368,-0.3810087211999231,-0.6061199692561582,-0.15105779189909693,0.21944697841233984,-0.6725966413608725,-0.6506586471853965,-0.62655831935096,0.5849202654881185,0.43380944297317525,0.060974101464652264,-0.31596357808214603,-1.5996369914235713,0.3856636983977981,-1.5984001918360633,78000.0
ID_3407,-0.27060059201886,-1.2105851160545795,-0.3810087211999231,-0.6061199692561582,-0.15105779189909693,-0.7048561921996358,-0.6725966413608725,-0.6506586471853965,-0.62655831935096,-1.5114339660212976,-0.5083800722335465,0.060974101464652264,-0.8928692886374687,-0.16301884487491597,0.46538003684174956,-0.16791162722985675,76000.0
ID_3408,0.832186681123353,-1.2105851160545795,0.2782647963819663,1.3847437555789985,-0.8917670441167587,0.21944697841233984,1.4303813893323656,1.4418094584216736,1.443526517765285,0.5849202654881185,1.5644368612212416,0.060974101464652264,1.414753553583822,-0.16301884487491597,-0.08306837165262702,-0.1592355573704172,9.0
ID_3409,-0.7347210546818074,0.6222147155635368,-0.3810087211999231,-0.6061199692561582,-0.8917670441167587,-0.7048561921996358,-0.6725966413608725,-0.3891001339845127,-0.9222847246532806,0.5849202654881185,0.056933636890486534,0.060974101464652264,-0.8928692886374687,-1.3123133621138403,-0.020889627666346104,-1.3124346309722836,9.0
ID_3410,-0.18214057123743488,0.6222147155635368,-0.3810087211999231,-0.6061199692561582,-0.15105779189909693,1.1437501490243154,-0.14685213368756297,-0.3891001339845127,-0.9222847246532806,-1.5114339660212976,-1.299819265007193,-1.3767310278071516,-0.8928692886374687,0.1243047844348151,5.06660709182652,0.11848486425608047,66000.0
ID_3411,-0.46644409463294784,0.6222147155635368,-0.3810087211999231,-0.6061199692561582,-0.15105779189909693,-1.6291593628116114,-0.6725966413608725,-0.6506586471853965,-0.62655831935096,-1.5114339660212976,-0.8852558783162353,-1.3767310278071516,-0.8928692886374687,0.4116284137445462,-1.5466603454835397,0.4072083811016687,59000.0
ID_3412,-0.6609933558771169,0.6222147155635368,-0.3810087211999231,-0.6061199692561582,-0.15105779189909693,1.1437501490243154,-0.6725966413608725,-0.6506586471853965,-0.62655831935096,0.5849202654881185,0.24537153993183092,0.060974101464652264,-0.8928692886374687,-1.3123133621138403,-0.020889627666346104,-1.311113110397667,120000.0
ID_3413,0.801703166304203,0.6222147155635368,-0.3810087211999231,0.05750127235556074,-0.15105779189909693,0.21944697841233984,-0.6725966413608725,-0.6506586471853965,-0.62655831935096,0.5849202654881185,0.9991231520972084,0.060974101464652264,-0.31596357808214603,0.9862756723640083,0.9341121068921712,0.9872122698176469,85000.0
ID_3414,0.751150649136185,-1.2105851160545795,0.2782647963819663,1.3847437555789985,-0.15105779189909693,0.21944697841233984,1.4303813893323656,1.4418094584216736,1.443526517765285,0.5849202654881185,0.43380944297317525,0.060974101464652264,1.414753553583822,0.6989520430542773,-0.2903308516068944,0.7020511127818948,140000.0
ID_3415,0.7381696835664046,-1.2105851160545795,0.2782647963819663,1.3847437555789985,-0.15105779189909693,0.21944697841233984,1.4303813893323656,1.4418094584216736,1.443526517765285,0.5849202654881185,0.24537153993183092,0.060974101464652264,1.414753553583822,0.4116284137445462,0.5291531075969093,0.41622919545883436,120000.0
ID_3416,-0.5812791023102916,-1.2105851160545795,0.2782647963819663,1.3847437555789985,-0.15105779189909693,1.1437501490243154,1.4303813893323656,1.4418094584216736,1.443526517765285,0.5849202654881185,0.24537153993183092,0.060974101464652264,1.414753553583822,-0.7376661034943781,0.3617487968646123,-0.7345279379508057,110000.0
ID_3417,-0.32767388272723436,-1.2105851160545795,-0.3810087211999231,-0.6061199692561582,-0.15105779189909693,-0.7048561921996358,-0.6725966413608725,-0.6506586471853965,-0.62655831935096,-1.5114339660212976,-1.5071009583526718,-1.3767310278071516,-0.31596357808214603,-0.7376661034943781,-1.0014005905269243,-0.7420261307763478,43600.0
ID_3418,-0.8253454876265434,-1.2105851160545795,-0.3810087211999231,-1.2697412108678772,-0.8917670441167587,-1.6291593628116114,-0.9354688951975273,-0.9122171603862802,-0.9222847246532806,0.5849202654881185,-0.696817975274891,0.060974101464652264,-0.8928692886374687,-0.450342474184647,-0.47686708356573715,-0.4482176325893,9.0
ID_3419,-0.6546157749989641,-1.2105851160545795,-0.3810087211999231,-0.2743093484502987,-0.15105779189909693,1.1437501490243154,-0.14685213368756297,-0.6506586471853965,-0.62655831935096,0.5849202654881185,-0.5083800722335465,-1.3767310278071516,-0.8928692886374687,1.5609229309834705,-0.2393123950027652,1.5600052527895214,160000.0
ID_3420,0.7381696835664046,0.6222147155635368,-0.3810087211999231,-0.6061199692561582,-0.15105779189909693,0.21944697841233984,-0.6725966413608725,-0.3891001339845127,-0.9222847246532806,0.5849202654881185,2.1297505703452746,0.060974101464652264,-0.8928692886374687,0.4116284137445462,0.5291531075969093,0.41056963995449797,210000.0
ID_3421,-0.8879812625205259,0.6222147155635368,-0.3810087211999231,-1.2697412108678772,-0.15105779189909693,-1.6291593628116114,-0.9354688951975273,-0.9122171603862802,-0.62655831935096,0.5849202654881185,0.43380944297317525,0.060974101464652264,-0.8928692886374687,0.1243047844348151,-1.1560502871081872,0.12707474799108853,240000.0
ID_3422,-0.7472393978044682,0.6222147155635368,-0.3810087211999231,-0.6061199692561582,-0.15105779189909693,-0.7048561921996358,-0.6725966413608725,-0.6506586471853965,-0.9222847246532806,0.5849202654881185,0.6222473460145197,0.060974101464652264,-0.8928692886374687,-1.5996369914235713,0.3856636983977981,-1.5998940846595429,170000.0
ID_3423,-0.7479939129860804,0.6222147155635368,-0.3810087211999231,-0.6061199692561582,-0.15105779189909693,-0.7048561921996358,-0.6725966413608725,-0.6506586471853965,-0.62655831935096,0.5849202654881185,-0.696817975274891,0.060974101464652264,-0.8928692886374687,-0.450342474184647,-0.47686708356573715,-0.4508894024466771,110000.0
ID_3424,0.9328951819332859,0.6222147155635368,-0.3810087211999231,-0.6061199692561582,-0.15105779189909693,0.21944697841233984,-0.6725966413608725,-0.6506586471853965,-0.9222847246532806,0.5849202654881185,1.5644368612212416,0.060974101464652264,-0.31596357808214603,-1.024989732804109,-0.06871943073271414,-1.0260668681944902,120000.0
ID_3425,0.4625183014140505,-1.2105851160545795,0.2782647963819663,1.3847437555789985,-0.15105779189909693,0.21944697841233984,1.4303813893323656,1.4418094584216736,1.443526517765285,0.5849202654881185,0.056933636890486534,0.060974101464652264,1.414753553583822,0.1243047844348151,-1.1560502871081872,0.12744822119695842,86000.0
ID_3426,-0.27060059201886,0.6222147155635368,-0.3810087211999231,0.05750127235556074,-0.15105779189909693,-0.7048561921996358,-0.6725966413608725,-0.6506586471853965,-0.62655831935096,-1.5114339660212976,-0.3199421691922022,-1.3767310278071516,-0.8928692886374687,-0.16301884487491597,0.46538003684174956,-0.1683138291438705,67000.0
ID_3427,-0.6662088732273852,0.6222147155635368,-0.3810087211999231,-0.2743093484502987,-0.15105779189909693,1.1437501490243154,-0.14685213368756297,-0.6506586471853965,-0.62655831935096,0.5849202654881185,-0.696817975274891,0.060974101464652264,-0.8928692886374687,0.1243047844348151,-1.1560502871081872,0.12201849535777275,140000.0
ID_3428,0.9328951819332859,0.6222147155635368,-0.3810087211999231,-0.9379305900620176,-0.15105779189909693,0.21944697841233984,-0.9354688951975273,-0.9122171603862802,-0.62655831935096,0.5849202654881185,0.43380944297317525,0.060974101464652264,-0.31596357808214603,-1.024989732804109,-0.06871943073271414,-1.0229928964230994,130000.0
ID_3429,-0.5453873107879066,-1.2105851160545795,-0.3810087211999231,-1.2697412108678772,-0.15105779189909693,-1.6291593628116114,-0.9354688951975273,-0.9122171603862802,-0.9222847246532806,-1.5114339660212976,-1.0360062007493107,-1.3767310278071516,-0.8928692886374687,-1.3123133621138403,-0.10220029287917282,-1.3160544481984073,55000.0
ID_3430,-0.25707990026077276,-1.2105851160545795,-0.3810087211999231,-1.2697412108678772,-0.15105779189909693,-0.7048561921996358,-0.9354688951975273,-0.9122171603862802,-0.62655831935096,-1.5114339660212976,-0.696817975274891,0.060974101464652264,-0.8928692886374687,0.4116284137445462,-1.5466603454835397,0.40766804043197014,82000.0
ID_3431,-0.6546157749989641,-1.2105851160545795,0.2782647963819663,1.3847437555789985,-0.15105779189909693,1.1437501490243154,1.4303813893323656,1.4418094584216736,1.443526517765285,0.5849202654881185,0.6222473460145197,0.060974101464652264,1.414753553583822,1.5609229309834705,-0.2393123950027652,1.5653200637961318,150000.0
ID_3432,2.6415691607302696,0.6222147155635368,-0.3810087211999231,0.05750127235556074,-0.15105779189909693,0.21944697841233984,-0.6725966413608725,-0.6506586471853965,-0.62655831935096,-1.5114339660212976,-0.5083800722335465,0.060974101464652264,-0.31596357808214603,1.2735993016737392,-0.7128274453598268,1.2692994550820083,110000.0
ID_3433,-0.8175414875364376,0.6222147155635368,-0.3810087211999231,-0.6061199692561582,-0.15105779189909693,-1.6291593628116114,-0.6725966413608725,-0.6506586471853965,-0.62655831935096,0.5849202654881185,0.056933636890486534,0.060974101464652264,-0.8928692886374687,0.6989520430542773,-0.2903308516068944,0.6971385036892982,120000.0
ID_3434,-0.6307521671016962,0.6222147155635368,-0.3810087211999231,-0.9379305900620176,-0.8917670441167587,-1.6291593628116114,-0.9354688951975273,-0.9122171603862802,-0.9222847246532806,-1.5114339660212976,-0.9229434589245042,-1.3767310278071516,-0.31596357808214603,1.5609229309834705,0.48929493837493176,1.5570461958507058,9.0
ID_3435,-0.6904139405499081,-1.2105851160545795,0.2782647963819663,1.3847437555789985,-0.15105779189909693,-0.7048561921996358,1.4303813893323656,1.4418094584216736,1.443526517765285,0.5849202654881185,0.6222473460145197,0.060974101464652264,1.414753553583822,-1.024989732804109,-0.06871943073271414,-1.0200625681924278,130000.0
ID_3436,-0.18214057123743488,0.6222147155635368,-0.3810087211999231,-0.2743093484502987,-0.15105779189909693,1.1437501490243154,-0.14685213368756297,-0.6506586471853965,-0.3308319140486392,-1.5114339660212976,-1.1867565231823862,-1.3767310278071516,-0.8928692886374687,0.1243047844348151,5.06660709182652,0.11842740683979279,68000.0
ID_3437,-0.7104388836180978,-1.2105851160545795,0.2782647963819663,1.3847437555789985,-0.15105779189909693,-0.7048561921996358,1.4303813893323656,1.4418094584216736,1.443526517765285,0.5849202654881185,0.24537153993183092,0.060974101464652264,1.414753553583822,-0.16301884487491597,-0.08306837165262702,-0.15843115354238968,120000.0
ID_3438,-0.8478322430026209,-1.2105851160545795,0.2782647963819663,1.3847437555789985,-0.15105779189909693,-1.6291593628116114,1.4303813893323656,1.4418094584216736,1.443526517765285,0.5849202654881185,-0.3199421691922022,0.060974101464652264,1.414753553583822,-1.3123133621138403,-0.020889627666346104,-1.3075794792959747,92000.0
ID_3439,2.4134026683287213,0.6222147155635368,-0.3810087211999231,-0.6061199692561582,-0.15105779189909693,0.21944697841233984,-0.6725966413608725,-0.6506586471853965,-0.62655831935096,-1.5114339660212976,-0.5083800722335465,0.060974101464652264,-0.8928692886374687,-0.450342474184647,1.559088200292738,-0.45436557613208167,110000.0
ID_3440,-0.6543238822644718,0.6222147155635368,-0.3810087211999231,-0.2743093484502987,-0.15105779189909693,1.1437501490243154,-0.6725966413608725,-0.6506586471853965,-0.62655831935096,0.5849202654881185,1.1875610551385527,0.060974101464652264,-0.31596357808214603,-1.5996369914235713,0.3856636983977981,-1.6015890784400295,200000.0
ID_3441,-0.25707990026077276,0.6222147155635368,-0.3810087211999231,-1.2697412108678772,-0.15105779189909693,-0.7048561921996358,-0.9354688951975273,-0.9122171603862802,-0.62655831935096,-1.5114339660212976,-0.5083800722335465,0.060974101464652264,-0.8928692886374687,0.4116284137445462,-1.5466603454835397,0.40809897105412773,80000.0
ID_3442,0.7381696835664046,-1.2105851160545795,0.2782647963819663,1.3847437555789985,-0.15105779189909693,0.21944697841233984,1.4303813893323656,1.4418094584216736,1.443526517765285,0.5849202654881185,0.9991231520972084,0.060974101464652264,1.414753553583822,0.4116284137445462,0.5291531075969093,0.4153386055063753,96000.0
ID_3443,-0.6302675150142374,0.6222147155635368,-0.3810087211999231,-0.6061199692561582,-0.15105779189909693,1.1437501490243154,-0.14685213368756297,-0.6506586471853965,-0.9222847246532806,0.5849202654881185,0.24537153993183092,0.060974101464652264,-0.31596357808214603,0.6989520430542773,-0.2903308516068944,0.6988334974697847,130000.0
ID_3444,0.7456432390514247,-1.2105851160545795,0.2782647963819663,1.3847437555789985,-0.15105779189909693,0.21944697841233984,1.4303813893323656,1.4418094584216736,1.443526517765285,0.5849202654881185,1.1875610551385527,0.060974101464652264,1.414753553583822,1.2735993016737392,0.22623102150989877,1.2781766258984546,210000.0
ID_3445,2.098301707739227,0.6222147155635368,-0.3810087211999231,0.05750127235556074,-0.15105779189909693,0.21944697841233984,-0.6725966413608725,-0.6506586471853965,-0.62655831935096,-1.5114339660212976,-0.5083800722335465,0.060974101464652264,-0.8928692886374687,-1.3123133621138403,-0.10220029287917282,-1.3162842778635582,70000.0
ID_3446,0.7381696835664046,0.6222147155635368,-0.3810087211999231,0.05750127235556074,-0.15105779189909693,0.21944697841233984,-0.6725966413608725,-0.6506586471853965,-0.62655831935096,0.5849202654881185,0.24537153993183092,0.060974101464652264,-0.31596357808214603,0.4116284137445462,0.5291531075969093,0.413069037563012,130000.0
ID_3447,-0.30013683230343124,2.455014547181653,4.893179419455191,1.3847437555789985,5.033906973624536,2.068053319636291,1.4303813893323656,1.4418094584216736,1.443526517765285,-1.5114339660212976,-2.752675497455958,4.374089489280064,1.414753553583822,0.9862756723640083,-2.2290322025637495,0.9838222822566738,9.0
ID_3448,-0.23054519847239607,0.6222147155635368,-0.3810087211999231,-0.6061199692561582,-0.15105779189909693,-0.7048561921996358,-0.6725966413608725,-0.6506586471853965,-0.62655831935096,-1.5114339660212976,-0.696817975274891,0.060974101464652264,-0.8928692886374687,-1.024989732804109,0.19912746643895535,-1.0293706696310319,64000.0
